997
1982
24866
5167
24910
6987
19637
4098
7787
3444
18432
15893
29849
10484
23965
32296
1513
941
6073
3648
17048
3575
8729
13472
15155
11320
19807
17909
24062
3765
22410
23505
9111
15271
7613
20314
28375
32658
6977
19524
9209
14290
22988
4092
15102
11126
14084
10534
20815
26194
9023
19274
32421
19024
15757
2762
28966
19207
28920
5400
5329
1935
30474
14629
18971
13971
25488
21533
28634
6311
7582
30289
17507
25820
27091
21621
25071
25490
27102
22795
23108
11150
13633
27167
13713
13645
28501
14133
22681
14487
32399
9088
5651
2135
18689
8276
28497
24745
6692
3038
18465
23349
5588
26643
4593
32188
23708
32230
12854
5872
17716
16574
10254
23945
20296
1575
13603
1429
13179
26055
3539
16399
13484
21909
21647
22708
5752
22085
25729
26130
23808
17414
12146
16354
14828
8048
13034
12183
19120
25272
18585
3895
3085
14119
22005
19050
9947
7882
7973
30161
31239
26218
16670
28824
1496
29630
5900
17487
7286
17376
3827
14069
31660
11774
12694
17238
13293
15954
24984
27544
149
15700
5601
6672
30066
14126
4931
1114
9603
6000
26973
17576
9983
11525
14016
7514
6297
10854
30801
6863
3075
30221
26607
1915
31153
24365
11861
26170
8671
2720
27713
26340
32469
11296
24278
2338
11370
24507
9022
24960
26823
14209
23957
13507
4717
20864
18178
23932
18298
2546
26407
12253
2599
7604
31932
20428
3734
20730
22902
11574
5579
28226
13614
6822
31224
12678
15423
12822
20477
29622
23856
31749
16943
10853
6547
3273
2136
4035
24108
3111
8448
1739
9814
23329
12267
4029
28323
19471
9699
24783
15043
8433
5560
30495
12967
17412
23172
13293
6885
28307
29491
23047
11359
12816
14147
32644
3872
5987
18633
18357
31878
18562
26549
31065
19622
30786
2646
17680
29420
31853
24353
20499
11778
19988
7086
22305
28403
25638
15619
32189
15249
7234
7445
7574
4116
9674
396
10823
1027
9017
1991
32064
13912
30134
4640
7684
17631
26345
6769
23190
21215
9485
3543
17453
25340
17734
5557
25647
2140
16437
29180
15709
13065
7370
18602
27979
7062
15706
3729
532
4614
754
27994
22603
13289
15082
19145
5429
19912
2749
21827
4405
27587
19992
14733
18055
23929
6960
26070
6193
12584
24921
32248
1335
27157
21973
25851
7183
30255
8937
32730
16980
9967
3382
5514
9407
12674
839
28729
25426
31274
19303
9172
19926
12002
17333
7627
17544
30017
26746
25112
4368
12192
5305
6526
19378
7551
12552
21774
8392
23333
17567
10992
2672
1159
7343
4192
21122
32619
32245
5367
28869
12493
5262
25388
6498
8578
5645
10778
3992
22043
18891
21636
4274
24076
27518
12566
27446
24078
7181
28653
5728
6593
21667
6490
24014
16534
4099
25059
30077
492
7707
32651
2548
11385
21979
25684
8383
23788
6471
513
23839
32720
24523
31520
32000
10932
15055
25928
8747
4233
2188
160
15293
5451
18718
2208
9176
17636
18906
540
17816
12621
6881
10878
24393
31734
757
27731
13527
3688
25996
32009
18053
17961
20259
2038
24546
6111
7125
2717
4858
28089
27692
17965
29641
17675
23607
27211
10229
20280
12509
23825
7868
6613
28528
17495
1322
523
4998
13361
19088
30525
22276
9912
18739
20715
16507
8462
26433
15319
27576
10652
17417
614
16534
29598
17770
13384
3095
25570
6540
29019
12211
21196
207
23501
23280
12190
29697
30082
819
26870
31444
27829
3542
16025
18063
7137
24698
24686
25859
16610
19359
32462
8129
12119
882
12283
23434
588
6885
20205
3079
4374
13573
14165
4026
11133
24713
732
2101
24865
20902
11179
650
22550
28203
14385
1026
30418
24521
21536
20242
25929
8370
31417
29834
10582
13927
5706
1296
25181
3786
14581
30413
26671
13179
21170
4966
20781
18273
2199
558
9137
647
4440
17050
13993
8234
15114
10997
1413
29456
32300
16212
31572
5147
16871
29901
31017
24349
13717
13540
7108
12782
25473
13638
1134
8636
24813
30650
10533
6819
16218
1620
28665
7549
8963
16363
6582
4092
8875
18638
16323
21238
21656
29619
26954
4863
11488
14064
31641
1853
4323
494
2505
4728
17433
1754
18333
31345
4622
19613
9132
10613
22954
7439
19651
11825
23990
9063
9861
28104
32412
20215
29012
15395
16750
19990
10613
20105
18474
13661
24942
15471
7997
10006
7091
657
1093
3825
26498
15425
2587
17913
17676
1791
15889
12999
5333
17483
12920
14837
5725
11703
4710
4822
14848
28480
8886
21604
18971
15326
21583
20090
12144
4186
19370
836
21708
6240
398
21747
28135
27093
24862
15285
9611
2666
1814
6116
30456
29554
1618
29821
13960
2033
21904
19925
3471
12533
19062
12423
28037
5161
17879
17585
15975
6311
30002
6496
19546
11790
19835
17480
14482
2516
8990
10681
29042
20190
834
206
30196
21326
12874
26600
26700
30877
29602
7514
13256
18921
32440
12390
18939
21648
17736
15977
15130
28413
28381
4178
11686
25026
11669
11352
31051
9959
20516
12269
26889
13186
13595
1517
26769
32648
875
19740
8434
16355
19492
719
18548
1733
31107
17897
10692
15931
12076
17929
9810
12549
32692
13058
14328
5541
7010
16524
13788
20406
23607
4665
24727
23423
21291
9130
31127
6088
15034
258
27073
25068
29343
25499
15195
14384
26848
1784
27434
22099
5130
18939
21719
103
25278
28760
16024
28639
17516
6218
18444
5864
12127
14469
16486
11773
18426
14955
10189
16309
3393
1154
24579
9952
11931
2342
20549
13011
28373
11643
115
26112
14443
7334
28529
714
18179
23357
10445
23191
2619
12027
23970
4902
9636
11961
1212
22051
12814
3737
17916
7928
9223
31877
13566
6887
31646
8408
7930
20309
8557
5978
28648
31337
5334
29810
29416
25046
20364
10903
29152
1013
597
25608
30823
24343
3855
9405
15842
17177
25585
18589
31468
24889
7188
12785
11772
3623
2354
15385
4929
27232
2733
18045
21457
25783
21971
27591
12291
19252
4960
14672
10521
24098
30276
31447
28195
6500
12199
28281
4128
10248
25643
29917
16741
13855
1649
4528
9283
5323
15070
20561
27876
25753
10399
24781
23158
14865
23530
269
19339
28812
7559
1614
29120
8006
25488
6866
26781
25780
16245
981
13245
31768
27970
963
26671
20818
26661
11432
1307
1785
10283
14056
16297
8874
