967
3550
27928
17973
30383
4415
24393
30444
23022
26008
19763
15496
27207
25407
20843
7325
22295
31722
22364
21302
12612
28087
4668
15876
14800
10095
24639
700
32430
16907
28170
29882
14804
13175
11882
32234
9873
7831
31302
3816
16673
25736
27858
23142
9343
23336
20486
24527
31354
19672
11599
2345
12811
9600
22148
24640
28646
28884
31515
7937
27983
3542
7581
7972
14639
15260
32087
27918
3943
25428
18515
501
14948
17285
10630
26949
13043
24728
1867
21826
29271
24214
1552
26351
10906
10291
9039
11567
22816
1804
31937
7979
26498
4397
6094
5619
20121
4054
15687
2408
28632
17279
15703
5209
6367
10521
12215
1004
25934
9367
1058
30272
29399
13485
30473
19536
7064
5079
16007
29467
10919
27294
919
18434
16110
30487
31621
7281
20537
19884
13730
7361
2701
5918
28988
7773
29628
28619
4045
6436
3894
19501
30579
20495
29730
1700
31136
27924
2477
31349
4627
5194
23970
20498
4615
12877
18748
24220
2986
2532
22584
18086
4560
17633
9773
10812
8169
3145
9760
9763
15920
27573
2131
28771
13862
1016
12895
16387
27455
20738
32130
25108
11227
1797
12090
8177
3703
19158
24595
23236
12069
18837
17597
76
24889
29584
3425
15582
10566
24165
20277
3754
4937
4711
11343
7744
14627
18243
11703
83
3405
21476
959
17596
15815
21907
8343
30401
17233
21091
24860
29336
28894
23244
14321
13351
5958
28310
3793
782
4411
10488
21027
8167
19326
30722
23247
22220
7506
25400
10833
6938
1330
9600
11532
4213
7615
7742
30432
9485
24316
23997
11774
8479
32701
20689
6139
20414
2909
20410
32036
9427
32688
5196
22034
1123
1848
23373
30590
3856
9116
13599
12374
6115
23637
18846
3599
10056
17835
4940
15166
12122
29664
21932
11362
21857
11947
21227
3844
29849
30952
1221
12035
15926
16525
23719
17961
6820
19168
20241
27137
12307
12519
11839
3053
12851
32
6152
16243
24380
21363
31494
15064
20018
30821
30455
17904
29287
29838
7267
2868
30785
32589
20352
32533
24381
17338
21074
20880
30004
32476
14870
7683
5854
19997
21473
19775
22932
16890
15493
24030
602
2303
12212
1751
28188
18163
21096
26703
20280
27728
31873
16050
25661
8694
17840
19459
3058
7455
22933
27504
23195
28566
22308
810
5239
10276
16205
18547
12685
22347
14044
2553
20137
19511
8094
29794
12193
7666
19653
1320
14044
21719
22157
8103
30229
18505
20768
30836
15453
1189
27319
19185
17759
19828
13571
3358
28136
4070
7627
5554
4519
22908
23254
26731
30257
9988
19723
7330
26439
8138
7895
4642
26716
4365
8655
26682
8018
15792
12183
27409
23685
22066
4610
27450
25610
11488
13946
13192
23609
31305
12451
4388
1384
17907
20539
8668
7930
18252
20037
23742
7577
21219
21862
2278
5823
10200
27023
5780
1403
12690
29404
3714
19570
4527
28604
2932
6436
1601
4691
29200
3184
55
19740
23280
19546
32281
4819
25334
25357
32505
19858
21983
3868
8614
20794
26395
26893
17442
19732
27868
536
14166
184
20846
24620
23301
14382
11974
31539
13823
21332
18525
8087
24215
23679
22335
23045
18262
29285
23646
20593
17393
2363
27949
11354
23161
18202
11882
31311
13522
32679
28987
8882
18022
4851
9853
24508
31258
13216
7257
21697
31874
22598
14872
10933
30288
23572
11832
22000
19219
4795
17087
26926
12318
21383
19407
6618
12229
16335
25723
22924
27856
18576
28121
10448
14889
14165
1112
1833
23256
15962
24404
9301
32305
21488
20200
14035
19532
23843
19460
7075
5814
27547
20159
9037
358
4800
24302
12324
14323
6178
4853
2508
772
791
28893
2554
20999
20390
26023
1659
3366
18595
18144
7288
17270
19740
4726
16632
2418
1268
24778
15014
7081
18638
15622
26837
6579
16684
22449
31681
28009
216
18305
535
12886
7812
19568
28600
12648
4525
18705
442
17643
22213
26149
9136
14520
7824
5226
14892
31402
3279
24755
30338
12114
18972
20029
6094
32492
27925
11073
15672
11921
32444
5062
11638
22958
7710
5817
14227
24500
1843
12607
4335
23057
262
5194
21640
11872
30485
26731
1911
4316
16891
999
18110
2843
25420
18188
576
23289
14529
4805
26897
15826
27285
3437
27376
31732
6446
10721
29458
18515
3584
9433
16418
18559
29615
27768
32133
22740
22899
9761
482
24816
1473
18061
22242
19563
23592
28698
28212
31682
23161
2918
10197
16787
28970
19997
3470
16400
15100
9231
26558
15022
22492
11910
3929
12317
28423
19926
8497
20605
7282
26933
30324
9167
19817
26829
1654
29865
20598
5648
5553
21294
7300
22092
22027
17470
4932
29567
23639
28906
17104
26476
3869
27179
27279
23790
29342
21715
18264
23437
30227
4547
27354
20815
9782
13919
8763
28368
26883
26943
12287
2453
9920
30503
23852
30878
1083
13370
9643
7994
4691
32106
1010
6688
5817
28211
8160
17082
20984
7817
25832
31940
26291
32015
17266
534
17966
6537
8574
8382
17937
29588
16011
8018
17256
8597
3767
15237
30445
25583
20775
30455
24202
30841
26025
9810
24602
16943
9624
30354
2416
6439
17409
23716
4506
22215
30979
9011
32614
29238
31868
2751
6438
16656
5090
12271
433
12382
14190
11304
9898
2501
4736
9310
25605
6397
25407
14890
198
17797
32127
4893
26892
29845
29929
27221
18767
18261
12885
24653
28390
2380
30843
31993
4556
25371
7115
6163
27555
9579
29081
7088
16377
16420
14973
21782
14795
14815
3066
18385
16967
15263
32093
14084
13526
1211
7144
22782
5210
23327
27184
26893
9652
19381
28356
2967
5002
20253
5647
14438
32583
9892
27520
8004
9059
1396
28136
15048
27364
23048
803
1391
8741
19427
20218
1262
9430
16770
29000
8135
11588
655
28508
28955
10458
19031
19615
3775
13800
24190
5750
30098
11940
32241
26474
4109
25967
15389
9607
2843
30297
7263
1
27947
20966
443
28702
9092
25875
18128
16719
31193
660
4619
25760
12318
29024
14876
4947
8858
17519
20134
1224
14396
24514
6459
15265
2866
20133
10887
11811
32696
20273
18379
19934
15662
14100
19598
12944
15726
5525
21647
27719
