948
4596
19047
4665
1263
13622
5719
15239
22257
30129
20651
15232
25446
24433
18762
1600
25227
19474
11380
11226
9655
737
12883
6557
25486
9278
27859
150
5240
25669
10164
1365
29522
22701
3806
7412
30307
24047
3828
15190
21649
22443
9259
13997
27348
20552
2909
1087
5612
15324
2393
12905
21583
25163
15486
17380
17510
13490
11400
20551
21240
4614
3241
3533
11751
16120
25564
10329
20250
5404
3958
2487
13242
11595
21501
30501
5025
2374
28734
10258
11535
155
26266
14885
30879
29901
28833
9857
22906
4271
20706
7240
7627
5905
30464
25693
25459
1182
10761
12911
13565
2309
11524
1843
29396
6999
4553
2032
23731
11696
11798
28481
20318
17434
26334
31511
2704
29358
17892
31741
4916
1789
3465
27040
1495
24750
16098
8334
27998
15720
17934
11582
29172
31730
16583
18513
29767
6808
4918
26647
26868
29905
16140
2901
2111
1056
12494
8517
9736
10296
30576
13023
17915
14947
6694
12631
16390
28708
119
3559
2320
20763
8339
32462
29672
17450
26598
5529
32379
30678
4589
2721
32587
10736
24905
25045
18204
4724
28434
19641
2800
30129
1133
28079
10806
8618
12897
24694
9535
23229
7142
11248
22513
31618
9791
296
19647
19446
906
27539
15321
21465
19350
22166
2719
11348
5876
3145
24412
5343
20561
4475
7473
20322
12291
758
23631
1946
5601
22531
12905
18879
13656
11825
24426
19556
18363
595
12899
4510
14555
31432
15047
9064
472
9983
6618
28486
9782
22585
2151
1321
1843
30609
25777
15763
344
32058
23725
2811
2127
27913
2158
31347
13556
31795
2273
10120
31150
17495
32442
10090
28928
10175
28078
12109
31323
19171
24547
31246
6455
18222
23973
12570
19042
31493
3418
23692
17303
6918
4024
7829
20818
26765
27701
15905
18147
12669
8639
17591
13505
32061
12206
13217
22818
2816
10999
5198
32456
1354
13218
26612
15902
3760
24190
14969
21635
3039
26387
23700
1510
20191
15832
2352
15507
1945
18086
31249
23372
7575
23405
12217
30108
22284
26406
28813
25192
28948
11528
17204
23751
3388
4095
26688
10004
6213
28250
5904
25665
3621
26051
500
7021
16207
4981
26003
6585
31540
9385
10122
9816
17418
19281
18518
15590
28620
27401
11380
16891
23170
4683
198
26111
3522
5090
15929
10816
375
21665
4261
15425
23009
8532
9461
6998
18141
8439
8839
15469
26727
14118
21462
8239
23645
27349
16982
3912
22917
9537
18847
28930
31698
23846
26062
28697
9699
563
16680
25035
7117
15547
17665
9006
15130
21933
12765
24774
29714
23238
724
31831
26681
21253
8251
1272
21016
5984
9600
30057
6720
9141
15958
11430
15757
29699
24338
21692
26792
16858
23637
11228
27855
13840
9708
25518
29145
25270
10484
2791
2420
6474
7490
13598
1970
28974
16898
21724
17604
4697
19869
31730
11269
6221
5345
30223
15418
8521
11612
29073
23831
23999
3848
10908
11782
13320
31022
19561
12837
19543
7812
31969
32141
6380
23704
18027
18394
11914
626
21506
2024
298
27253
13194
31962
22769
27527
4708
18529
4960
25970
10304
32315
1227
27785
17458
19705
3596
22670
12297
9222
14968
15059
24028
31461
31250
32672
5093
7610
19455
16085
2706
8972
27962
32720
12506
28361
24457
29841
2766
26250
23728
28700
24176
15129
2532
7199
8903
27441
32642
12757
25907
25476
30977
14890
6399
24578
16678
6432
1333
29273
11894
26737
17590
20920
17393
25974
3209
22489
18941
30279
11380
20286
29601
2596
32201
30395
25587
22804
13443
24116
10196
18123
18065
168
30682
27857
23922
16238
22158
4065
1538
8895
24280
1168
4756
885
22199
18223
25408
530
23093
19185
2175
28420
12955
17489
29685
2088
11745
29358
11149
12172
2664
11576
13003
32633
19180
14096
7774
24497
1716
7851
1525
32757
2571
11384
18516
23498
23284
9410
21927
11133
30234
24791
29718
26213
22534
874
12953
14952
9876
19510
32270
7360
3752
20196
3209
22527
10781
4399
4843
15185
510
21574
30902
20226
249
3441
32287
12864
27152
20984
2149
1569
10130
14913
2146
2536
1610
56
12128
19588
12534
23795
26157
5977
32763
27031
14962
30275
29014
1909
13888
216
23766
4985
21996
18670
14472
26821
4125
4702
371
30361
9251
14343
7302
28022
8842
25109
17359
18307
25583
29059
21486
12335
25107
17630
3528
3864
10030
14924
8320
14892
18310
4814
4003
4877
6463
6850
18850
5050
7797
15276
646
3693
21896
23349
9951
9407
25527
11124
31485
14866
19953
20589
14947
25904
13287
32471
19321
9520
16742
30755
23425
23962
18916
1977
30412
24011
16985
25989
28974
30618
3408
8626
12975
26939
19773
32181
15491
7780
12561
22158
31293
3247
28428
1098
13119
12096
25042
21197
12405
26023
31682
30670
27203
14855
1155
10787
21179
21112
21727
15935
4116
4523
1237
27641
15191
10957
16361
8591
30556
11437
13247
2026
29685
18464
19688
7203
12649
21925
13820
583
6180
24133
19689
30039
14508
11197
650
30867
18391
9183
22652
11768
11068
29494
28973
30216
10727
19177
26165
15561
5457
13793
22762
6160
32399
18734
28974
6911
19401
13223
16012
717
16878
28881
12164
8389
22182
8963
4898
9618
24200
22727
22742
12729
27534
16770
639
20327
28613
5464
31945
14701
30793
13386
20921
5001
5233
16545
27014
30695
15687
14480
19883
32231
20795
21269
8762
7713
30744
9248
18803
6055
822
19447
26005
14985
7666
13785
11508
15263
25179
10721
17484
30082
9774
13870
4949
15068
5125
13121
18327
7650
25803
26534
31104
20766
19827
3799
10164
1394
29929
18269
31908
26970
1609
11320
4706
11633
13136
7553
10420
12855
15120
31822
359
17169
18663
24022
22245
657
16305
31190
8458
27640
17725
22579
7220
3577
8702
480
18073
25280
18691
14594
18398
26931
7209
31826
30437
25464
16528
22979
29158
24247
5963
21606
31937
26657
11868
24970
6546
4913
15839
16679
3974
13617
1413
13693
21486
31233
7748
24056
2450
13844
5197
