984
24524
18945
7218
16420
24048
7188
15807
7276
28036
19024
15717
6830
9835
732
28479
25313
25544
31518
7854
4154
7187
14206
18181
22279
32621
109
17542
16859
20528
10406
4494
18923
10699
2228
25612
20152
10701
21429
16183
12526
12095
10589
19841
5260
9271
2366
5830
3654
1450
2886
26314
16424
7554
393
30690
10619
8944
26432
13809
11756
13572
16658
11670
6123
25467
21139
31652
6738
14808
19723
20691
5447
182
23416
23989
8803
10588
12246
15083
11284
6034
30109
8600
5183
15795
19852
2070
11818
16132
13989
30440
3994
3140
2169
10736
32056
11908
25253
20962
30265
13369
13725
2553
9022
29840
18600
21993
11385
7425
24876
15380
15122
15655
28460
20480
10697
17615
25359
16649
10460
10319
4259
16723
22827
7961
17249
22787
8858
12431
26611
31151
18871
793
28403
26130
2205
8565
19702
16901
12056
10831
15305
24235
3593
7698
8442
5867
12812
16125
15770
20515
12633
14201
2882
29466
4328
31402
27220
28983
1241
4932
1411
10737
4114
21664
3734
17543
18218
8719
14440
20977
14982
16494
4660
19222
19393
26106
10255
16191
29265
31846
3254
18124
13160
18731
12426
3622
20761
28704
10713
3316
29884
1098
21087
15762
22675
6901
24077
26814
13486
5379
20233
22933
29451
4741
27381
3519
28418
17544
5492
13798
17376
4401
13290
6764
28371
15885
32388
14429
18438
5282
25209
10914
5900
13642
22927
13176
18050
3137
23264
31265
31472
7420
18654
20697
4337
6076
149
5900
18068
28004
28208
3014
5121
21895
19135
9323
30560
31430
26423
15272
14326
16729
10426
11433
25745
23531
6681
11917
4391
8875
13976
1047
6074
24736
20977
21414
24702
2876
16795
15207
30014
6197
11083
30153
25596
26000
7356
8753
13528
26623
20652
1520
30515
4972
17703
22898
10771
12758
1799
30135
969
7260
22204
30215
23762
2711
2633
8674
16892
27693
20623
13111
29129
163
14798
19670
18712
8563
10601
13606
25346
29279
5353
10523
28675
27652
13381
23395
2138
29874
1889
29664
32178
31611
21716
9051
28673
18826
1518
8055
10673
32183
1018
6883
1790
26200
31424
3540
27807
11609
9294
25267
4520
2703
504
23314
8367
28745
9886
16613
29741
26152
30253
14319
29224
1585
32360
17274
19215
20513
19689
21579
8166
18176
26210
29397
21410
3321
17193
22957
3031
29033
29940
5182
9360
9526
23009
30142
7038
2402
185
31841
13910
19424
8821
29900
26740
18086
21761
29132
15300
21763
23361
27720
16610
4915
13906
8052
19072
15409
23570
30024
30729
6604
14050
5937
21379
15101
21162
30470
1722
25720
23326
25661
27547
28545
20288
351
31710
2817
3622
11705
25576
4825
8446
14165
15599
29046
26191
26920
12895
16293
642
18829
5756
5801
14752
7410
10825
18572
5725
209
7337
29362
598
13027
1221
7860
13207
22672
23469
25963
4960
23209
14658
18506
553
10585
22611
13553
7395
31833
9734
26368
26497
25444
24698
7209
183
15083
2218
20106
17153
22793
11157
26937
30440
1721
18076
11040
31361
6471
19243
11275
566
16388
1435
14335
22216
23102
27479
29902
13461
26991
5182
1512
12311
29621
25417
8820
17326
27266
8814
20895
27295
27029
5572
16692
27996
25129
18919
27246
17158
1644
8606
30986
11312
2354
26299
10399
27366
1515
25155
3122
15341
9426
16335
29701
30029
20328
16434
26033
28173
2337
32604
23156
4926
16477
20863
14284
20027
11161
31600
13893
8238
1767
19023
10895
5846
17819
20074
25811
32392
3144
15711
6727
30068
1771
16257
3329
17450
28517
11389
26121
8029
22575
31550
30129
14054
3913
26893
20009
13835
11635
7165
27726
6402
9632
17542
25283
31665
26792
624
15171
17848
28989
4338
565
22449
19488
32284
12417
7606
28820
29042
26531
11044
32020
17882
13310
17311
11329
31416
18802
30039
5662
16471
28208
10377
4479
9099
1997
18504
18879
7316
32406
26749
23730
1350
27428
3373
5338
14951
16944
30458
5086
27737
29352
6381
311
25336
10753
7026
4397
14534
13008
4260
30722
20806
8596
15819
7533
3749
17366
7715
9290
2719
1397
736
6799
22177
16443
29806
25986
1835
10675
14589
15913
3705
21311
9277
20994
10850
28773
5222
23541
27008
22378
16508
18823
2961
28706
15313
16464
16669
1286
21195
6063
3674
10887
9447
6844
21836
12450
8190
9854
19248
21173
16584
30815
23835
6545
15518
16604
18399
9168
30852
20097
26414
18537
29030
25877
2
18305
31138
5394
2619
32132
28615
10072
15754
19573
21148
28961
25999
12162
22117
9272
16702
11484
24417
28518
29063
6597
1431
813
15158
25835
1491
20153
8216
23284
17387
2324
4959
6490
16966
23193
19783
9081
12959
15019
506
19942
1031
21927
32689
29699
4649
3862
30749
11216
22994
29736
30981
27652
22193
12894
22576
22621
28251
26246
5765
10292
3217
22508
32369
23380
21702
29647
393
12556
3292
7442
6513
5507
9519
9268
12284
31052
468
31618
21140
18234
26915
31627
13533
27766
15218
19413
18069
9934
22564
17358
24767
3408
21475
22533
19968
1816
25641
26522
12873
9318
9221
32244
5558
3572
5660
23729
5814
32390
2030
25059
1901
31426
14938
7801
31318
15170
29540
12539
557
31976
23863
14459
10508
11121
22118
29640
25300
6733
6007
24804
32462
16302
20898
28856
23698
9696
10966
8967
26664
1752
15101
7841
8558
17935
28289
6617
12985
15505
29199
10040
23231
2896
2971
14963
11701
26559
1188
31131
29108
5788
2489
11924
6753
2317
9020
27848
10189
20463
11110
16156
27802
22891
25995
29220
32608
11466
6815
20114
23374
6282
24314
22517
29717
1713
25944
25504
16641
27489
804
7143
873
429
18934
17298
19530
19115
23130
19851
1327
714
21459
7386
84
358
1567
211
21514
13978
18365
16782
1373
15190
5549
20632
17909
10161
24695
29160
18746
9088
10862
28949
29884
25895
23350
14022
28625
4783
27780
21097
22144
14617
21541
19496
5021
19954
20290
21272
9782
28456
29410
7092
22062
21788
9648
651
7208
11000
26367
18229
16550
16707
1803
29579
30322
20147
13441
17176
29758
13122
834
7882
20871
29059
20580
237
10943
21047
10106
21850
20650
26140
3350
10732
1801
23045
21132
17204
5750
