149
676
16043
224
15190
7391
18677
2127
7777
17149
14114
12668
2049
5608
20795
25559
17205
28852
4575
19480
13355
10216
14403
13871
6753
21273
15223
17274
15882
21694
747
20795
3251
5183
2097
9033
26918
7759
17924
9990
12943
8060
6282
25232
18141
27908
29398
25660
1131
4075
3505
17984
3808
1610
29594
6831
23380
12010
3595
21419
18356
4881
6142
31702
16743
668
6576
21257
16177
13902
20901
9033
4696
27752
12012
25078
21254
13178
16548
28998
27631
22392
16063
5618
2355
9488
4102
29999
28294
30523
29021
12000
30862
17171
8777
26634
19852
5604
15023
22920
319
14725
3551
14080
12294
29417
16080
533
21828
3825
27053
7646
24840
12676
1681
13975
20718
6882
27024
20887
20544
22325
1014
6530
9057
3178
19155
15040
25196
23102
26295
25646
18200
156
4282
16403
4575
16422
16575
31061
19039
10514
4346
8429
24320
19511
31408
1944
26583
615
