221
7765
15838
5329
12735
28243
21615
3263
10584
12963
10860
13637
30352
9180
17503
13781
17377
8223
12083
12735
2352
23116
17049
4352
338
2422
25259
19291
6351
11413
1231
27052
14822
13947
31711
12664
6609
13834
20359
11976
27466
20131
8942
4152
6733
5345
28312
2379
29984
9096
4491
12033
26257
31928
32176
684
9599
2919
893
7935
32155
22798
209
15208
5488
19361
30495
31136
21921
32709
19663
12672
21874
4926
15841
12054
28810
29606
16340
5880
27128
1381
23750
25816
16499
14045
18908
14425
6118
21477
15588
25633
23596
11641
17721
29487
279
27055
11239
6255
952
4077
7952
15500
4314
9562
11407
7686
29904
28050
20442
14212
14449
9118
5933
24683
3936
16163
9189
23471
31633
6617
2602
18666
18952
2367
21456
11179
19684
16526
10879
32016
30365
3819
27922
31639
14986
19936
13374
11569
22182
5133
2676
18328
27283
27
23304
29411
32735
12274
23698
6744
26503
14380
31381
16257
4281
12233
606
898
15582
9252
5935
23209
13528
2341
12701
7751
25480
31161
11831
28862
31124
23679
12136
10204
32359
16581
22175
12647
29305
1970
6316
9721
26320
11716
12654
32270
11719
18558
31403
7516
2318
3162
10815
10339
30962
28421
15225
22596
4318
14795
1986
16598
29986
8272
21119
15607
26100
12162
19513
29984
31668
10443
20731
13373
30837
7563
26108
32443
21176
24261
