192
9334
18901
18135
18207
25671
26371
29608
25820
2760
12191
13240
27710
24103
14381
21579
5391
6236
28375
30389
30685
14860
12988
6757
32752
1197
30090
2082
14719
24556
6991
661
20515
11851
3212
24584
20875
21775
11916
29037
2162
31577
13811
23202
974
17555
1946
16371
7754
2573
7066
27873
6647
22504
5799
22561
9278
12596
3488
10472
22042
24405
10083
8550
1156
20651
4326
4752
29998
19058
30596
15651
19315
29158
32148
17382
16782
28843
23872
4911
523
14445
11669
25000
13692
10692
32214
11859
6253
8794
15126
24524
11674
13903
5125
26831
24671
6364
20235
5625
11119
30775
18067
26835
6089
20663
32682
9228
10216
31545
3784
27910
826
31426
16109
9877
30164
19814
12016
26883
6244
17512
22804
15191
13415
10146
14557
29142
14492
10279
802
21963
20920
26152
9314
31364
31579
3604
31068
25501
7491
20739
30169
24705
2240
15445
11725
16685
27239
13462
29854
18487
1035
6053
1732
32271
17129
18966
29074
18822
1571
13268
11603
29068
10608
28683
7577
27710
10257
13381
27602
7968
27655
13011
28700
29862
7555
31854
7259
27386
1694
9502
7560
32761
24394
12379
10060
7806
5512
2162
7629
28900
26076
