123
12993
4201
4326
30977
8745
26546
25545
6756
797
15297
12315
21546
4310
7098
17927
32037
12522
22698
27891
20335
17440
25356
23290
21001
31107
8595
16541
1474
22453
9507
15541
22875
28806
24096
19628
10472
29381
14060
3309
19577
3671
14251
23961
31226
24197
5962
16252
32344
20122
23999
32063
4582
11438
31634
29919
19454
24253
31388
5470
31211
28156
11279
25784
23814
23660
30646
8728
5152
30895
12414
22604
13344
9243
4662
29814
21485
16141
19603
13573
3983
12159
16247
1252
18065
13789
19570
5873
6569
1045
24970
21937
27547
19182
8503
31554
26970
12698
19378
26001
23920
27534
19823
31437
21153
24721
5864
12827
18891
6931
8605
5259
1809
28865
18009
19018
14904
6486
18614
2074
1617
10164
15331
28928
