103
14039
28088
23786
1858
17953
7871
10341
5991
4917
16185
12051
19785
3336
5017
12202
2201
275
11713
17815
17378
22859
803
13971
31687
30290
11815
15991
7053
31215
24269
19793
4825
5564
16020
27575
30906
12830
19354
14683
24553
378
28420
14816
16464
21414
21152
25580
6602
15774
14793
9855
13354
27001
24972
22659
8318
8859
11273
18084
24469
29227
6939
21345
20926
24520
24123
23907
21459
10871
30625
24590
11638
3552
15533
599
13467
26555
13702
2005
19015
20869
8193
22554
5270
631
6596
4163
6659
3512
13739
21198
8676
20690
106
18860
32308
9827
14452
3735
8853
12565
15644
28070
