179
31876
12980
20186
9717
9964
13921
8549
25309
27352
12783
13064
4691
23453
23917
17762
29191
30839
21052
1826
17791
18472
18465
11466
7108
22498
10392
1716
7515
8551
27755
14418
30326
7279
30596
29881
12652
32586
26367
25697
5479
29382
1412
6182
23900
15699
22996
11667
23361
10597
929
2144
23418
11034
23203
17721
23700
2333
1000
18882
28469
3274
29036
5591
21075
32147
32745
14872
8101
27554
9968
6053
7255
3519
28473
19750
514
13941
9016
29967
21467
9328
28144
6434
5163
12842
23564
32565
28159
10439
29484
13109
10016
14909
21373
29291
28229
26295
6028
23550
22920
20796
26204
2745
10519
18315
27574
31759
8748
330
10944
26716
5695
23136
24273
28782
27258
3232
24196
17476
13165
11431
13579
10005
14595
28167
26054
29845
30388
29349
3604
2931
27645
10591
22890
16678
20749
32754
31650
17129
962
27675
9621
2052
16595
4093
10219
14670
32079
32195
14386
12784
29766
24198
3118
32107
15557
113
16240
30429
31752
4131
14122
28032
2028
340
30786
29299
3491
27324
9125
13245
4267
22832
3294
2191
22017
24079
7911
4809
