136
23219
10122
2275
6700
24452
6227
13836
7267
8973
14705
12491
11798
4959
30331
21743
8237
20687
30020
23686
461
13828
19880
18581
13877
9806
28293
16908
8678
5689
21511
1784
13063
611
29481
14331
18695
18570
32376
6649
16260
5865
26650
8213
8300
26053
17680
20956
16738
12099
30136
25023
20579
22908
14230
1991
5033
1747
1107
29828
24783
16519
25094
28743
3895
12164
2227
31377
27049
22399
273
32202
25404
2113
8337
27446
4986
31043
1691
21286
15807
17276
32539
19819
26594
11639
28220
17936
17431
32168
10611
585
29204
18176
25024
29094
23411
25535
817
8076
12120
4746
11687
22758
16723
27069
10972
23064
20360
5378
1445
6452
29709
4387
9845
113
17811
23068
6435
11481
27465
16245
24557
1345
10237
21198
30652
15742
8324
9404
29098
6614
24925
17363
17857
1717
26513
