162
10902
21963
30942
23680
23098
31127
23186
8288
25324
13522
12844
25069
6258
11260
29376
26173
4249
11898
15275
26249
6604
8926
9162
32397
32740
2153
17641
23086
4930
12750
7038
26207
9755
7481
3736
2373
29716
3472
13330
9625
10255
18681
9484
27983
29764
8348
30363
18293
28819
9642
10944
19805
13080
12190
11671
8958
22273
6083
13009
11928
26012
19958
1892
29591
21940
10925
11137
5306
5406
8760
18631
16756
20623
15687
22710
4755
28081
31405
3942
6687
27509
32355
24185
10885
7338
12752
9294
6388
28879
14663
23415
32520
16165
25298
24174
16294
18441
29230
4995
21287
24705
28182
5401
7864
31765
21189
10770
23296
2272
19894
8840
19972
20966
26286
27838
23624
23464
14844
30294
13623
28406
10239
11716
7877
17925
7658
14338
9299
4033
23492
11909
11475
15716
23475
31089
15404
20040
15993
6665
25568
3577
24895
31081
9964
30863
146
3959
21744
14651
3243
30231
8335
30495
4851
15518
29977
25699
24774
3978
20327
17285
17271
