208
30308
9918
7380
4244
12536
9165
14972
10074
4787
11452
13460
7333
8530
27038
9965
8409
58
4760
16940
22226
26729
22526
9062
7463
23723
5561
18925
31915
28177
21996
8041
24634
9375
26327
17962
31154
24645
2043
8636
30783
17937
29310
19900
29660
3490
16594
30443
12822
17120
31122
19073
10259
20458
16812
28612
24020
25424
31173
16344
5815
1667
19161
12249
25408
30857
26146
8487
24
8437
31804
3073
9814
12055
12166
14422
12542
14704
1483
30935
15303
29032
7458
7249
7970
16196
10258
2362
28023
23122
29946
14218
21938
12646
1200
31948
3838
14218
29801
24180
12752
26866
16089
24179
8744
7214
6299
30217
28436
29603
27602
13018
19317
828
14097
10821
1029
32349
21368
14065
5785
537
26144
13480
20132
20388
186
11881
2813
2827
13682
12984
4322
21026
8730
16953
4156
16318
13956
3197
15652
12069
14895
28444
8871
21443
21798
27396
4806
31007
8230
1040
22465
32525
32767
16093
2710
26148
20540
12505
12996
114
8454
22172
4948
6767
3142
9340
18714
12336
26122
1371
7737
733
19498
15300
14053
8805
22827
22839
31597
16240
32355
16320
25464
22934
18782
25038
1678
7630
6273
13379
5595
2345
749
1736
9008
9152
30631
13923
22859
26602
22517
28235
2392
10675
4363
27387
12728
