605
9580 9704
1413 6909
2648 7763
7374 9817
1580 6278
7246 8768
6937 7734
8551 8647
7306 9406
1210 9379
7021 9011
9339 9928
3956 5611
6124 9589
5219 9169
4655 8121
5787 6840
6292 8758
5379 9042
4309 8842
5009 8722
4403 6688
1749 2232
5462 8619
1266 2474
7892 8419
6223 8843
6844 7748
5986 7173
4287 7442
8444 9969
262 2554
469 3678
2650 5021
685 1267
7445 8511
3637 9210
7628 8797
5421 6320
8512 9774
5242 6012
9975 9981
7031 9545
4861 8815
9150 9594
4504 7644
7118 9010
9316 9533
3827 4224
3098 4154
788 6630
1546 8515
654 8603
4933 7494
214 992
7173 8125
1439 2456
7263 8303
2151 4747
4730 6829
4066 8100
3831 5595
2516 3612
3325 3690
7251 7972
2112 4061
6036 8104
5652 8123
3135 7484
6506 9608
5564 9476
1048 2597
6154 9690
3923 4278
3743 7499
3327 7131
1592 8056
7551 9641
3219 8920
728 3839
482 4947
1043 6492
3604 4705
3280 6312
4098 8479
1607 3880
6516 8870
8322 9383
2365 9132
542 1017
9392 9974
1951 2189
2147 8460
3345 9627
3467 7765
5091 5259
8849 9830
4270 6932
6846 9852
5220 6596
7226 9241
4860 5872
7197 9843
3488 8202
7448 9834
6132 8891
747 3601
320 4157
3693 4787
9791 9921
5521 8126
4204 8411
604 8591
102 7586
2488 3526
3396 5688
7765 8794
3087 4109
5342 9915
532 8240
2628 6164
5042 5991
4377 9221
4679 5051
8643 8737
2022 2344
1581 9136
7928 9923
7835 9982
925 1472
949 3497
9063 9957
3655 5470
1488 5161
3903 7176
4426 5616
3339 5347
8445 8592
5525 5693
3915 7949
1491 2322
3751 6359
680 2222
1580 6493
5866 6768
8675 9691
8450 9004
5233 9690
7608 7811
8108 9324
601 8455
8615 9510
3733 8962
6384 6714
5606 6883
5754 8035
2463 9316
9064 9565
7821 9643
1406 2547
7659 8106
8896 8942
438 5252
2199 2807
3832 4581
2018 4335
9498 9732
3807 8631
917 1994
1184 9153
900 2552
1727 2755
6422 9274
3147 5280
9636 9682
6304 6636
2295 3319
9992 9993
9477 9663
5359 7548
252 4098
8813 9498
7390 8033
8240 9179
2961 5055
3879 5151
1315 5730
9711 9994
9170 9501
435 3339
1351 7544
4988 9612
1895 8705
4507 8888
4373 6500
7622 8014
618 8896
858 8069
1547 6412
7180 8759
7252 7393
1751 8722
4301 4597
6694 8298
9543 9965
2758 8691
3178 6957
5718 9629
7857 9118
9808 9809
4852 9419
916 9457
4926 6634
4227 8839
9452 9531
3031 9259
2091 9518
1634 2001
6973 8026
194 9421
9585 9660
7741 9856
1104 5737
2773 9817
322 9047
311 1200
5613 7100
6764 7667
7622 7980
3936 8655
749 4511
1830 4865
928 6577
8162 8343
8007 8796
2431 8249
775 9468
7220 8770
531 2009
2248 5002
9759 9939
1065 4021
681 8370
1243 6674
519 1927
8572 9658
3922 8986
8201 9673
2216 4790
7776 9413
7298 8264
3069 5646
2258 5825
4142 8058
5565 6413
757 4162
9088 9862
7620 9401
7356 8607
1311 6640
3587 6239
1315 7723
6038 8549
8804 9612
847 1581
8821 9615
5088 8183
9357 9452
4217 9251
3326 4809
4515 9699
497 4961
8485 9967
9667 9693
7377 8539
5406 6205
2909 7525
6565 9970
3616 5444
3293 5253
583 2466
9983 9995
766 5930
2809 8921
1317 9226
7919 8748
8307 8484
6502 7860
8857 9073
567 4105
610 9176
1941 5456
5785 7117
935 2521
4292 9685
3335 9210
708 1768
3235 9039
1570 9744
2419 9712
2616 8540
2900 5886
9118 9488
2186 9721
1511 3808
8552 8664
6084 9654
1783 8741
6283 8062
277 4381
704 8050
3563 4038
1107 2278
8057 8401
306 8537
6321 6438
9379 9996
6768 8968
4411 8576
6422 9551
7303 9159
3310 5598
9056 9271
2183 4415
5390 5963
491 3428
6289 6359
8398 9073
8294 8312
4320 7183
2958 4249
8273 9355
5449 6644
5969 7947
4144 4205
7525 8852
9574 9683
856 7388
1640 9399
307 9317
8910 9516
7846 9066
6792 9007
7750 7826
2110 2336
6828 9550
730 9136
542 5441
3248 8508
657 6148
6907 8502
2228 7498
2780 8745
1621 9514
2767 5716
1397 4898
8460 8589
2761 4267
8273 10000
1685 2369
2902 8349
4166 6992
2297 7599
7205 9210
9742 9883
4402 8261
7740 9505
6806 7316
9332 9838
8437 9096
6373 9606
5252 6073
1833 8260
257 6847
3873 5015
5125 7491
9225 9463
6891 9566
522 9194
2691 8109
7170 7911
9001 9119
5846 8913
1702 5805
6210 9332
6225 9599
3492 4438
4124 8250
6857 8373
2427 9444
8341 8559
5317 5375
6570 8089
5990 6546
1777 9311
2875 3744
57 1474
9339 9747
841 1954
9832 9976
7617 8669
1722 7858
7244 8573
5452 6016
1275 1873
1948 5507
5704 7920
5100 7569
8914 9755
1074 9487
8384 9558
6632 9689
2343 3820
8355 8626
1018 8812
9928 9991
221 5784
8737 9343
8040 9305
8939 9003
719 9721
9081 9807
8112 8452
8485 8955
2546 4007
157 3900
6183 8736
3730 6474
1052 5234
6204 6827
8390 9249
5009 8426
9840 9843
9937 9962
1591 6404
7827 8565
5492 7000
168 4131
5823 6540
2036 4913
6509 8581
1994 3874
1681 9342
5849 9074
9437 9583
4334 8817
2501 8548
1702 6959
2056 5680
1959 7456
2105 3773
2087 6313
9167 9859
1889 4123
1258 2667
463 4298
9316 9787
2764 7527
9283 9343
3195 4792
4309 4498
7811 8627
9709 9763
2156 2490
8798 9910
2755 7522
6886 9911
5892 9709
754 4439
2384 5548
4977 6165
880 9978
9047 9529
7727 8462
9374 9389
490 5221
8781 9866
1531 5591
1910 6405
1048 2603
5485 9030
2644 4686
2162 6400
3812 5504
2735 4826
3174 7375
7360 9659
949 8728
718 9869
1647 2296
1760 3596
5307 8491
2001 5615
3160 6982
623 9643
5489 5942
973 7527
170 5054
9612 9892
3622 5058
7830 9740
6040 9244
7494 8830
565 794
4015 8992
711 8762
5900 8765
5931 9116
6373 6703
352 1597
2278 7177
4694 8480
9599 9604
6059 7659
9149 9267
1892 5751
8165 8216
848 2513
1734 9116
2363 6151
5465 5632
404 1461
3863 8910
8787 9479
6815 8699
2148 2550
5772 8524
5661 7329
350 1671
1951 9467
5837 7002
1833 6376
7827 8159
8792 9169
2161 7641
2066 9402
2586 7162
1744 7047
7703 8797
5216 9825
9345 9837
2745 8539
1912 4881
1080 2770
3655 8277
9142 9820
9295 9579
1970 8444
6363 8358
9339 9492
7067 8961
7646 9700
2378 4296
5547 6116
7644 9361
7948 9448
9634 9921
2888 9032
5638 8012
6231 6263
74 9387
9018 9465
9722 9855
1612 6274
1722 4317
9899 9951
5002 5783
2055 6353
3338 6357
1952 2206
1505 5026
68 6640
533 1687
6365 6522
1266 3328
8210 9209
8672 9014
449 6027
625 2003
9533 9675
1115 9365
3440 6527
1062 2252
4076 6707
167 655
1578 1809
7219 7595
625 1395
6109 6383
9470 9904
9373 9564
3946 4919
4609 7530
4546 6927
5354 9825
6690 7399
4716 6274
8721 9755
9507 9741
4039 6781
2429 4675
4924 6763
3678 8182
5463 8114
2151 5724
