784
919 8702
2842 8208
2045 2132
6022 7614
1056 9703
2507 6632
4851 8680
9349 9365
5501 6059
9985 9998
1126 1663
2662 9952
4422 5955
7205 9219
8059 9918
371 9957
3788 9559
8551 8856
8108 9844
3518 4676
8683 8845
4889 5020
7955 9070
2081 9041
4343 9930
2553 9930
5772 9409
9532 9580
574 2949
8986 9707
7016 8173
8349 9628
4583 5329
1005 1695
1548 5063
9598 9866
4660 9540
7836 9574
8082 8666
8915 9702
1343 5911
8550 9781
7766 9961
4417 6469
4805 7229
6217 6716
1567 4305
524 3720
9053 9715
8544 9795
7567 8959
6932 8598
975 1877
9661 9804
109 5230
2261 2719
2401 5531
7096 8411
915 4432
6796 7205
9618 9827
7555 9282
5839 7925
5696 9164
1585 9698
1777 5448
8104 8222
3639 7697
4692 8458
4596 9194
7946 8056
1005 6349
8342 9306
694 2229
7074 8714
8044 9924
4517 7993
1042 6584
9746 9814
8852 9705
9036 9471
4835 7570
4914 6520
4165 5009
3395 3401
7301 8712
2585 3694
6357 8465
9763 9763
3214 8394
9582 9661
2967 6777
1815 7518
9831 9844
6592 7810
988 4768
1209 2461
983 9019
678 9967
1157 2303
1421 3301
3509 4633
5589 6791
5567 9613
8932 9235
2257 4114
6034 6316
2975 4048
1106 6903
1560 5559
762 7073
6058 8118
5549 7310
4222 7729
5125 7937
8936 9829
2339 7621
4445 9895
4481 4580
5013 8310
4401 5882
5701 9727
2005 8101
3874 6050
9609 9990
3494 3768
3839 7589
5822 8323
4201 8430
3436 6994
3311 9744
5298 9790
3409 4025
4661 7127
4861 7254
1610 4143
8884 9956
6762 9487
106 3000
9678 9747
5359 7556
6200 7336
1876 9942
8761 9523
9879 9953
5447 6005
6954 9325
9428 9895
5813 7400
3875 6589
5565 5843
4644 9461
6935 9165
2527 3523
2333 7762
1157 4841
9387 9934
8787 8858
404 2900
166 941
2322 5960
4342 7907
9611 9887
331 9900
6221 9214
3307 9094
7500 8188
676 4647
6106 6933
6649 7698
701 8871
3082 8824
6283 7269
9734 9779
3729 6988
7021 9843
3095 8302
2729 5627
1802 3737
170 1837
940 4982
6515 9903
8677 8961
4078 5637
5435 6009
8419 9328
7747 9979
4178 6365
1930 6886
5117 5302
5594 8845
7543 8842
3448 4152
6016 9967
2167 4323
260 4528
7376 8757
2280 9571
6354 8957
7012 7176
1438 4775
6544 7493
697 4447
7674 8387
2255 8592
2702 4864
5880 6445
4117 5071
4172 7113
3823 7067
2331 5793
6401 7363
3324 4466
7329 8942
9275 9934
4197 8114
3815 8383
4121 6390
7953 8809
7156 8717
1304 3312
2353 4122
848 4459
9250 9480
8897 9000
7502 9167
5517 5522
59 2164
827 8832
1188 9731
5030 6681
6328 6918
8534 9789
109 419
6802 9976
954 3110
5357 6901
1571 8028
3449 7845
6882 8993
584 1628
8200 9481
367 7291
3087 4924
91 4953
1233 9698
303 5882
7168 8393
98 1213
3990 6545
8848 9084
2629 4634
5166 5854
3895 4961
3298 9398
7177 9929
2619 3883
3739 6838
5359 7751
9494 9638
7858 9639
6766 9990
1185 3179
6188 7690
4401 8868
6765 7434
3302 3881
5791 8782
2737 3201
952 5490
3302 7065
1913 4370
4968 5333
1938 2256
7587 9235
5049 8056
4268 6773
2411 2693
6855 8525
9428 9519
6456 8192
4099 5330
5390 8817
5762 6227
3908 8506
361 7358
4183 7456
7410 7665
8430 8860
1054 8680
958 1262
438 7909
7703 8977
6837 9122
7234 7378
2748 6025
8880 9411
479 8958
2296 4260
4978 6161
8435 9210
4867 6732
2694 3275
9996 9998
3452 5921
3702 9066
4437 6947
7514 9021
876 2432
1103 6983
6548 7906
6870 8528
4895 7264
6013 9703
2583 7418
1415 2899
6855 8132
5677 7748
7169 8623
1521 4872
4546 6247
1689 8437
6735 7297
8497 9401
138 9496
1807 5291
352 2111
9161 9945
7910 8461
3643 4820
6752 8503
8546 9346
1781 6292
5118 9803
5302 8480
1298 3578
7098 9254
5628 8216
9846 9873
2788 4416
1697 5346
6473 8764
7546 8202
6801 7397
2694 2996
4333 7320
4264 7996
7767 8891
2748 2908
2710 5370
7143 8717
7244 7656
1085 7104
5060 9863
9691 9699
5036 9972
7762 8331
9289 9724
7473 9337
9470 9608
2167 8820
2829 5651
288 5422
5283 8315
6271 6709
5964 8462
6496 8219
1591 7102
6277 6359
5355 7695
5128 5740
8045 9709
1190 9856
8421 9299
5220 7646
4826 7323
4847 7003
448 2323
6582 7155
6577 9179
1268 9917
2213 6314
8415 9830
2425 3519
7331 7672
9194 9522
331 9015
7228 9407
818 2752
4818 8893
4268 8227
1692 4900
8900 9460
6433 7476
4727 7116
1320 1534
4732 5908
1439 2035
1955 3421
8235 8996
9488 9503
6540 9526
1820 4686
567 8524
2477 5821
103 7098
4617 9253
9422 9808
9835 9936
8108 8863
1953 9774
3380 8892
1320 1370
8644 9606
6255 7715
2025 4618
5591 9963
332 9801
1412 3655
9603 9735
3782 8306
1491 2884
7348 7415
2783 8684
875 2219
785 8019
9420 9516
5202 9062
6002 8668
1083 1131
1783 8431
9101 9773
7556 7694
2401 7639
2053 6792
4371 6030
803 2840
5853 8442
504 6113
7440 8683
1936 8401
575 3315
271 9228
8725 9598
5489 6230
1360 4690
7244 8208
6430 9760
8485 9528
4073 6240
1852 8684
6436 8686
965 5623
6801 7442
8156 8319
8233 9347
9028 9853
4783 8194
9070 9632
6065 8574
2894 6035
5560 9520
3437 5147
8434 9641
6401 6745
1955 2386
146 1626
7994 9768
787 4573
8911 9557
1135 7856
3745 5538
6642 7132
1475 8296
4203 9828
8769 9820
5014 8655
1581 3938
5963 6742
5266 9523
6635 8253
7068 8985
4173 9081
5920 9732
3257 9663
3324 7364
2176 4111
9162 9908
3585 3956
4093 9218
7459 9748
4805 7254
3229 5585
4132 7731
8698 9305
1842 3134
9283 9888
8213 9231
8922 9619
2395 9808
8183 9910
6660 9514
8193 8902
4040 9134
2945 5396
5273 9695
5710 9398
1072 3361
5504 9866
2284 4034
5149 5628
3078 5382
1720 3606
1816 1868
9011 9543
3331 9585
5635 9762
250 1435
80 552
3702 7255
17 6719
6758 8951
223 414
9785 9962
5348 6789
6946 9893
3333 9820
2808 3066
5925 6854
9282 9546
8641 8794
2579 3128
1518 4945
4233 7337
2461 8583
5850 9361
8361 9457
199 7524
8090 9434
931 4172
1494 6999
7564 8081
2688 5610
9050 9880
9408 9648
5752 7929
3883 8181
9733 9765
5194 6496
1038 3057
6485 9927
5884 8126
2724 7201
2555 5719
4793 8938
5404 8898
274 1983
2127 4582
9408 9684
7705 8182
2067 3900
2821 9179
8153 8735
7279 8839
2452 5641
4984 9198
7218 8056
325 979
1429 8653
5898 7108
2211 8226
8963 9529
2635 8121
562 1919
991 8260
1460 9980
8732 9106
3525 5121
9806 9888
3551 9992
6906 7797
2655 3505
6845 9508
1114 2023
6031 9957
6879 8509
2201 7850
6077 8055
3409 6072
3444 8368
8109 8361
6386 6536
2145 2312
8156 8429
5333 5766
8370 8400
5318 6894
2706 3868
9963 9974
9638 9873
8259 9557
7526 9277
7130 7407
8995 9468
611 9675
9416 9626
7076 7152
8244 9262
4602 8006
600 8336
4668 6727
7235 8241
4436 6005
3810 6595
3620 8864
2174 4845
1705 8092
7512 9673
1350 2680
7364 8438
3694 8575
1809 2840
2510 6074
5174 6399
3741 6433
6115 8707
9182 9670
597 3311
7182 7369
4362 6608
8548 9352
700 1689
1440 5424
6595 9907
1144 1963
3072 6741
7597 8189
3135 3411
989 8184
1281 6299
2408 8250
3111 3321
2879 5262
7306 8478
7432 9207
2168 7146
6389 9696
6807 6944
2521 7644
1486 9320
6355 6844
1899 4485
3749 5802
874 8316
6548 7141
2232 2383
6265 8313
1826 8193
7588 9727
1091 6603
936 4996
3940 8119
6231 6399
6251 6283
5648 5973
813 4786
5338 6476
4900 7681
7472 7703
6134 9750
478 9208
3862 4617
4430 9059
7743 8724
8902 9386
7921 8263
6163 8537
5768 8030
3483 3833
2863 7047
519 5005
1879 5699
3238 8189
7077 9021
4864 6609
7282 9347
7392 8928
4261 8762
7953 9496
6146 7951
7659 8963
4182 7341
1941 4591
325 3709
2716 6780
2931 7195
3415 7686
6581 7580
3426 6187
2191 6171
1796 2913
8032 8650
1993 2038
4660 8410
1106 3183
353 8270
9401 9517
7641 9290
6396 8194
4873 5810
3357 8331
8116 8280
1820 1932
5605 8636
9184 9539
9165 9250
9307 9852
831 2449
2248 5403
4061 5544
705 7002
7507 7680
6660 7964
5905 8355
4091 9446
2736 2839
5969 8723
6414 8870
463 3709
500 7500
6237 7557
2244 6898
2986 4699
3927 4918
9745 9750
1414 8191
4820 9786
9705 9792
4760 8181
8908 9780
1794 1962
4014 4017
1845 6622
4183 6208
1240 2029
2648 3193
9685 9758
7492 9978
8136 8446
7415 8446
4406 4591
5778 8660
2865 4318
4564 5893
6024 6675
9162 9202
68 9024
7174 9372
9836 9872
3182 7190
1290 4265
41 6183
1474 8447
4619 8500
2141 6406
718 6355
3062 9407
3788 7519
4619 9131
2502 5912
1854 2872
4600 6516
2503 9255
8459 9303
4875 6627
447 7021
9950 9977
8497 8954
2353 3679
7391 9556
7570 9826
6517 7807
1944 7817
4369 9377
