725
4055 4827
5686 6386
9668 9847
235 1657
7664 8279
264 4309
2432 3082
3562 8133
8418 8906
9223 9760
9418 9740
5697 8315
8751 9070
1436 9853
4799 4925
4915 5053
447 2078
2115 4475
552 7058
483 771
9369 9797
9676 9852
9243 9281
1176 5221
4281 9926
5331 5855
5328 8301
5643 8655
840 2289
1302 1387
2401 3839
4211 8268
516 1554
6036 7822
3740 9933
1947 7052
9292 9448
3414 9246
4796 7745
9212 9538
3892 5849
3190 9559
6230 8232
4566 7412
7672 9078
9707 9743
1425 2700
8699 8718
3002 8778
6059 9185
2411 3581
920 3509
9591 9654
1899 2610
7726 7852
2019 9835
6410 7927
404 9413
277 5355
2685 2856
1604 2714
3834 5215
2338 5845
8746 9805
6575 8132
9815 9919
2947 9056
5720 8630
7804 9994
4786 9554
9158 9518
1421 8124
2967 4640
4852 9515
1279 7689
796 2370
4420 5344
9395 9692
4928 9735
7547 9152
9324 9721
3557 4970
4546 9636
9485 9666
6633 8113
5585 7976
5195 6682
5169 7158
27 1757
325 1411
2739 7586
1084 3575
5149 9912
1769 2620
3278 4876
9491 9507
6576 9013
9726 9896
2156 3752
8875 9785
6229 7692
5380 9562
7354 9660
4701 9444
6523 6695
9318 9371
7060 7562
6517 7310
1229 2054
1769 2017
3429 8546
2348 5300
1760 2161
3233 8856
4722 4812
8831 9541
8983 9306
2276 2451
875 1799
1145 8255
8889 9507
2997 7902
7347 9672
7716 8236
5672 9239
5849 8995
3736 7990
5531 7071
654 7788
403 4523
8901 9255
3199 4624
6112 7062
6081 9212
322 9869
7331 7510
5468 7545
1830 8878
2809 7199
7018 7602
70 8961
1052 2999
5972 8896
2101 4715
2539 8003
2302 7369
6887 7499
9031 9147
6910 7243
3543 4655
9809 9991
5042 7849
7885 8012
4580 9299
9462 9642
4095 5133
7708 9971
7233 9969
8840 9295
318 968
9990 9991
2360 6877
6260 7358
3472 7954
1221 9955
1554 2461
1255 5749
2966 7940
5062 6493
8497 9239
1070 9818
4519 9796
1663 7378
8336 9994
1349 7234
8386 9338
6303 6446
1946 8001
5852 7447
156 7104
8608 9398
2148 5125
9495 9634
5786 5820
1032 1968
4450 9101
6246 9616
6465 9571
6882 9033
8180 8360
5487 7617
5113 6429
8298 9812
8836 9030
5322 9328
2015 4335
1032 6418
4705 9178
1038 3400
2459 4571
172 4970
1810 9268
909 935
5080 5625
1999 4318
2045 6488
9936 9954
2948 8991
7481 9240
1939 5503
5332 8519
295 2657
2276 6517
2938 4745
7056 9674
4425 5864
2852 5776
5657 8480
6593 8961
2643 3864
2259 4727
5790 8413
4587 8030
2290 3356
1297 9031
7080 8873
204 2717
2128 3939
667 8057
3314 9957
7478 9976
5644 8461
8710 9666
1867 8759
7437 7482
2337 7503
2716 9925
6410 9660
2776 7042
1911 4078
1546 4142
389 7734
2021 7320
6255 9520
9525 9826
5086 7069
3259 7813
4861 8131
4562 5625
6717 7334
2139 5609
3674 9639
1454 2525
8855 9303
795 1031
4202 4555
6229 8839
336 2151
6267 8050
3335 3337
7169 8892
6599 8786
4729 7709
1781 2741
4553 7232
7248 9243
9480 9527
6221 9691
2355 6934
1475 2309
7918 9368
6019 9911
6379 9641
2480 5457
3935 8347
7747 8231
1088 6174
1510 3469
5235 7388
7331 9490
3830 5382
682 7910
9687 9780
6160 9341
1176 6833
5973 9951
1654 1728
5145 8529
3118 4325
8027 8073
1513 3488
3217 5309
7468 8600
8212 8646
2864 5458
1583 6026
3873 8014
5084 5854
849 7377
7675 8386
3745 9366
5168 7693
7779 8412
2567 4433
8945 9033
4948 5912
2760 8271
9639 9812
2620 6999
9778 9857
2067 7210
7134 9052
8372 9743
9770 9808
4700 8150
4924 9518
3426 8080
5802 7536
110 1264
5705 8254
6163 7916
6344 9636
6210 8247
222 8482
666 1671
9171 9191
2824 4107
6462 8225
9281 9548
1275 9483
991 1112
5456 7190
6728 7508
8534 9776
9376 9623
8092 8783
6629 7173
8405 9548
5960 9198
6312 8866
757 8553
404 8121
5193 7968
6025 6478
4415 7398
87 7915
8344 9447
4675 8042
2699 5823
1631 4587
4448 7871
5330 9825
8541 9010
2566 8574
1358 9111
2976 9593
6526 9303
5903 6971
330 1989
7914 8875
5863 8519
9150 9477
1860 8244
5616 6056
3359 7059
253 5722
2276 7475
6292 8477
1509 7640
4987 8768
781 9413
3749 9249
918 3928
1163 9035
4756 7286
8815 9298
2692 3915
2010 6783
5227 8374
5792 8751
5674 8948
5672 6848
4380 9549
2244 5118
7428 9414
4791 5397
4186 5476
5526 7611
5647 7068
3294 9394
2479 4611
1229 6189
9477 9908
9399 9534
1039 1923
1218 1309
3713 5034
1108 1635
8066 8976
8050 8839
2393 4964
3279 9971
5819 8462
7517 7759
1390 1577
9045 9194
283 885
292 1286
8497 9510
3278 4448
1051 5928
5334 7721
9739 9941
809 3442
5961 6851
1224 6208
7329 9954
9524 9645
8790 8940
9099 9863
1013 2798
2567 5610
3702 6419
4318 6094
6491 8412
4100 5940
9301 9380
1895 2552
6982 8298
790 9980
2015 9764
5018 6554
175 176
2398 4382
8416 8519
4427 8794
2089 3077
5205 9564
8755 8891
4143 7646
9648 9751
9913 9976
2863 2915
4705 9768
5060 7109
4724 7759
5894 9372
2247 9020
8270 9848
672 1317
8107 9798
4042 5684
7627 9218
8485 8825
668 3372
2628 5265
4366 6039
8418 9739
1906 2556
7424 9273
2372 7644
4605 6798
9507 9747
988 5194
1652 8998
2571 8010
6843 6900
4888 5069
2781 7511
9760 9774
521 8804
2986 9153
1330 5310
5678 8530
1629 9719
1598 9612
8104 9958
366 5346
1376 7557
1032 5820
3317 9114
7342 9085
8746 9087
4060 8465
9584 9958
6772 9347
1179 2213
3651 5544
21 1379
7885 8478
791 6160
6806 7806
4029 5350
4886 5934
4831 6679
2403 9723
1531 3299
5123 6395
8364 9144
9811 9854
1790 3971
5591 9904
5364 6015
3146 9732
7973 8760
9258 9580
667 9543
8429 9644
8961 8963
6081 8121
7087 8790
595 3378
4031 5562
6639 9439
1908 9702
8592 8756
7552 8317
532 533
9844 9953
9831 9876
6402 6411
6025 9610
6165 8134
7981 8101
8767 9082
980 9732
22 4091
4011 5269
4374 9048
4992 5055
4923 9257
5736 7734
9565 9586
273 4171
1479 8298
4161 9758
9967 9985
6760 9653
7021 8463
443 7919
6269 7102
809 7584
5957 9960
2569 8107
8902 9721
3875 9060
1580 5420
2163 3282
8509 9975
7425 7937
2283 5613
8368 8660
5968 9953
908 2707
2298 5248
5231 9184
748 1551
5476 7044
3721 9066
6517 7026
9570 9923
244 1570
9620 9780
795 8736
8620 8974
7292 8488
4169 9267
1586 7157
5929 8178
5980 8291
8165 9232
4115 9112
6476 7226
623 9332
220 2383
7585 9224
8607 8853
6163 9494
3764 6746
2805 5664
1739 4359
1481 9171
5638 8179
4344 4526
4631 7147
7455 9981
5644 7113
7858 9877
5539 6340
3037 4817
5068 5236
4639 6526
9479 9654
4903 8629
6891 9803
2196 8858
5192 6701
4147 5148
7506 7551
75 4841
1725 6125
2667 5331
2912 4990
5499 6122
6981 9068
7285 7874
6291 9739
647 683
6970 9886
2754 4168
425 9992
8792 9234
8833 9920
3027 4244
7457 9343
4272 5693
5113 5408
1460 1883
6572 9119
2593 5963
1997 6522
7383 8647
7235 7759
6050 6724
2281 4228
1697 5707
493 1560
9774 9880
4635 8479
1532 1660
3617 4339
9006 9101
6763 8570
2228 3820
2992 5248
6861 7003
1401 6082
3146 9112
3439 5686
3930 6291
6028 8004
3351 7067
1029 1961
2214 8643
7310 8221
5442 5914
4634 5453
5123 6875
5628 8870
1196 9128
9456 9891
6413 7880
4838 6525
1878 7334
7140 9038
2879 4206
7533 9705
3549 6681
6732 7526
1753 2973
1629 4192
4526 5783
6233 6309
9538 9914
624 3209
5919 8503
2054 2933
2989 9867
2070 3186
1629 7559
5442 8228
7180 8732
615 4622
454 4888
1876 3276
2684 8980
726 6768
4226 8254
1177 8402
366 3997
2726 7787
3213 9510
9022 9886
9330 9755
80 950
2835 4449
4070 5371
1165 7732
239 3724
3734 7605
9702 9740
1714 8127
4502 6054
4647 7972
527 8119
9734 10000
2674 5256
6614 9797
6042 6457
4192 9045
9217 9926
8781 9069
9236 9252
7597 9816
4114 9345
5905 8745
3977 7577
3945 4598
4958 7441
8822 9131
4797 7293
391 7482
6859 9703
3074 3753
7427 8127
8734 9619
5036 7268
6951 8847
175 2344
8223 8304
3606 7740
6111 7233
2591 5176
1816 4815
8244 9216
