765
1964 2589
9534 9874
2035 3678
2708 8510
6030 6788
8386 9915
3929 4735
542 5050
9656 9696
4065 5830
3774 8572
6221 6740
1020 1069
3950 6897
1489 7030
7226 9372
3855 6491
5016 6653
1606 9663
3793 4037
8556 8967
8520 8813
4808 8572
3289 8912
3488 9018
9099 9324
5843 7326
5967 8481
9145 9743
1914 8885
7358 7505
2097 9071
3151 4694
3210 4344
1085 4055
8130 9185
4574 9724
285 7050
2374 7386
1904 3995
6740 8729
9849 9943
1736 3355
9757 9826
1348 6266
4804 8393
7785 8813
1806 6046
5844 8754
3940 6232
624 8349
2425 7823
4497 8787
5940 7635
9550 9943
8034 8330
6173 7852
7140 9996
2357 4223
7756 9283
1410 7228
7661 9208
55 880
4199 4960
7527 7891
90 5845
4609 6434
5004 5392
6200 6319
1233 3407
2201 3150
1459 7222
9621 9698
6931 7662
2119 6714
3467 9150
5686 8241
8670 8679
5651 8967
6023 9931
5570 6191
953 3257
1546 7401
5770 6542
6331 7127
4093 8137
752 9562
698 2382
1673 7685
3017 9983
9637 9640
7978 9396
7789 9379
5209 8464
7522 8081
7707 9228
861 7514
6705 8962
2336 8647
4510 8948
79 2618
1328 7901
169 4124
1741 7080
5903 6445
1265 8109
7700 7795
2670 8167
2429 6567
8378 8909
2202 4000
8811 8907
284 5535
308 6644
1672 3939
9083 9324
65 819
3952 6072
1619 5115
9659 9884
2048 5243
7802 8109
2869 9561
1319 1595
2245 9387
3741 5266
5128 9856
9708 9877
3033 8726
5806 6408
6266 6909
5738 7933
8671 9635
5188 6350
2699 8037
2006 4802
4276 9981
8195 8583
2656 6851
5282 8720
4515 6131
4218 9187
1856 6547
2450 8706
3474 3724
323 3899
2974 8499
8490 9917
8501 9788
7669 8654
3418 3599
4131 4147
7572 9304
228 8867
1934 8756
267 3775
3161 4024
39 8512
3990 5889
9574 9868
3290 5482
3373 5022
4783 4952
1629 7679
6105 8844
5534 6581
3851 7482
6276 8776
7711 8556
6164 7091
4868 8673
9626 9809
9875 9894
1593 2408
6387 7390
1927 5904
8616 8730
8767 9083
2416 6310
2482 5446
6615 9370
1002 2820
2577 5211
3502 6643
5408 7891
4061 4474
1124 1283
3374 9863
9246 9719
9084 9280
2268 7549
5707 7130
6105 9474
8359 9759
8389 9888
1093 5866
9790 9969
6109 7086
6933 9585
2891 4405
9963 9989
8402 8782
2107 6148
3788 7631
9139 9230
2742 8500
8700 9730
7084 9747
6142 8974
5752 6007
7846 8246
9581 9599
8230 8264
1032 8464
7884 9616
3726 4791
8944 8971
2430 9755
9012 9465
7355 8010
7424 9147
5070 7200
2558 5000
9998 9999
64 6484
7954 8740
8043 8997
5690 6088
8658 8866
2244 6745
9049 9658
2613 8096
5733 7628
6361 9612
3634 8039
1420 2892
4018 9055
4518 9960
2156 5011
4680 4715
7044 8447
699 8819
8533 9579
3765 9580
4855 9043
6912 8259
8678 9948
9303 9937
913 9562
516 7988
1854 7802
5173 9712
5556 9449
8065 8083
96 796
4285 7351
5000 9904
3248 9429
4855 9242
8279 8989
4466 4585
7633 9220
4233 9427
7836 8773
5489 6278
5763 8798
3483 4297
4580 9109
5113 9012
2938 4898
9149 9603
1888 8365
2055 8649
116 3488
3397 5573
476 1829
2241 9322
4058 7712
1566 2274
8319 8726
1308 3789
5806 6828
521 3010
3722 4024
3404 6292
5267 6558
8686 9649
2369 2520
5969 7528
9642 9976
1050 3301
7425 8432
8186 8565
6160 8099
6788 7758
6096 7391
7740 7786
2103 2398
4704 6440
6808 9505
6062 9185
7929 8173
1296 9063
6067 7091
7434 8521
4886 6879
4538 4647
2387 7222
5848 8031
5450 7201
2404 7766
9659 9903
3336 9712
4513 5012
3734 8413
8893 9011
1030 1770
790 8724
791 6986
362 2210
5250 8967
5036 6700
1286 6786
435 1004
9750 9969
2656 7114
6306 6855
9352 9405
262 7497
2086 8690
1497 4666
4078 4850
2691 5971
5564 9816
9114 9550
6104 8167
857 4814
3044 3324
4789 6620
889 8389
2708 4948
8544 9518
2297 3137
7806 9638
5654 8153
3394 4432
5709 9068
1741 7210
1300 9970
9159 9375
8020 9498
5027 5248
3743 4899
3008 3989
9187 9779
3023 7358
8025 9601
8120 8172
7981 9812
688 6530
2109 5830
3565 4446
2004 9343
4442 6236
6849 9008
8525 8946
5144 8518
5743 9627
606 8223
3508 6979
2295 9892
1567 6231
3063 3278
6931 9142
6447 8337
533 8815
8820 9989
5313 7176
9640 9728
1382 9460
2713 7981
314 8997
6224 6703
8331 9486
6928 9748
8142 9679
2504 6368
894 6563
936 1631
4474 5301
3693 4365
4005 5699
201 5418
7855 7858
3216 8866
6422 7481
491 4354
2539 9257
2835 4523
7573 9643
2464 8975
762 1249
1975 5349
4154 8995
9104 9461
548 8478
859 9764
554 2164
420 4486
5294 8961
6745 8446
5160 9326
5236 5610
5222 6876
3354 8150
2404 2562
4914 5032
5543 7878
1169 3672
1161 9862
4945 5716
2403 3312
3436 5756
4435 5659
222 6912
9592 9705
7895 8147
1853 9251
4301 5148
1406 4116
9297 9491
9771 9787
3088 7423
1848 3765
2525 8805
4673 9395
2290 5795
2097 9571
6662 9193
8411 8954
7814 7915
6399 7096
868 4984
4723 6639
7860 9197
7156 9428
4809 7617
6583 8801
9721 9908
2619 7381
5495 7071
544 8958
1140 2036
4714 6824
2044 7534
8698 9767
5041 6786
95 1643
6577 8825
9474 9955
6680 7722
3263 8448
4682 7992
3873 4854
5917 7170
4956 5744
203 6197
1429 2956
7857 8704
6844 7428
3566 7354
6475 8156
1001 1529
8531 9321
3438 7524
3066 6474
7027 8301
6271 8026
6555 8526
5262 6985
7693 8012
3646 5777
3184 5639
9381 9401
4843 6610
5656 6314
2359 7779
6183 9070
678 972
2412 6194
880 3650
4137 4705
4511 5155
6833 8120
4062 9221
8440 8943
5511 9941
3005 8892
3331 3604
4897 5196
9384 9918
5488 8777
1797 2439
1439 5501
2198 8172
7861 8757
2120 4155
4202 5030
8376 9291
9422 9472
7351 9770
9500 9828
4164 4175
9207 9289
8832 9891
2065 5297
9754 9956
971 2301
6759 7256
8725 8799
1781 6058
9517 9704
2854 6718
9372 9804
4345 5439
2806 6903
9668 9831
1887 4705
9896 9957
4088 4227
6896 7050
6210 6581
1481 2220
9385 9963
900 7052
2074 2480
576 758
8708 9132
2462 4079
5427 9468
8660 8833
3822 8673
171 4857
5309 8347
9922 9939
9127 9783
4156 4303
1446 6608
5239 8321
9011 9379
2350 7310
1577 2883
1701 2275
6138 9712
1405 3619
5546 5936
7875 8831
2897 3316
4008 7482
529 5706
2100 8621
4221 9993
950 6706
3253 3818
1142 9735
6228 8022
8324 8481
644 7080
8362 8902
3234 6196
311 1190
2887 7853
1606 9519
6135 8171
4957 5573
6018 7290
1160 9762
2228 6444
2025 3069
9468 9538
7885 8423
3514 7672
7621 9965
5294 7127
6124 9876
7160 8092
7721 8902
1152 9873
677 1472
5205 9484
7119 8939
825 2634
919 7617
1360 5049
6942 8399
2473 6036
3489 7663
4229 5444
4927 8009
1032 4338
145 1695
5758 7993
7365 7717
5976 7872
4962 8975
7600 8178
86 9725
3314 5195
5718 7619
6420 6725
3784 6787
1624 4462
2044 4652
3267 4236
3344 4057
5350 8790
45 5185
2381 8581
5656 8186
3366 3980
2824 6380
4152 4888
8402 9394
315 5224
9306 9690
6279 7457
8529 8996
9861 9974
2152 9403
6618 8931
1963 8422
2679 2945
8128 9893
9535 9711
9153 9452
2950 6649
4090 8827
6283 7206
5006 7260
4630 4762
6087 8318
7891 8268
3952 4899
8429 9393
245 1248
5911 9689
8463 9533
3899 7261
8721 9254
956 3482
3583 5208
4929 6221
7703 9906
3515 8003
2576 7684
7830 9881
5299 7127
3225 4930
4571 7454
7776 8901
2199 4927
1810 6326
5329 7961
6136 9521
5972 8788
6771 9851
3125 6208
5875 7319
4530 9203
8234 8769
9951 9958
8426 9055
3533 6758
4705 5707
2266 6871
1519 3342
6077 8842
8787 8935
6883 7620
9535 9960
6464 7587
501 1390
4971 9671
1175 7033
7648 7937
4158 5715
7379 8493
6122 7403
990 7745
41 2701
5854 9805
1280 7185
5551 7383
1525 4135
6794 9228
9466 9683
3081 5144
9002 9059
7781 8944
1723 2467
817 4169
6548 6941
9048 9154
377 5925
3115 4655
1073 1941
991 7521
3511 9780
6182 6560
6769 8198
9214 9808
9953 9960
7585 9308
84 5120
3633 5884
8182 8247
1454 9031
8685 9146
2312 8699
8850 9897
1087 2716
826 1502
3925 9400
9898 9974
5725 7965
3920 5643
5905 9200
6870 7327
1189 8294
8970 9953
2186 5060
3641 9822
1735 6804
6707 8150
2618 9186
783 5276
5867 6688
3613 9782
2094 4139
356 2076
2681 3331
7429 9302
6781 8501
7254 8662
9244 9440
2993 8478
5191 6422
1323 4363
509 5671
5683 8211
2210 2560
7425 7680
7586 8110
8815 9533
1091 8590
1733 4217
3684 5052
9391 9759
5083 7997
4407 7475
1018 1426
4609 9683
6223 6676
1147 6126
4176 4904
