516
4285 8400
5730 7733
9055 9920
3678 8895
3484 6494
8749 8985
2090 3751
5205 6499
96 686
5513 5692
5728 7527
7628 7884
7868 9861
1518 5848
4971 7528
1409 3371
5737 9494
3672 8401
4965 5405
4408 5554
5434 8462
4467 7993
1195 8786
615 2346
6497 6599
1822 5513
9603 9886
2686 8596
1633 9352
2541 8754
3638 8365
8115 8709
6013 9213
4312 7567
1316 6091
9330 9547
7602 9569
7606 8462
4205 8480
2029 5515
4846 8988
6051 6659
7066 8683
5728 8318
1304 5976
8702 9017
3618 6741
2687 3299
2333 5417
1453 6797
2692 3631
2576 9711
1081 9809
980 4842
4474 6752
1228 4060
897 7363
7708 9696
835 7566
8048 9898
357 2854
8619 8858
2991 9266
2293 5399
7135 7799
1188 9277
8451 8976
8380 9195
2397 5018
360 9295
1962 8247
1587 4055
48 1835
5221 9990
5476 9526
3649 5503
4462 9338
450 6145
6490 7726
138 2312
7208 8050
728 1445
1196 3680
5982 8364
4831 7674
3770 6229
1089 2120
6080 8252
122 815
5458 7010
7676 9316
4136 4243
3258 4442
7180 8034
9093 9431
3527 7923
7962 9955
2039 3747
2850 8303
8807 9013
5559 7808
2412 9909
1027 5532
8761 9874
2068 7933
7207 9138
8293 9745
8209 9551
9693 9942
3174 3301
5268 8607
2908 5336
2956 9149
3119 5765
8933 9157
2278 8512
6721 7053
3130 4328
4109 8175
908 7147
4422 5390
7742 9782
8616 9113
1393 2471
21 4995
4436 5936
897 9826
8289 9680
8496 9438
85 5213
8702 8921
4531 9859
9053 9309
2900 6621
6370 6875
7564 8395
4554 8366
3302 8562
3345 9069
7248 8030
738 8047
3808 4566
5078 8539
1643 2026
1216 8310
6707 8128
5373 8324
3809 7075
9117 9486
3434 8445
1681 9994
5489 6130
3920 6952
8826 9806
5384 9175
5510 7647
5761 8487
371 387
1147 1725
3654 7612
9782 9797
6737 8040
7326 8714
489 1733
5433 8049
4984 6303
3805 7957
2999 4771
5862 6968
8963 9810
9824 9846
2174 5395
7527 9190
5817 8305
2414 3483
6451 7389
7727 8704
1385 7551
4460 5961
6256 6473
5374 9082
9273 9397
6959 9215
2199 4954
9713 9992
7611 8288
324 8715
7246 8660
9558 9916
4135 7276
5885 9407
2183 3898
4153 5959
5916 7183
6399 6505
7435 9113
2297 3058
8567 9203
6240 7431
8850 9785
9538 9887
8449 9078
4895 8325
5166 9061
4153 8188
9692 9918
341 8779
4987 6263
6351 9870
4970 9134
2573 6193
5343 6377
1391 9816
6687 7040
1991 7482
2124 9892
2145 7466
2446 8742
1283 1401
2369 7829
3071 6874
9347 9578
4967 6327
1818 5984
5310 5487
8126 9674
4172 9792
2641 3697
2026 7124
2539 2580
1337 2201
8171 8390
8452 9020
2309 2892
5637 8490
1139 2639
4320 9692
319 6180
4459 4777
1687 9695
9217 9718
2192 4464
5846 7813
6601 9504
7400 7815
7641 9702
6432 6498
6070 9753
9946 9947
9511 9518
3131 5740
2290 8966
4582 6077
6930 9799
5900 5916
7573 8885
2627 5076
9741 9788
9279 9873
5450 6274
5092 9097
1047 3113
595 6310
5788 6539
7020 8733
1403 7940
9262 9742
9645 9881
4759 6574
4631 9510
8805 9898
5047 8382
3092 5494
469 5076
7523 8454
108 4601
7736 8249
8969 9856
9772 9944
9594 9934
155 3365
1736 3544
4977 7009
5997 6004
3034 9874
669 7112
4917 7333
9597 9618
1795 7385
3897 7579
1022 7460
3154 7653
5526 7174
3944 5019
5322 6557
466 9689
341 8444
5090 6959
5531 8877
3241 9018
3707 9519
4513 9482
1476 4304
9985 9994
5589 7500
2338 8989
8717 9483
7683 9186
6659 9775
5153 6504
3712 7506
3593 4004
1780 2269
4151 9140
8187 9885
3561 7518
738 6063
8425 9929
2166 8355
8837 9532
2600 7867
3688 7177
2522 8762
3486 7914
5849 8616
601 4428
7266 7777
812 3005
4431 6980
553 935
9205 9945
8397 9574
139 3121
2170 6088
6794 8436
2564 8273
2681 6051
3088 9220
624 2210
4059 6609
2657 7909
5374 7156
1194 8195
4985 8201
1774 5375
961 2767
9940 9951
5275 5339
9906 9917
2484 2615
9449 9625
5776 7139
3299 8392
40 4779
8601 9859
4050 7956
685 4820
3724 9577
1335 7934
4963 6903
5730 7601
448 4523
805 8679
2243 4969
4325 8626
325 8026
4318 8569
6116 8881
6094 9612
2707 3816
3354 6548
7798 7978
6085 6709
6528 7688
1846 3307
9738 9835
4542 7695
3549 5021
6033 9427
1593 8981
9449 9624
7339 9889
3999 5159
6823 7281
1056 4314
5576 8572
9177 9392
9779 9898
7872 9989
8560 8889
2911 7634
1088 9493
1351 4654
1616 5989
5238 9985
5257 7547
1121 6897
821 3884
2492 6860
8784 8843
2408 3000
4961 8098
2413 4803
7567 8023
1175 3084
5101 9127
3897 7924
1868 7374
6234 8802
4818 9733
103 8483
1670 8698
1434 7901
9915 9917
2434 8730
4269 9531
146 7845
5076 8987
8700 9493
2263 3285
7643 9193
9134 9872
4807 7531
3476 6343
6696 6898
3081 7439
6296 7411
6157 8192
8306 9163
2514 7205
7910 9018
8595 9739
9544 9572
5898 7056
2502 9650
4153 9771
7186 9352
3792 7198
8774 9712
7376 7758
8413 9780
1197 8986
7993 9677
1281 2023
817 8021
1282 5472
4352 7678
7326 7889
4954 5913
1530 9785
9854 9984
606 6325
4268 7519
7743 7926
5386 8084
2644 4011
7321 8757
8925 8972
8223 9978
6948 9717
834 9131
5043 8065
5481 6234
2315 5548
7066 7550
1838 7027
5115 7933
471 1067
9002 9020
7194 8715
6682 7912
4174 8218
525 1903
1634 9682
5403 9203
8988 9965
541 5363
7408 8338
6251 8427
9262 9885
956 5175
4866 6126
519 8483
7161 9398
8336 8358
1881 6784
9480 9624
7389 7825
3351 7987
1920 8811
2724 6110
1392 2538
6893 8022
2074 9449
4789 7187
6493 8117
654 2821
3143 4995
212 1354
5467 8042
4437 7147
7396 8771
9040 9692
3455 5799
859 4663
105 4786
2793 9329
479 2321
2906 7086
8615 8843
5057 8460
2959 3557
4741 5511
1406 2062
3247 7410
6100 8352
