663
6443 7235
7017 9277
1927 5175
877 6694
5229 7567
2589 8740
9238 9850
1878 8442
98 6820
5875 7333
9699 9843
1534 4288
9112 9951
2395 4123
9729 9931
1755 6046
591 2530
1573 7026
574 9636
5459 5486
5056 8855
7545 7826
2949 5014
2393 8303
970 4528
7791 8915
6932 9911
8254 9844
287 7880
1044 7532
1870 6846
9844 9892
3089 7618
7766 8355
9365 9850
8216 9230
7884 8155
1052 4045
5194 6687
3931 4173
937 3740
7219 7330
9920 9952
3096 8215
8600 8782
1951 2205
8578 9975
7176 7303
672 1628
850 5312
7350 7617
8239 9603
2281 6501
5498 9762
8776 9521
6324 9653
1651 7945
3028 5283
9784 9889
2000 4306
4288 8833
7175 7279
1846 7501
4106 8977
1254 2844
230 9108
298 6857
1303 2912
2599 2940
3134 4690
5831 9159
4478 7878
3143 6722
9066 9808
6304 9326
4724 6619
4044 5611
1850 5318
2121 3334
5169 6205
3016 5968
847 2942
1810 2777
2430 5306
8877 9307
1098 9490
8861 9814
6784 7678
9939 9965
7114 9400
5490 7913
2250 4622
2233 7440
8937 9995
1067 3247
1784 4787
1408 5375
6654 9085
5657 9485
1683 6541
8770 9725
880 4151
3742 8923
6861 9196
3913 9720
6314 8280
659 3936
2522 8150
2371 7103
3218 9444
4606 9735
5745 6585
8965 9162
7815 9879
9294 9809
1404 4856
4763 8698
4425 4441
7609 8980
2285 7425
6823 8273
506 1390
1435 8366
3735 6660
9696 9698
7644 8689
5886 7189
369 6997
2486 9575
2835 8178
6885 8987
4267 6584
2880 9327
5577 7447
435 3291
6250 9959
1060 9537
4481 8839
9330 9660
1573 3931
4679 7321
6067 9680
3732 9592
6136 9388
3610 5621
3661 5599
2761 3090
193 1009
1805 4271
7860 9574
3035 4913
9777 9823
2503 6057
6233 7911
9179 9228
599 7325
5035 5375
2373 8740
5685 6323
2063 8733
5106 7388
3231 5023
2675 7440
2573 7942
3216 5830
7497 8288
7259 7484
8019 9258
536 6587
2349 9624
341 3814
9946 10000
8982 9600
3167 4195
6110 8273
1227 1323
8962 9162
3090 5036
1897 8115
4148 6322
5750 9661
1340 5496
6189 8973
5095 8121
7153 7530
2224 5881
4858 9428
1875 8789
7343 8403
4466 5520
1973 8746
7020 7368
6684 7124
2766 2794
5182 8252
5613 6667
8545 8767
7778 9861
4815 5056
2619 4677
4618 6145
6390 8579
8965 9201
1911 3625
2869 8995
8644 9750
8082 9945
7653 9735
2688 6023
290 653
3414 4399
7123 8024
9918 9942
6139 6480
7186 8757
7109 8500
7916 9049
3705 6887
8054 9186
3810 5613
8586 9574
4270 6203
1144 2385
4135 6169
6453 6965
6908 8162
1950 8755
9577 9970
2532 6159
1231 8888
1469 2625
49 5513
7650 8952
7161 8500
6177 8240
565 1803
651 2452
747 7092
8699 9128
2090 6673
2501 4241
4324 9642
3595 8576
8120 9217
387 3901
1491 9263
7565 8547
8739 8979
9872 9893
1597 7065
5240 8252
3695 6080
8832 9119
3274 9050
9442 9468
5962 6301
8211 8690
6101 7424
995 7649
9734 9959
2406 4058
1304 3038
9898 9972
7731 8010
8999 9200
207 2720
9805 9944
9114 9564
2398 5581
2496 5531
6841 7863
6028 6456
8352 8420
4474 9019
2488 5376
92 3900
6548 8740
1545 3724
8930 9513
2314 6976
3807 9924
2583 6047
7601 8536
1773 5883
9116 9854
915 5507
9973 9984
8042 9262
2909 5049
2207 6386
9993 9995
1924 2073
510 9778
1821 4104
887 2374
2099 2574
440 2955
5787 6314
8821 9951
2276 2917
5702 6241
4896 5612
9778 9887
347 7663
2362 2386
9565 9791
7774 7921
7166 8825
5503 9063
5991 9282
9374 9724
4493 5102
1762 9471
2345 9860
1991 3353
1731 3941
2542 8083
5815 7921
2982 6960
4660 8209
391 5157
1133 1230
6255 8878
1979 6869
2407 9926
795 5901
553 1610
2229 6156
4018 8831
4668 9758
476 1266
562 4443
7582 7687
3100 4574
6021 6699
494 4754
1233 5666
7281 8962
2917 6355
9578 9999
3594 5394
2940 7329
3343 7091
7108 9159
4168 5334
1847 7801
7126 9764
9243 9558
2053 6594
2160 7861
7093 7216
6800 9510
9113 9810
4171 8743
1438 7463
9394 9968
3348 3628
6605 8241
7770 8879
5407 6474
7687 7841
4692 7960
4012 6235
5013 9002
9057 9515
3718 7685
6019 9844
4297 6491
4044 5981
7582 8659
1118 7448
2127 2955
9107 9514
8692 9992
330 3012
6709 7830
3143 5461
8949 8968
7348 7394
5676 6698
2524 5139
8282 9571
9824 9957
809 8696
6295 8600
2215 7387
4440 4874
951 2431
574 4734
25 2772
2635 6431
2021 6525
7258 7653
5957 6877
2077 4308
5367 7764
5817 6197
5318 8497
7293 9534
994 2414
367 6335
9510 9951
591 3557
2019 3813
4411 8657
5934 7334
1440 2360
1801 2841
8158 8612
3576 9033
1259 2610
2560 4103
1880 9547
7377 8504
3395 5811
4271 6771
5290 7374
3654 4022
8508 8801
9677 9738
8302 9116
3574 8109
196 4729
5665 7543
1314 4749
199 1847
8442 9307
6161 6411
756 1129
8608 9332
3960 9784
2821 5797
2476 3310
4350 7303
2701 9388
8314 9367
1632 7417
1729 6860
3055 8090
4062 9028
8621 8760
5286 6406
6219 7913
4790 9718
4174 7695
723 9119
3734 3981
674 7237
393 4938
2029 3885
5365 5798
8212 9698
7601 9729
8042 9562
123 9582
4388 4833
4369 8045
1351 4970
1275 5007
8619 9408
2177 3039
2530 7676
8768 9948
1607 8591
1276 8401
8035 8992
8364 8889
281 3268
1060 6470
8119 9133
8348 9272
8251 9222
3850 8849
6321 9225
5838 9353
1432 6089
766 5060
8622 9454
6018 7524
688 4081
2304 8716
2509 9444
2665 7370
3701 9004
2097 9745
596 1638
1056 1881
4061 8504
8817 9186
1802 4015
4184 9286
9281 9779
7882 8578
6146 8674
2830 7974
4792 9775
21 8338
1900 3434
6728 9132
1482 3500
2278 3438
8084 9628
226 1659
6366 8941
4678 5576
2222 8587
6952 7834
3496 3712
6544 7026
6135 8944
6866 7624
7011 9296
1353 1808
7237 9400
2712 3809
7546 8889
8385 8919
5822 6104
2747 4267
434 6901
8773 8782
3812 7275
6782 7822
9542 9873
8127 8343
2455 9119
6352 9302
5971 9618
1441 2436
7722 9880
7657 7977
1278 9956
7717 9872
4502 5851
5337 6075
2467 7377
5252 8996
3102 7760
3662 8617
8054 8508
3057 5538
9555 9656
5379 8476
7678 9250
5403 8442
5551 9674
5114 6055
4216 7906
9723 9847
1878 1957
3812 9011
2854 3895
3441 8694
841 3227
3255 8875
9040 9103
8107 9253
9676 9742
4477 6842
4243 7403
3815 9014
4627 9755
7407 7696
6916 8444
2533 4409
2594 4894
4660 7023
8489 8634
71 1920
4427 9945
9802 9988
8212 9040
4905 9167
1478 3453
7387 9480
8469 8694
9881 9919
3731 6522
8011 9250
130 7896
6262 6684
8794 9529
7857 9910
9496 9820
2335 2460
3459 8709
1970 5499
8932 9312
878 3186
9730 9977
4861 9097
1489 3958
8717 9972
8588 9100
3756 9749
211 634
6142 8120
9342 9706
8986 9923
8974 9407
644 6742
2763 7981
6810 9850
2372 3271
310 3730
8405 9614
7773 9803
1050 8518
9591 9631
9863 9936
1837 5991
7718 8191
3122 6370
8425 8790
1701 4786
3576 8320
4777 6106
870 1403
2340 6656
2182 7445
724 6917
2646 5738
2232 2447
7617 9319
2778 8783
1542 4351
8826 8837
3198 5880
185 7830
1838 7182
4697 8943
9939 9951
2416 2725
9407 9711
179 5505
3128 6782
1098 3539
1713 7180
524 7879
1858 9083
6562 7252
9891 9916
6321 9271
3260 8455
8276 8761
8999 9512
211 2248
2103 4852
2658 5366
9629 9665
5313 6654
4720 7930
2611 8121
5428 8900
9263 9982
1484 7089
2742 9577
31 1949
8719 9034
6569 8553
2335 5513
7164 9192
6210 6211
