680
7418 7462
838 1390
3531 4436
1098 9084
9657 9848
2632 5938
4836 7350
3751 5336
3462 9832
9455 9591
2886 8504
5042 6387
3525 8265
7730 9971
6893 9699
7227 9645
9891 9986
5968 9390
8358 9896
2002 4291
3047 5522
3194 8615
5348 6219
2666 6442
6558 9085
8937 9701
8405 8736
8214 9338
7996 8487
7343 9990
3781 9654
9061 9362
5003 6880
2467 2917
1347 1643
240 7672
3655 6609
5890 6303
4261 6014
9564 9948
6996 7598
4877 5195
9148 9484
1064 9195
3661 8282
5116 8805
8998 9634
4832 8994
8203 9464
9262 9951
1191 6137
2565 5653
3468 7171
2567 5330
1387 6804
3709 4997
9203 9431
2463 4767
1673 7701
2869 8444
7907 9061
96 525
1174 8328
2907 4631
9331 9479
2892 5872
9042 9709
7524 9266
4711 8143
2371 7406
9449 9455
584 9475
1506 9527
6064 7739
1685 4209
5474 6103
2357 6187
906 1305
947 8070
8190 8465
1732 9282
8278 9363
2280 5167
6516 9577
2354 8613
5754 9377
2723 7200
4411 5649
470 9400
6923 8408
5812 7255
280 6556
9226 9755
3605 7204
963 9630
2727 5175
1135 7329
9977 9977
1866 6427
666 7509
5949 8759
3620 7363
8179 9139
2705 5634
9234 9763
1634 7330
1324 6832
9069 9309
7626 9832
3795 4863
8446 8638
217 8721
8715 9071
696 4958
3723 9314
3336 4770
3639 3805
9482 9789
1152 9742
3697 4052
9196 9203
9514 9905
4364 6795
4142 5181
763 9938
3434 7149
1375 2695
8950 9304
6292 9288
692 5767
469 1465
456 7626
9205 9844
9033 9665
4544 6218
3959 5447
7996 8749
9859 9953
5786 8558
2390 3475
542 3515
1529 1936
3715 3940
355 9810
9502 9821
7462 8430
2891 8267
8215 8981
7738 9857
105 4039
8655 9875
2092 7105
7586 8823
4220 5857
5273 7452
5983 9910
5678 7851
7320 8946
6379 8956
5551 9252
2871 9520
4771 9286
8166 8246
9257 9670
7436 8068
7811 7870
38 6326
8173 9057
5004 6517
6620 9427
107 4761
768 4562
3128 6768
9038 9818
7966 8687
3357 9517
6354 9832
6045 8307
9700 9794
6935 8053
6191 8710
578 4107
6262 6496
4520 5306
7063 9144
284 4472
649 2044
7728 8330
6459 9380
2124 9421
6447 9560
8877 9813
4707 8156
9417 9733
820 6136
855 3126
5170 6780
8120 9583
1480 2096
3823 7328
5847 6787
2760 3166
9193 9713
7103 7829
3926 9035
5002 6188
4237 5709
5594 6658
175 1080
5073 5948
7423 7780
3829 7502
5136 9602
6575 7749
263 671
2515 9589
7220 8597
902 2248
9422 9544
6047 6304
9423 9923
6449 8167
3922 7088
5274 8948
2553 6670
8518 9935
5881 9868
1579 3916
2222 2403
1475 8135
5200 7701
7162 7377
5650 9287
9463 9642
2587 6119
2492 5850
4571 4827
4657 6897
8404 8868
1261 5852
3341 9274
4386 8707
4128 7365
7160 8985
1473 4152
8115 9268
4786 9322
2332 8469
4795 8341
1396 2055
8139 8203
430 8347
1908 7278
973 6790
527 9870
9759 9836
3104 7484
20 306
9056 9399
4574 9585
3447 7735
7424 9322
794 7859
6908 9381
7331 7379
9237 9624
6669 7168
3337 7896
492 7494
57 5483
1375 2857
959 2573
3952 7285
1179 9071
5533 9444
6063 8342
6811 7363
1990 8073
3258 4550
1151 5387
5646 9414
3184 8799
801 5340
5826 9514
4709 9325
8621 9180
8133 9103
3632 8604
5901 8572
8589 9359
1983 2070
3355 9613
4774 7590
1293 8770
8866 9994
2551 4177
9582 9638
3491 8124
6993 7650
7408 7702
1942 8939
5006 7231
9168 9414
2669 8716
7653 7982
9106 9798
4759 7275
7176 7995
5129 7740
8632 9201
585 7916
1744 7918
6371 6441
5497 5760
2566 6130
7395 8564
5577 8223
9641 9787
3448 7552
526 7734
5832 5942
7452 9094
7845 9440
5720 9017
3739 3862
6567 9996
2057 4809
7871 8384
8476 9591
2580 4963
7135 9718
8149 8323
1970 3179
5522 7415
525 8778
4440 5432
7223 9770
6422 6700
3819 7558
1085 1652
8975 9455
9887 9902
7071 7517
7210 9302
268 1293
3568 8277
1414 3945
5804 7506
6210 6981
7033 8380
8757 8830
9490 9570
4820 6994
7384 8976
450 2783
5696 9681
6220 8746
5461 9017
4647 4793
5708 5807
2078 8047
8224 9214
6710 7140
9862 9871
7892 9267
7369 7978
9806 9956
1474 9502
2980 8532
2509 9619
6844 9634
9774 9788
7967 8209
7808 7814
5703 9244
5742 6015
3413 8242
9486 9685
2384 5020
4768 9395
723 1829
6460 9847
162 3658
1035 5369
4253 9307
4201 9628
5999 7898
7998 8648
2711 4900
1665 3530
352 5440
3653 9003
2142 9872
7935 8899
74 7441
4744 9230
2086 7667
9886 9936
4042 9791
9661 9738
6389 7998
6969 8354
5348 5770
5081 5721
8630 9893
7908 8053
5979 8829
904 4453
673 1982
8792 9005
5041 6968
3528 7118
5008 9741
9549 9571
1994 9861
3441 6618
4426 7239
1034 8410
3215 5360
7394 7939
1714 3284
7322 8356
7042 7363
2553 8710
9314 9996
3786 7781
4834 9691
5747 8496
9335 9601
8678 8819
7201 7761
3068 4548
6368 8684
3078 5467
8914 9405
3694 8991
8987 9810
1516 6827
8977 9265
2012 4195
843 4171
150 614
2606 8362
8593 9929
1130 8410
3089 8381
5954 6468
243 5576
6641 9610
3951 7485
5121 9530
8906 9498
5158 6124
3236 9522
25 8445
9128 9777
9445 9643
2625 2625
8015 8370
5447 9525
6329 8163
8390 9621
698 5553
9865 9917
1639 2139
3125 7397
7143 8581
2009 4212
1275 5335
8362 8704
3470 9907
4791 8325
4142 7214
8503 9850
1511 8635
7679 9895
3591 9936
4060 6368
8530 8992
1896 3040
6894 8269
9392 9991
1803 2052
5327 9102
5726 9906
2607 6909
9538 9859
1084 8335
8128 8612
2609 9995
7214 8536
2954 3175
5590 7442
1524 2238
1130 1599
2318 3856
811 9364
9624 9787
4385 7997
9257 9655
3280 5467
428 7103
7282 8262
5170 9236
5646 9290
8313 9309
746 6057
2905 5636
4239 8121
46 9682
2042 6104
4192 8593
5468 8992
391 6190
3013 7029
2441 5783
417 8083
6160 6310
1612 9669
1575 1805
6684 8653
6413 9796
7783 8970
6643 8302
485 2917
8136 9911
1489 2769
1879 6340
4819 8305
8386 9646
6532 8169
2238 8256
5915 9960
5576 5766
9018 9531
8480 8555
3917 6097
1673 8009
3579 5332
4419 7841
1209 5082
3901 8802
8390 9549
7041 7824
563 2262
1191 1841
2012 3464
2105 5535
3822 5848
6998 7570
2912 4687
9610 9809
6263 6375
591 4254
689 2403
9289 9605
1396 5376
2783 9959
1891 2041
4822 7756
4692 5590
5890 6884
2861 7750
6258 8852
8009 9721
1711 3778
4326 7112
5309 6453
1178 3071
1151 8560
3955 8522
3857 7702
6588 7643
1553 7659
5054 8769
120 273
1481 7447
3217 3367
8 2493
3605 7410
4730 6314
1298 3640
6067 7029
167 2508
5980 7259
8440 9947
2791 5857
4017 6682
3825 6744
8524 9756
2097 9119
9489 9779
5231 5867
3064 4219
3905 5406
3434 7214
6757 9915
5213 8344
4669 5059
524 6567
5843 8549
6677 7390
3059 4695
5542 7760
2491 9010
2533 3126
1082 4939
6334 8229
3392 7927
6488 7199
5950 7060
1537 6980
6296 6356
2618 6508
5492 9922
7097 9906
2861 8810
9972 9999
8670 9450
8737 9602
6788 7522
8486 9696
5350 7439
6200 9462
9473 9730
1425 5103
5572 6023
7764 8430
1838 2114
7708 9761
443 780
6765 6832
7680 8849
5658 8348
7891 8716
280 1596
3959 5596
7900 9458
9726 9900
6702 7835
7741 8121
1913 5935
5656 7089
5244 9690
8254 8560
9368 9943
965 1612
2592 5710
7800 9219
6390 8764
9054 9056
1466 1498
7647 9525
4156 4469
2911 5180
7564 8636
7709 8335
1616 4607
9773 9822
2813 9487
9262 9898
7564 7722
7086 8778
5394 6986
5702 8374
2409 8395
2598 2912
1809 9996
1666 5149
1911 4470
305 3579
4942 8655
256 5809
1331 8078
4266 6786
5583 6373
377 3427
7490 8955
8747 9671
892 7748
