696
5624 7889
8492 8706
6852 7331
872 6059
3499 3875
4431 6460
2565 3674
1648 7166
1018 3748
7788 8717
5128 6546
1318 4642
9484 9797
1938 2239
7837 8561
8764 9338
156 1609
1879 7895
8681 8739
5959 7023
4166 8782
2396 6436
8097 9460
1904 7729
2916 3312
2894 8706
6108 6315
2038 3202
9081 9997
4635 6528
7275 9569
2661 7596
5868 8066
627 4058
6164 6884
7094 9257
9127 9376
2050 9807
2143 8005
1873 6742
170 9794
5983 7477
5153 6280
6464 8619
1524 1760
4736 6714
9018 9191
9612 9883
8182 9874
697 2466
6156 7194
4060 4835
4054 7454
992 3422
1720 2906
6003 9696
3012 5505
6816 9592
9085 9635
2214 6294
6956 9733
6301 7748
5787 9039
2491 9739
1393 2745
5526 8089
1991 2809
370 828
1951 2257
5380 6661
6269 7213
3631 4946
8453 8888
624 7596
5838 8960
2502 5321
1148 1180
4453 4893
9321 9358
7502 8516
7646 9504
1452 9791
3443 3677
2676 4863
4412 9641
3356 6380
9422 9451
8075 8979
5361 6216
5874 6101
6037 6088
4390 7560
3341 9486
7212 7372
545 1711
7118 8698
790 9413
6067 7312
3907 9541
2260 9543
8683 9861
8034 8944
7236 8531
8230 9019
7505 9869
4094 4390
3041 3545
6707 9762
6383 8585
8854 9011
7735 9339
8666 8818
5412 8095
3703 8644
4932 7626
7723 9216
4486 9006
204 8675
1485 9380
8428 9917
2680 4622
1426 4144
2955 6282
7986 9683
4006 4882
2134 2666
7242 7906
3 8980
7248 7823
5985 9975
4459 8585
2844 4499
6296 9637
6328 7889
6328 7940
6430 7434
4152 4668
5922 6645
6945 7735
8739 9544
3895 6371
6553 7906
13 5388
845 9934
1599 9702
7271 8325
3918 8741
7297 9532
2656 3982
2467 5270
1975 3235
2801 8307
7417 7605
9510 9900
8451 8489
2783 3970
2858 5724
885 8988
1880 5822
8777 9801
4685 9112
2540 4513
3824 4783
4620 8755
3927 7151
5276 9161
156 989
1991 2756
9950 9962
7365 9653
10 6240
9919 9993
8561 9912
568 7130
8352 9112
9887 9894
5814 9594
2219 2287
1469 7410
7624 8348
9263 9819
5389 7662
1417 8341
1193 1255
2508 8929
3 1659
8733 8821
1458 4750
6240 6366
7431 9291
2341 4452
4926 8585
6067 8023
8099 8860
8452 9599
1672 2575
1392 4845
3432 4465
1385 3342
6933 7038
6020 7929
6918 7905
2631 4978
1083 8339
6935 9058
2602 4731
1096 4867
6912 9530
2716 5160
2664 8859
1068 6012
9122 9430
767 8834
5123 6330
1093 5409
1890 9525
5715 9178
2449 9193
6678 7676
969 5058
1813 8085
4620 4926
4903 8047
640 2643
2885 2984
3828 4359
2669 3304
419 5279
197 7746
1099 6222
8124 9169
2643 6419
7841 8949
8646 9412
1158 5281
9547 9974
8430 9501
9765 9790
3380 5775
7348 7932
387 3400
1314 2085
2700 3180
607 2286
250 9729
8138 8915
2467 6920
1613 4717
6210 8224
3403 7109
1377 2430
6012 6503
8416 8863
5871 9487
232 1279
7951 8916
8064 9535
8836 9720
9010 9064
6571 8559
5776 8144
5561 7928
8827 9136
6053 9545
1728 4178
9003 9480
5926 7242
8995 9104
1656 7666
8062 9433
1977 2355
8731 8935
6812 7072
4715 7077
4980 7779
4593 7476
7114 7439
666 3590
77 6023
3550 8022
2690 8614
5364 9802
5300 7951
3837 7507
4752 6704
454 3759
1556 9950
1914 5074
3990 5792
509 3976
5473 9048
1269 3923
8876 9122
2212 5114
7908 9304
3396 5881
81 5104
5950 8439
2752 3445
7448 8425
1654 3909
2392 8552
8229 9780
8021 9034
3152 6669
6180 7331
4176 4728
2271 7232
2448 5507
3325 4435
7317 8053
3854 9207
2681 4981
9656 9725
2422 6624
691 6514
161 6884
3686 4826
1745 9286
3609 5753
3582 8287
9663 9805
7362 9450
201 8127
3059 4595
1800 3558
742 7078
7319 7805
3580 5852
3300 8488
6263 9146
2225 6790
4221 6632
9961 9976
1549 2287
2267 2611
4374 5937
6570 7647
9957 9998
9373 9914
9414 9435
6556 6921
3937 6193
9722 9913
8321 9812
9500 9640
3300 6995
840 8203
9503 9828
687 7784
5782 9230
4237 9451
3573 7661
5837 6974
7593 8958
2405 8157
5469 8606
2862 4335
7245 8854
1323 3099
1069 9414
6500 8998
2710 9629
7587 8236
2218 8110
3597 9540
5348 9170
8834 9363
8842 9912
2713 6522
350 429
6513 6683
122 3718
4632 9457
7883 8995
2411 7317
2068 6548
1438 2883
6217 8300
7909 8587
3938 6253
1471 2250
7727 7829
330 5612
6120 7991
6499 9320
2048 3093
3019 4793
5603 6197
3641 9096
322 753
3756 5360
3221 8964
7984 8235
7111 8577
521 6300
9266 9422
4597 6110
7942 8504
1664 2643
2055 5360
2500 3999
1163 7581
8293 9313
2356 5752
2467 3485
3243 5774
2894 3400
5116 8162
7388 9465
6863 8888
1821 2931
2706 5009
7450 9874
7116 7700
8968 9239
2276 7430
5331 7748
2489 9133
9669 9841
5770 9478
9739 9926
7546 8093
8046 8842
3543 6320
3946 9360
7216 8489
1107 2986
8036 8216
6585 6840
6975 9255
9605 9983
7805 8090
9665 9926
9091 9232
658 8047
5611 8683
3067 7966
6720 7314
7126 8075
3772 5131
1542 2925
7696 9185
9412 9658
7365 8412
9672 9728
8563 9191
660 5268
381 9425
8714 9706
288 3631
8874 9761
3397 6014
7352 8868
7913 9708
751 7841
6112 7233
1984 8177
2612 7069
4649 9543
6958 9573
691 1964
2006 2380
5612 9082
4454 6313
7716 9342
8108 9709
492 9082
2575 3886
9135 9216
3403 6330
5640 8284
6011 6583
5147 7503
4139 9503
3668 5688
4659 8145
1759 9128
3142 7964
2883 8644
6825 9222
1779 4269
9595 9951
6499 9251
3284 7499
515 841
518 6097
7953 9501
6630 6969
2563 4402
382 2833
160 815
9453 9938
6285 8734
1437 2439
8872 9763
441 7125
7559 7788
8647 9081
5544 6023
8517 9703
2176 2409
946 2346
580 6869
9323 9389
5131 6843
2706 5116
864 9995
242 9269
132 5584
8200 9570
1591 4654
1827 2536
9564 9660
7009 8601
8270 8665
261 7223
4353 6754
413 871
3665 6545
8136 8940
7139 9778
2218 7238
5161 8381
168 674
1780 6050
42 4133
5226 6415
7621 8882
8244 9250
7782 8404
1843 3571
1342 7834
2526 5511
4607 4858
2192 4668
144 9158
9249 9616
1667 9142
6837 7314
445 4794
507 2895
5656 7373
6064 8299
3488 5509
9547 9642
1342 7864
7657 8826
2318 2380
6368 9037
6973 7038
2648 3792
9154 9982
939 1797
1012 2065
6558 8922
3737 5681
2034 2288
8745 9716
7851 9917
6432 6689
5243 8955
9076 9183
1109 3982
1142 3082
4700 7606
8800 9944
9009 9086
1339 2118
4110 8110
3241 4261
454 5188
4840 9183
9106 9108
9516 9739
97 4001
938 4904
5214 6495
4675 5059
8322 9938
2631 8122
3831 5089
981 1329
4911 7618
147 7357
233 7337
6843 9877
9861 9951
117 5255
3175 9477
4422 5918
1908 3397
4668 5990
5944 7448
275 2254
3254 6702
5338 6871
9182 9884
4772 6035
1410 5666
2382 9500
215 4150
3448 8902
3819 5953
4563 7354
9619 9758
7441 8762
6937 8865
8376 9582
1088 9675
2888 5706
1078 6264
370 1969
9857 9992
3111 5877
5835 6571
1422 4864
383 2576
2352 2691
8561 8839
4470 8797
5060 9375
2895 6131
2836 8723
989 8683
5693 7996
6257 8979
2134 6021
8652 8969
4183 4298
2561 9196
9208 9808
9710 9719
3148 3411
294 7014
9960 9970
9982 9999
6883 7711
5120 9225
9923 9993
3425 5268
5498 9426
7998 8814
1875 3402
7089 7475
9416 9601
2153 2662
1813 8292
8306 9496
7359 8139
8615 9311
3012 5957
7411 7726
6200 9913
5891 7163
7395 8610
1210 3712
6931 8037
4784 8752
3753 8749
9688 9861
9279 9781
9533 9641
7242 7406
1545 9028
5068 5438
1687 6705
2741 7172
7395 9156
7252 9393
570 2360
1617 2251
3856 4980
6222 9339
1548 5049
1590 3252
7385 7518
1957 9067
9541 9666
2101 9337
7161 9272
5636 8275
7853 8849
1999 9302
1438 4223
8100 8749
3906 9107
1393 3701
1630 3064
155 4380
4252 7648
8340 9312
7942 9708
7326 7910
543 8993
1399 3510
