588
1374 8196
835 1926
8585 9492
8577 9864
1788 5112
3201 6971
5901 8222
2563 6916
9906 9949
7487 7888
4239 9031
5060 7041
338 6322
6327 9309
3148 8794
810 1966
5298 6846
9753 9806
5461 8266
7827 9071
6889 9371
1432 3955
7100 9582
5281 6415
6849 7271
6835 8294
2807 5165
5245 6965
9136 9617
4518 5320
4274 6746
9379 9676
1703 4993
1759 9845
7494 8084
149 4150
5866 9712
672 9876
2622 2637
6407 7702
8998 9051
7288 9321
7256 9070
845 9778
1466 1831
9040 9373
3125 9508
4177 7582
7823 8725
9376 9441
5809 9930
8803 9503
6936 7522
6452 8955
3044 3776
3632 9615
3343 5080
9077 9795
5514 9167
6010 8183
7396 8938
9007 9782
6468 9255
8165 8771
4137 8695
9534 9990
3348 6542
8433 8644
5431 5896
858 4049
3033 7622
8732 9173
2038 7173
9315 9648
5321 5856
2643 7043
2783 6388
8027 9672
8270 9449
1109 2869
3975 7616
2970 4251
1775 2974
4374 9798
9102 9214
6974 7733
3694 5128
9803 9925
8056 9895
7283 7852
4335 5638
4570 8167
1430 4453
1618 1648
2695 3242
1326 6844
6062 9210
6651 8031
2969 8216
488 5454
4748 8229
3183 6654
3422 5445
8859 9535
1328 6206
351 5469
6015 7576
8841 9884
5109 8275
9921 9929
9703 9733
8046 8207
1540 6260
7673 9214
4906 9615
8355 8840
7960 8476
2648 4092
817 5647
1842 8182
2434 4174
782 1962
783 1333
3193 7513
9492 9668
265 2955
8963 9636
2806 4272
9378 9541
4923 8213
1779 7553
7528 9534
8503 8584
2595 6812
8289 8300
9186 9943
804 1106
3194 8315
7911 8216
741 8814
5574 6055
9947 9963
6899 8517
3808 9470
6836 9354
8690 9235
8258 9671
1149 6881
5249 6473
2709 6819
1219 9438
9884 9937
489 1040
3580 8864
5763 9719
3058 7374
276 641
7153 9946
865 6093
9482 9977
9398 9910
4269 9521
3037 9934
5039 8591
219 7502
6669 8874
5559 6438
2119 8234
9072 9674
8248 9809
572 1649
2617 7817
6353 7852
3872 6350
6746 8591
4420 8986
9496 9711
7246 9442
363 2425
7441 9434
8891 9131
4303 6778
3703 4691
3464 6794
4113 5075
1912 4189
5936 6050
6778 8684
3944 8476
764 953
141 250
2873 3736
5371 9985
1232 7666
7900 9878
173 5826
3959 8155
5256 8596
2316 9951
486 9935
5143 7923
6278 9621
4406 9128
9088 9128
9266 9617
7841 8262
9941 9943
7491 9729
2118 9660
4232 7478
2649 6060
9583 9729
3324 4924
5780 6946
1608 2688
906 1064
78 9818
4110 8109
714 2097
7717 7952
1211 4686
3929 7063
7950 9199
5598 9948
9616 9819
1312 2579
2772 3972
9069 9374
2163 2722
8590 8754
7604 9917
9609 9800
9736 9759
948 6061
2454 9034
8891 9215
3810 8249
6789 8899
1805 4660
3901 4772
3942 8157
5508 8182
525 1316
1736 9266
6880 9065
4249 4643
8663 9781
8382 8935
8811 9851
8789 9546
2657 8629
5099 5229
2664 4734
4051 6690
1587 3094
1813 4032
4342 9217
9613 9737
6644 7163
1492 9545
9291 9996
6271 9704
7530 9064
1743 7547
7872 7935
3916 5900
6002 9764
1865 6525
3189 5520
87 2960
9579 9892
925 3912
7797 9795
7710 9784
3369 6508
2348 5893
591 3443
2221 9755
7263 7293
8812 8823
1003 9770
8440 9213
953 8296
3301 9408
203 6018
6920 7172
5020 8539
3988 5405
6213 9939
392 9654
3223 3497
8679 9170
5838 6133
816 5352
8808 9162
308 8561
5689 7843
397 9310
4320 5562
8967 9190
2563 6480
7659 8334
2631 5986
9823 9894
777 2733
6183 9234
7718 9758
4094 9260
1686 3603
1301 8530
2449 2928
8169 8594
9907 9925
52 5526
1042 4856
806 6183
3296 5363
9763 9787
782 7462
7014 8491
2240 4788
74 6710
4460 7516
8592 9153
781 1839
4521 5940
4713 4836
277 8538
1025 1223
3475 6201
5752 7766
9099 9392
5587 5924
1765 4135
3626 8869
1009 2563
2729 5557
5591 8724
6685 9225
9616 9963
1135 5198
4800 9576
5526 6940
3319 8993
3283 6591
3740 4036
899 3058
1695 8273
1662 2267
1319 7945
2434 7003
7355 9013
566 5880
8598 9993
4565 4798
1576 2228
9390 9715
2653 7236
4268 6424
857 8826
9432 9664
6151 8491
943 8436
6759 8221
5675 8587
9659 9672
5703 6453
3562 7405
941 8728
5815 5870
7407 8850
266 2119
6806 8020
8939 9921
5045 9422
1702 4439
2614 6567
5525 6449
4679 7167
9993 9994
9305 9653
1662 1717
877 5436
5820 7095
7924 8212
1182 5136
2421 5659
1788 7158
3420 8885
5406 8218
2845 4553
3489 4786
1371 9618
3717 4438
378 6566
616 942
9657 9906
1466 7329
782 5647
2659 7504
3434 6295
913 3699
5855 9310
2617 8195
4585 7737
3921 5653
2322 2370
4623 5328
9296 9736
5224 7213
4460 9965
3331 8659
7696 8690
3238 9887
4405 5511
7893 8550
3274 7685
4315 8385
3232 7305
2412 4139
5258 5622
8148 8747
82 6122
9036 9093
8576 8950
8723 9384
2352 7854
6864 8740
2039 3606
3472 7980
6793 9986
9399 9568
7881 9884
5821 9479
6388 7823
3689 6064
246 6992
1743 5532
545 5291
7569 9447
4851 6881
2625 2697
507 8946
5658 7694
9613 9974
3391 9795
8794 9595
9691 9788
614 809
9022 9702
4230 9948
1671 4205
3479 7175
412 1937
5715 7596
5853 9325
7891 8409
7678 8713
3748 4889
6909 8627
2389 3835
1850 6745
1478 9462
5919 6478
3432 9113
9422 9734
588 7709
3603 5010
701 1944
3367 7147
1546 5531
5035 9008
3098 6526
2197 2220
7862 9734
1833 6620
7185 9926
4873 7976
6226 7171
4696 6015
2113 7367
8209 9347
8992 9457
6283 6517
1324 7413
3025 8099
4571 4814
500 6724
1021 2694
4413 7463
3934 8678
560 7904
1496 4312
1147 5309
2426 7847
9828 9904
1684 6149
875 1019
707 722
4894 9599
8273 9689
391 5710
5352 7482
3057 7837
4869 6942
3589 8638
8696 9247
940 1493
6159 6214
1691 2693
9556 9789
4099 5819
7316 9324
288 5966
8048 9918
5904 9609
3708 5246
9299 9566
7401 8534
51 4509
8606 8877
4284 5587
1073 9132
1553 2565
704 6683
7891 8099
693 944
432 8459
2855 7387
7564 8794
5911 8396
9083 9741
375 6265
1747 4963
1688 8409
809 9173
4653 7134
6288 9646
6406 8096
3646 7980
9367 9821
4798 7317
6609 8822
4229 8297
3755 6131
6878 9719
4863 9239
8391 8735
2241 9431
1714 8310
173 5601
9835 9931
7530 7927
5181 5692
6695 7151
9627 9678
7828 9710
9439 9523
5050 5553
8633 8810
2842 4569
8448 9671
2268 6891
1287 4248
5560 7668
8652 9113
2299 2656
1763 8216
7169 9606
6472 6533
7240 9443
712 4797
3015 3213
4559 6845
4432 8528
373 1325
2591 3751
6578 7105
4576 9357
6146 6231
3166 8325
8905 9061
4015 9901
7566 8402
6886 9097
5498 6421
8689 8889
5685 7209
