641
9509 9607
8031 9165
9030 9165
8310 9416
8802 9164
3003 7121
447 6793
7232 8067
960 1542
4254 6347
2412 8590
6122 6389
5193 7545
8913 9223
2598 4946
2214 6980
7002 8402
1794 2678
284 8292
3823 8071
3502 8470
6754 8232
7647 9869
8798 9159
1013 7340
2510 3850
3167 6706
2873 3186
7367 8212
8480 8711
6667 6906
2567 8934
1179 3309
7750 9736
9792 9854
1323 3495
9229 9882
748 2426
9615 9704
7133 8794
8519 9529
3733 5584
5387 8471
1304 1463
504 1979
1776 9742
1859 5176
8464 9771
242 2237
1146 7368
1023 9366
315 9740
3628 8144
2729 8299
3783 4030
1858 6186
4478 5504
1414 7988
5934 6069
271 9573
2199 9089
1395 3936
8717 9180
446 8987
3607 4528
3984 6554
4733 9855
9287 9756
7433 8467
3678 6940
1473 2118
992 8339
7729 8850
4942 5645
9260 9981
6509 9642
9742 9924
2054 9984
5181 7623
7607 7775
7324 7386
3226 8123
3880 9683
3611 7900
9400 9988
790 5904
688 9188
753 4402
1109 8038
3514 7544
5658 7074
1717 3624
7849 9767
123 4009
7489 8570
3886 7514
6431 9999
1524 8790
2269 9404
9554 9788
531 1294
2266 4140
6178 9221
5819 7254
5474 6306
392 6857
5672 7785
7934 9273
8033 8054
6764 8563
1257 3303
2059 7815
4133 7132
5454 6905
547 8582
9162 9666
9255 9869
3125 4821
5918 6392
6991 8355
4668 9001
4478 7967
7486 8850
3224 4239
7779 9823
7928 9618
6859 8214
6793 8969
6362 7512
2878 3703
106 3576
5900 8277
483 6118
3061 6499
5742 9331
5739 9696
4085 4763
4519 5214
7477 9712
1002 1452
2083 4281
7859 9120
1803 2131
3672 7055
8551 9909
5985 8414
9718 9834
833 1782
6089 7901
358 4940
2055 3728
1556 9132
3127 5323
5509 9890
4221 9748
4444 6553
2881 5361
124 2442
2852 6507
6341 6732
9184 9550
755 7963
3465 6559
1937 7746
2993 5782
1616 3602
8201 8621
521 620
8804 8815
616 928
2732 9364
9282 9467
3339 8788
3375 9580
5753 8585
9120 9844
8147 8515
1570 9427
3856 4216
3318 5100
2124 9112
3152 5475
1672 6939
3478 6654
3906 5059
3975 9332
2234 6481
131 1274
6929 9010
450 2775
6297 8841
8721 9898
4947 9087
725 8101
8700 9187
9729 9980
16 6362
2182 7878
237 3399
3229 5291
2321 9512
1125 7168
8704 9038
9483 9965
4779 8821
6299 7088
3687 5689
767 1373
2848 8017
5089 7013
3112 3387
7623 7640
5009 9719
1984 7404
2942 8162
2232 3397
1640 3711
1834 5132
5521 6714
1955 2801
3209 4108
9310 9868
1769 7379
6980 9073
6544 8017
8391 8967
3480 8440
9504 9596
3142 9071
8785 9793
6331 7007
2082 3434
2781 8738
7719 7784
1225 1726
310 6389
1508 5749
8412 9877
5956 8659
4394 7071
2495 4409
7726 9561
5909 7612
5659 9076
3113 9626
1224 6236
2361 9623
1644 4542
7589 9637
5305 6248
6246 7980
8269 9607
27 1716
3271 4777
8772 8857
2294 8191
4712 4866
921 9825
3324 5238
4628 7574
9375 9855
1490 4227
1362 6740
3900 4074
1470 5976
8810 9315
7301 8235
7791 8372
3297 8209
7401 7469
575 8311
2889 5450
9763 9870
330 9959
6605 8096
6000 8231
4396 8876
5922 9736
1118 9783
4781 7686
3035 7274
8182 9284
4340 7475
4828 9318
2860 9034
2126 7368
9964 9966
8299 8413
9269 9496
9422 9946
8854 9869
8238 8409
5506 8918
1850 7184
5563 7955
6361 9109
773 8250
9467 9608
9812 9999
5070 7866
3885 9898
2404 6914
6425 9043
1604 3426
360 2793
6411 8642
1989 4584
6919 8571
5383 7040
8975 9006
9368 9715
8056 8214
2216 3887
1050 1511
306 2925
5386 8656
8550 9858
3875 6871
3905 8205
2265 7528
5043 5072
9356 9656
8083 8358
1504 1778
6127 9253
3351 8448
4477 8525
392 8338
4563 8451
3835 6391
1111 7874
5090 6491
8979 9194
5220 7472
4545 6169
5773 6736
2522 4931
474 3617
1256 4364
8439 8858
9833 9938
5752 9544
7685 7710
1634 7971
2118 5099
708 1037
182 7326
8076 9707
7202 9567
7435 7989
2080 3618
1889 4442
2751 7823
7605 8766
3876 5344
78 5863
5281 9377
5357 9135
6317 7313
2207 5898
42 2421
9058 9506
9620 9741
6578 8500
1997 7829
6664 7208
1882 5440
4165 9279
5325 8769
2217 7945
9471 9623
7498 8753
9475 9989
1566 4866
5195 9271
2076 3023
1696 3813
969 9280
9412 9603
7953 9792
6159 9756
6793 8057
2113 7234
6035 7748
8528 9996
2573 8791
8018 9576
5013 6798
355 2504
683 9084
8694 8811
5136 9804
807 3045
2452 3139
253 1129
4363 5304
8421 9880
6713 8263
8980 9703
6165 7531
6216 8123
4659 4791
5543 9246
9466 9787
8028 9439
6839 9381
1252 7505
7241 9618
1872 7069
381 9590
8224 9601
3323 4187
7126 7834
6075 8697
975 2839
8740 9702
1291 2942
3005 6871
6474 7255
2276 9188
6061 6249
7052 9692
4706 8291
9496 9725
6755 8500
8185 9925
4567 9870
4083 7814
7906 9329
3326 5591
8129 8147
9146 9932
2057 3461
5558 9288
5681 6572
3723 8461
7501 8016
2500 5289
8595 9583
1722 9972
9666 9961
3570 5547
5503 9770
8838 9164
1967 9430
289 1308
3190 4832
5933 6556
2587 5512
9194 9588
6916 9484
6736 9520
776 5321
2798 9285
2689 6732
637 780
7777 7830
4093 7761
7915 9072
4454 8688
8256 8922
8375 9056
2348 8239
2370 7028
4907 7533
3025 9837
1539 6995
9193 9914
8488 8861
61 9431
2906 4936
1757 8756
4877 6866
3237 5016
1191 3632
7750 7844
5847 8369
2546 3230
1710 2224
2088 7497
7318 9472
5534 7512
2701 9141
1284 7149
7296 8360
3300 5876
9790 9962
9303 9883
2359 2975
1550 4488
8408 8497
4455 5753
1665 2835
6271 8011
6583 7007
7505 7998
5498 7608
7658 8115
888 8621
5408 5969
2322 6977
2641 6373
1170 1953
8684 9009
1487 1683
7363 8662
8492 8504
4897 7022
311 1403
1430 6358
964 1663
1114 9808
1564 4497
3085 6368
6592 7491
9840 9932
9125 9395
6857 9799
8061 8310
5511 6724
9889 10000
7874 8674
228 8156
6159 7389
7640 8715
2070 5536
3807 7112
2382 5397
3034 7754
7346 9317
6457 9259
2429 9089
3417 9468
274 3453
8836 9015
6738 9027
1013 3182
9743 9813
4075 7577
1441 5214
1466 2941
5227 8559
7886 9723
9014 9027
2486 4500
8582 9940
5640 9908
1209 4782
2905 7377
1507 5841
219 1900
2189 4072
482 9302
9009 9374
5399 6989
5593 9388
9145 9650
1052 3009
2421 7095
4950 8867
6088 8755
2842 5339
1050 1054
268 6196
8648 9424
4551 4780
2766 8892
2158 5763
3912 8468
8853 9904
4700 6897
9524 9840
6799 7064
2880 5902
1364 5920
7064 8843
2990 3124
5986 6926
5683 8833
6340 8600
5217 9398
8473 9751
2535 9328
6721 9473
6251 9940
3407 9211
4330 5951
4296 6642
9640 9980
4957 5184
7495 8669
1115 8687
4389 5731
8185 9010
8254 9920
9938 9997
7468 8615
2785 6739
1290 5091
138 2304
987 1085
5617 8815
3219 4388
7495 9128
3431 6437
3560 3577
8472 8616
8031 8709
3067 5462
1732 5550
3468 9241
679 9321
8453 8646
4823 6963
9735 9764
3079 9334
435 4066
2383 4446
301 2652
6410 6428
6455 7166
4751 9651
64 2412
5278 7922
346 3382
1147 5575
5383 5384
7928 9417
7855 8365
1060 3290
2609 5800
9133 9925
907 1034
3466 5252
3702 7151
353 5247
7607 9128
1414 8352
8483 9634
6867 9424
8715 9870
