466 57 7457
7 14913
52 29591
8 9417
47 23260
48 8084
23 9538
35 32162
37 7405
46 12887
2 27015
44 1233
31 32310
36 3449
18 9163
36 12760
7 29501
30 4781
33 21589
51 8252
30 21674
45 18664
8 27344
1 30212
10 31181
14 19175
19 10444
35 23102
39 25366
10 17831
53 5181
24 31611
5 29850
32 1770
8 31226
7 9806
54 16533
46 7097
16 64
56 27600
11 25059
37 32477
36 18732
7 22559
3 26245
52 22373
18 9540
46 14555
23 18978
45 18211
17 21999
11 29607
30 132
7 18734
14 24568
48 27822
29 4119
45 8289
30 28175
54 32027
28 15469
10 21979
21 17224
17 31136
41 16572
26 18302
35 15771
48 18672
33 6750
5 18032
48 26722
4 2629
49 25425
32 17821
7 7901
2 19419
52 15541
9 6194
56 16049
19 20851
50 18768
39 16419
4 27237
10 27345
44 14349
25 19622
32 23524
15 23102
9 24185
28 18614
8 18175
33 19207
27 25413
42 14738
6 19432
17 22524
51 30919
41 11579
53 31159
42 8689
30 10104
5 22777
33 24808
47 30272
25 10359
56 18391
56 13787
23 1350
11 20485
35 6434
7 851
54 10466
41 2055
11 20206
33 27896
15 15097
34 23175
50 11409
26 469
13 31732
42 3123
21 9510
42 7898
20 2368
19 18141
17 23051
53 24923
30 25549
31 21497
45 10595
44 10639
3 1680
39 26402
9 19605
25 11539
15 3330
9 30869
46 1739
36 6500
36 27038
20 12213
31 25460
7 18024
34 11367
32 23941
7 1219
36 30950
16 22879
52 1841
16 558
19 13578
5 20241
11 134
1 22255
5 8418
7 15624
27 5749
21 24710
45 30435
52 10837
9 18836
32 27957
13 2148
57 3086
55 6300
41 23171
47 20514
20 27593
1 23276
4 17338
30 5306
40 7717
20 11013
2 16489
50 6962
45 2370
41 24844
20 13026
8 26993
22 31556
1 7499
15 9917
45 6339
51 4308
6 25265
28 16211
34 14422
43 11166
26 16717
35 13892
27 16319
45 30932
36 4311
35 27122
15 4469
52 1961
14 15143
51 31747
44 3413
50 28631
14 5819
39 32739
55 13084
3 2074
36 20789
35 14655
31 21745
48 11443
41 27099
9 27276
30 23000
17 5606
51 15382
23 13182
7 4160
1 15997
39 6644
13 32657
10 4214
22 23106
38 30374
2 1156
38 12079
4 23688
25 8450
34 20696
10 3
1 3747
20 3585
26 27221
40 26604
2 13931
26 13122
5 31878
29 16331
16 19646
23 29062
15 5944
9 1763
9 17403
42 3890
52 31999
5 9564
25 24199
53 17105
13 433
53 16065
23 5452
24 19855
17 30953
21 5251
32 3637
46 9663
39 13446
24 30836
56 8883
29 12629
13 4905
34 20300
32 30267
14 4204
15 7866
38 9000
34 7366
15 30658
50 15075
13 17926
3 20816
55 6967
21 25492
49 1098
52 15449
37 10322
52 31613
1 26428
22 19047
56 20668
31 10903
37 1927
37 4737
12 25795
23 19612
54 28603
19 19638
9 32216
33 28554
32 3789
19 22676
17 14609
15 25124
2 14994
47 21426
37 424
6 21105
4 16967
45 16422
24 27514
23 31803
54 4364
6 15119
24 7560
1 26513
39 24677
29 17165
31 19578
52 14150
41 31416
31 3780
17 17687
42 1903
42 3537
32 29533
54 1743
27 23529
18 3424
29 23301
23 28209
28 7889
35 9594
33 19308
41 28533
2 12041
1 15636
55 31814
38 24819
6 32442
54 2188
6 32205
2 21930
30 16845
47 11296
57 28478
18 1978
36 11377
57 28276
13 17752
1 21226
3 16792
21 31504
37 8416
43 16163
36 12665
42 13535
36 13599
17 6899
54 18448
29 6322
13 15970
46 9739
40 27545
53 12219
22 2169
7 19393
33 11033
55 4626
37 1337
50 28047
45 23765
41 31028
52 29435
5 15762
32 19673
20 25215
19 4890
23 10508
8 31603
28 16823
28 28792
24 21218
57 27573
15 17284
54 13818
49 7711
36 502
51 8178
46 5383
7 18543
1 29265
41 31983
55 15374
4 5285
1 16164
51 24784
13 23805
32 1333
18 18323
33 13517
29 17354
21 9915
8 26115
11 22400
49 31982
54 27250
9 7839
45 16235
44 3045
26 4286
13 24023
30 11631
27 12719
14 9123
50 18140
41 28501
11 17234
26 331
23 4645
56 12872
31 4182
20 30340
15 31725
2 25945
54 22855
34 26943
30 17074
41 11258
45 22071
20 4882
10 13751
11 24708
21 19770
49 19383
4 21379
8 9905
7 14568
14 25483
35 30816
42 3618
3 32478
19 3600
34 7389
53 17627
39 13884
47 23659
18 9293
51 22978
37 32297
55 18407
35 15174
13 3875
46 25675
28 19568
35 17954
39 15663
52 23375
54 4889
54 24449
53 17528
23 16743
32 11415
34 26309
30 4215
12 30407
27 23491
26 7829
20 10758
29 1063
18 28700
53 23387
20 23015
35 20805
34 12355
52 16838
10 23355
19 27488
43 21629
29 5448
19 7691
