329 37 12050
25 23828
8 28369
7 11789
8 1518
32 18467
37 27754
12 9479
5 14377
25 19798
16 5971
2 17950
23 18939
27 30623
13 24318
20 29006
15 14382
1 12064
2 6576
19 17412
29 18595
24 3505
28 32002
23 21923
27 10956
27 864
30 26210
8 17408
23 26672
9 19180
2 29583
22 4070
7 9450
16 11850
36 27424
13 18835
37 12330
1 6944
19 29950
28 3385
13 25779
37 1869
18 8933
28 20349
35 22875
22 9567
20 18663
14 31227
29 24974
37 26906
28 9705
12 22465
3 24011
37 23544
8 23589
13 20943
31 23590
7 16803
13 14758
13 31646
36 2244
13 3197
15 20686
14 28566
5 28258
24 8729
18 24787
30 31638
21 1742
33 28607
5 3646
23 7536
18 7020
25 20204
24 27499
15 20330
6 30131
32 14800
34 20748
21 9406
33 24494
17 20430
25 1702
30 13850
17 29819
37 10751
2 15122
29 24097
16 16591
36 32687
16 19709
22 17897
2 13168
35 6879
15 25448
18 16763
20 23993
12 7361
12 22057
16 31830
23 1050
15 4671
4 26217
29 30188
5 32405
30 22645
2 18212
37 20003
2 26946
9 20786
11 30124
17 25045
10 9420
16 26491
21 25125
24 14161
29 9970
28 25608
23 26634
21 15064
19 6919
23 4549
5 5799
24 19233
16 21107
25 12882
11 18846
26 5589
27 1327
25 17027
4 4451
25 17427
37 25164
4 3809
31 27583
16 30445
12 28781
33 6183
21 19536
10 5098
29 15945
12 18374
20 29959
20 24962
1 25386
20 29793
1 7848
3 29605
11 20336
32 13906
24 29006
12 26676
10 27919
15 3107
19 19685
14 29574
25 4109
37 20246
34 25006
35 15589
23 14085
24 30622
7 6335
17 2830
5 7078
28 12771
32 19584
31 16564
25 4916
37 16962
10 20783
1 10494
18 16134
6 14795
19 19805
20 5124
4 3335
19 31425
31 25199
2 17238
26 2102
15 3357
32 9501
25 9846
13 31014
31 17163
11 26102
33 26457
35 22142
36 11628
11 18906
33 18153
32 1401
4 24658
15 12927
7 18822
5 27239
3 1927
32 30445
15 13184
7 18731
11 19207
17 27650
22 21919
27 30139
23 897
36 15598
29 10652
36 21667
23 16090
37 5048
29 16037
16 11139
28 5290
22 4535
31 30172
20 16780
15 19132
21 6170
29 3800
37 20486
24 18834
25 24673
19 1059
24 17101
15 24800
17 25826
30 14267
30 18640
32 23564
30 6469
19 28562
3 13457
7 26292
15 29448
36 8717
34 11431
5 16680
8 16891
15 4744
20 11327
24 17644
18 22725
35 15825
19 21399
33 14647
22 1373
31 5800
17 2177
1 30583
15 22930
23 4678
36 26342
17 24522
25 17284
19 1235
2 320
14 7558
8 30248
6 19949
11 28959
24 15283
24 8648
32 21800
5 14246
9 2443
16 31873
36 22153
12 28171
36 20225
24 6851
19 32522
34 17946
5 20791
3 6100
15 22810
24 23218
19 9990
22 3662
11 2329
12 20550
22 23930
18 24732
29 23008
17 17757
1 27732
28 20865
30 6455
6 4883
36 31366
16 27794
26 17501
14 23958
27 29370
11 16054
30 1156
22 29866
20 26572
36 24237
34 31570
15 1061
29 18763
19 17798
16 24417
2 5236
6 26620
30 30504
4 26816
19 23316
1 19031
34 31434
17 3440
12 23322
37 20743
25 9082
9 3559
37 21932
10 11118
12 10394
19 20881
27 2693
16 7199
32 3678
12 4938
7 18548
12 3427
32 24144
15 24037
16 19933
6 30133
