187 40 10620
24 6640
11 16166
20 31438
4 11508
2 19982
13 4707
10 10682
38 1395
33 8314
22 24494
14 5816
10 23655
31 29443
22 27712
21 11697
19 25071
22 969
26 23617
17 20768
40 4446
23 21953
11 24400
16 27282
12 17855
19 26933
29 11518
3 19245
29 7756
6 17474
2 20819
39 23590
38 13045
15 19288
13 18760
39 8009
29 6367
9 27070
23 28492
8 32629
13 14050
13 2571
21 14272
27 28957
29 27147
21 24238
7 15738
39 25288
39 31256
3 31334
10 7749
21 32146
34 24062
16 14539
16 10079
18 13737
17 20582
29 30404
35 20986
16 10961
33 13356
22 6926
22 4028
5 22753
31 18655
10 28347
12 26431
3 6211
16 12100
20 17841
30 24722
14 28279
7 15827
29 30503
25 16822
9 11921
26 9527
8 9771
6 6946
9 27063
37 25810
28 23071
9 9279
17 12196
6 3896
30 26423
2 26604
20 7975
39 24239
20 9981
23 16635
14 18085
8 6581
35 206
40 9906
36 21650
26 18298
9 16986
1 18764
15 6140
37 13410
12 18471
12 32373
4 20737
19 18052
34 30222
28 32210
39 20820
18 8750
6 32701
11 28022
20 27836
14 7774
2 307
13 15982
29 14741
36 2378
23 26440
11 22838
39 8525
8 15577
15 10274
17 6721
12 16615
25 808
11 19393
40 7798
2 6524
32 19207
13 17524
21 24493
19 4277
36 11385
24 5985
32 8502
19 16722
9 15671
26 21761
14 11347
21 7078
28 13613
17 24993
23 23737
39 22041
24 25339
36 3555
32 32018
17 11685
29 28790
29 32571
10 29566
26 30297
4 30501
13 26738
2 15885
26 31705
4 25796
16 4647
15 16199
33 12764
7 12228
29 13129
31 23204
7 13485
6 23497
16 6558
26 24852
34 6570
1 20011
40 8767
5 19833
4 4040
40 29302
40 537
33 20776
26 20493
37 12010
2 24173
18 12396
37 24084
31 10491
39 13649
24 28418
37 6285
33 22993
17 5678
25 19614
1 6587
