610 132 25117
46 22773
85 2873
26 28736
123 19858
5 25758
39 28438
37 26384
126 16743
110 13300
61 11908
84 9422
9 30887
83 3911
122 12649
118 5494
48 11308
12 19295
118 28602
70 21945
64 27434
33 26101
32 29188
127 14203
119 17317
116 29239
117 8676
59 5716
74 15093
112 21831
78 27278
92 31760
28 5705
107 21180
94 10570
77 5423
48 29473
121 26912
66 28145
50 30053
26 12242
34 32369
55 2933
92 11291
74 9223
56 23713
39 30807
106 10476
28 10554
131 32277
92 32559
59 28713
47 29503
56 10793
11 16167
53 8021
26 14521
79 25002
75 31872
84 16810
110 11171
32 7003
112 16651
89 29842
110 16840
81 20593
68 19633
7 23599
57 19787
119 22807
113 21997
73 26580
59 25889
97 6379
121 6732
22 26249
72 7570
28 31615
48 16116
84 27531
60 4283
21 16601
22 282
34 713
34 14095
65 6643
31 13962
98 13673
93 4049
104 5435
17 7715
43 24129
82 6555
27 23316
109 88
88 20062
92 6875
114 14932
30 8112
3 16768
26 14929
79 1220
92 31047
99 8860
88 26514
117 15267
23 21835
3 8281
83 5000
18 3107
130 10112
80 4499
76 14576
65 7146
108 16317
27 10715
9 13530
116 9618
42 19052
65 32245
28 28460
20 25898
79 8461
73 22617
78 21280
56 21683
27 27316
93 23987
14 6081
5 14499
120 3207
5 355
15 22642
1 31846
128 27201
3 18941
58 32103
96 24280
69 30385
109 26057
1 29738
130 28364
52 5180
43 3909
93 14359
103 22408
2 17751
118 16798
73 10976
54 32071
114 11533
70 15675
80 15627
33 27061
117 24447
24 23602
39 26223
131 2166
5 607
61 14033
33 28346
99 13216
99 15732
70 6166
1 1518
34 4157
100 31514
9 16951
127 11487
117 15050
59 30911
6 796
8 28087
20 17338
26 10086
99 6367
73 25714
60 31732
101 23592
76 26195
76 5986
66 4432
66 20654
13 30586
88 8108
5 31518
4 29624
67 22029
16 8649
116 13983
31 2457
95 11768
87 5639
126 21386
73 7353
104 16859
107 24837
109 20617
132 15890
26 12171
77 15418
84 18361
70 5555
1 1167
131 28271
20 27438
16 17216
130 8867
2 21568
7 20844
24 3696
11 29752
88 14495
60 4591
67 26510
11 28914
4 32081
112 12708
23 14328
87 29225
17 4975
24 24430
13 675
115 22377
39 17382
4 162
36 21653
33 31474
45 18424
78 3466
105 1385
112 30264
67 12729
113 15846
65 18383
23 13924
22 9362
87 1383
103 2570
100 24785
76 24001
96 24626
3 9840
25 1935
125 3287
28 28515
99 25581
30 11748
128 31801
80 25991
46 18048
21 7366
126 2464
78 17185
40 12220
93 1891
90 28313
92 25382
59 20296
60 32665
39 22790
105 22401
42 25440
45 14974
42 21403
73 5520
89 18770
15 9433
105 32353
124 29349
54 24066
19 18343
45 5942
103 28805
86 11879
130 31896
121 21067
110 23021
100 30731
88 29327
85 677
119 12040
61 31119
86 549
88 4765
94 25082
83 4900
118 21030
33 19552
107 25432
71 14099
110 19474
66 29295
75 32429
55 10806
80 24734
97 10272
115 1783
104 5245
5 7217
65 10779
51 21288
113 24938
117 2919
107 22238
116 2726
10 28821
60 28561
94 1850
99 16843
89 5673
121 17203
41 14035
24 26214
105 27492
85 3717
53 31908
132 31800
34 28443
93 3058
109 21369
112 10615
11 30261
57 7324
85 12915
19 4942
36 27691
30 3286
75 30088
107 2651
124 25486
69 10409
129 5632
105 1841
48 30337
41 8272
45 13049
108 30420
22 30522
29 15548
111 27108
2 22335
67 28805
43 25616
50 32517
68 9185
33 30274
7 28198
127 22007
105 4635
130 17890
106 18696
9 14886
54 7619
103 14062
23 28023
104 30547
85 26021
130 31616
49 9064
107 16915
102 22525
44 12487
103 5762
45 28752
104 12030
104 16263
87 15010
123 455
66 15695
122 3223
68 88
24 30857
108 2696
52 31074
88 22887
48 378
45 16313
113 13414
82 3400
2 27861
108 25571
29 22968
129 23975
38 30374
64 26749
123 25470
47 31460
51 24398
42 1521
31 27251
115 18579
2 21506
98 26652
108 13927
84 29181
110 10060
54 10961
79 7869
68 20126
26 22921
130 9815
94 15083
125 5797
98 29033
59 3046
46 25341
107 26487
21 9331
65 21038
102 18
100 6187
76 20350
85 29137
69 11485
83 24079
86 16185
55 29156
31 9765
54 16674
67 18596
36 17522
81 2886
88 24728
22 12692
49 29432
113 28334
7 1881
102 26931
75 6890
123 13921
78 4226
48 4222
89 14892
39 19574
1 7139
119 21189
113 19354
68 8087
101 4736
7 3630
23 13185
102 29573
128 31504
11 19507
132 31780
42 401
7 7808
63 2591
25 25144
32 26916
50 31857
111 20885
101 12648
76 28728
74 4022
10 8457
122 28882
6 5085
112 25303
119 9285
101 24455
132 26805
67 29840
43 15590
82 16655
4 19320
107 27731
121 23260
45 31203
119 24945
52 7874
89 9453
91 31729
35 26879
87 25142
74 28979
94 796
50 23061
117 13115
124 3481
20 8633
85 22202
25 10513
27 22626
120 7443
90 27530
99 14893
62 10402
70 6632
79 8243
32 20661
108 1731
122 6378
120 22521
95 12040
6 13569
97 17215
57 562
11 9268
24 2030
11 1793
54 6858
94 4221
39 3823
66 959
36 31425
11 14813
122 3262
34 18169
51 30888
57 28799
110 16358
39 22696
66 22824
118 835
71 31562
94 6068
85 3963
6 1085
122 3742
92 26236
80 19952
73 23861
34 32491
41 10066
53 26219
76 13352
54 3856
106 2300
14 31459
125 8134
122 6204
20 9012
4 32227
46 11250
10 12917
123 25385
62 777
86 11846
125 11540
28 18428
52 24458
12 27276
111 22342
127 28484
100 6828
22 1861
56 6285
101 29066
4 11850
51 21030
87 22845
40 3789
6 5972
33 21654
8 15103
10 11007
110 13901
72 14386
86 8530
66 6791
108 32715
17 31561
41 2565
127 16061
56 31994
72 30048
37 13757
22 29297
47 7193
115 11183
9 8309
104 18020
41 20731
53 30114
69 18938
18 3533
126 1416
40 29017
73 20075
111 15061
7 23098
78 18473
132 20159
82 2844
131 13984
120 17177
57 10558
66 1074
124 10718
130 12133
50 519
15 16414
90 6954
100 4862
108 7049
44 2523
79 19025
25 12552
8 32521
71 18902
81 8240
50 24154
41 29986
111 17009
90 20284
68 9730
7 20032
23 7299
72 17403
