650 180 11642
147 18917
35 1477
40 17403
144 27778
157 9537
37 21169
144 9822
99 29392
131 30561
115 11263
172 5121
40 6243
114 11561
117 25288
27 19380
74 8074
155 4213
121 11445
104 13690
140 23915
54 13457
102 29830
156 14092
87 12927
43 12994
100 31375
31 22614
118 21267
9 14012
165 17717
124 14328
36 24521
150 23337
63 24949
24 20423
130 19989
116 22057
36 29533
115 2378
38 8384
47 30156
85 5777
163 8765
33 28777
53 27802
48 3784
91 24849
126 17407
69 28171
102 18509
117 6506
64 14664
100 6927
1 10366
157 160
128 32093
39 16008
38 11856
36 21055
97 5419
163 22987
32 25289
105 17543
6 30195
127 291
136 6532
99 19692
92 28107
98 2125
3 305
153 13462
1 23580
46 32509
168 1043
144 31971
106 14882
34 32088
39 30848
109 5088
54 29551
141 16503
118 8548
165 22740
25 3688
137 5867
80 32446
111 28853
93 9414
33 7475
161 28193
42 27313
84 11286
27 19016
39 6964
176 13478
177 3641
51 19474
29 16435
100 24490
90 4581
1 13295
131 13932
168 13444
121 4899
87 29491
94 22211
112 6193
96 3023
77 10147
50 10799
129 16480
119 27674
100 14329
39 27194
175 14327
173 17163
139 16483
75 20869
32 13196
27 14074
61 20228
88 15425
131 13804
32 19988
65 28785
83 6327
109 1175
15 1754
108 3126
30 10177
55 27713
17 16546
51 4430
58 3407
86 21843
164 29716
110 29358
110 12515
26 10345
21 15278
11 29627
46 28181
16 722
51 11329
20 17615
72 5392
87 15123
126 32114
80 28601
87 15123
99 13667
165 570
163 5178
171 23281
17 2096
36 29030
34 29833
23 17809
57 28825
66 32279
100 20943
95 25198
4 5874
120 16450
147 6315
174 16408
171 9028
92 27954
68 23983
125 29874
70 8650
87 24578
34 10721
174 20082
13 14196
120 29219
179 5947
62 21541
18 9832
35 9180
108 15660
31 5544
144 8828
11 5316
8 27925
47 19567
119 30142
40 19530
37 16077
107 19458
151 29932
133 21038
34 27933
161 17019
140 17404
103 5894
154 580
118 18697
165 27285
41 11450
96 21621
32 17520
32 14484
142 20232
172 21076
38 5511
148 31368
50 15360
113 8060
51 6585
95 32311
64 23689
21 252
23 31620
160 26391
137 15579
11 6614
50 21245
166 21205
140 21762
166 30590
15 5706
167 19921
41 8545
79 28257
166 23078
134 6047
34 2861
135 18011
82 25185
170 14216
133 8430
130 14144
88 606
80 24840
12 7937
61 13652
146 19859
133 10318
123 18457
80 3539
73 6156
66 1726
6 3513
141 21354
144 18152
166 12146
56 2236
28 6843
178 28890
36 13237
109 16845
9 1757
175 20138
81 30599
156 18927
37 9690
64 31665
14 30236
166 8951
157 7472
75 1633
85 22108
162 30733
126 9808
12 20666
27 20324
95 9774
99 23330
103 16598
5 23812
49 5293
174 21118
147 16734
51 17471
24 23981
87 3253
148 4627
154 26575
175 18088
83 12294
55 26695
171 27806
42 2284
19 5417
104 24416
14 11854
108 27161
102 9160
155 14683
173 945
10 9380
107 32513
116 28487
10 21330
63 8279
36 486
69 4550
16 30698
46 31438
104 3068
48 31120
178 29932
119 24572
114 7615
142 18416
159 31482
82 12964
180 17693
133 14149
136 15469
170 1248
49 23030
27 15234
106 4561
55 24734
119 2723
25 29358
121 28262
84 24605
78 14444
21 25957
89 9376
14 5749
34 9232
25 5973
49 31400
160 18444
161 27200
141 26562
39 3802
65 29474
107 20516
141 16898
158 3141
49 10310
164 24533
84 7681
165 12077
164 13022
38 21730
18 20671
113 6540
97 4515
145 22732
88 11469
78 30605
80 16163
65 3977
2 29396
178 29711
81 19005
131 29700
144 4622
164 32041
43 16040
176 1179
2 14538
107 22688
53 23917
92 16288
142 13548
77 2162
168 9576
112 28634
154 9323
1 32591
108 11211
45 18689
15 30162
169 9498
70 17563
179 21572
80 14527
96 11116
165 31538
39 11462
45 15975
177 12818
54 23227
133 3101
88 2576
138 15242
89 1720
83 9938
107 4502
50 29066
175 9087
68 22757
48 19942
99 14713
43 3769
137 8774
135 7046
113 6388
32 26594
144 29532
60 27403
117 27210
26 26828
28 18817
135 16801
127 24832
137 3612
18 7044
73 2439
85 24142
68 4043
131 5670
62 12945
109 5536
88 10662
88 10398
166 8868
143 278
122 13263
109 24854
30 30269
137 9733
120 2874
126 6443
1 4330
125 10612
97 18992
69 29296
33 32207
135 13471
32 20687
33 8940
6 8227
8 10615
81 7560
5 4503
122 13232
140 10016
156 30112
79 17121
79 7511
84 24177
24 23984
114 5420
127 2953
121 13944
102 25125
9 19789
100 26319
163 16628
179 12224
21 29454
38 4675
103 32473
121 31767
50 32175
43 31765
102 29903
155 15890
14 20576
86 32263
111 4019
8 13936
158 1737
128 3569
93 22805
177 18495
68 4482
6 15934
146 31672
112 8551
155 8859
33 3693
102 6165
89 13088
11 27158
53 2961
106 26841
36 31351
28 8808
134 16593
145 14178
61 6349
175 27900
77 30697
143 8262
67 15448
85 32432
14 18855
112 10188
6 22688
98 7253
12 32367
37 7793
157 12035
176 26419
34 16055
60 21860
40 10034
126 31107
5 5003
91 8970
147 30641
25 21235
24 14091
134 14203
117 7771
46 5414
7 13544
146 16643
7 10460
53 4145
140 23275
58 24738
150 19765
16 7967
94 31086
113 28300
12 21052
102 21614
100 29664
89 3754
136 18457
97 30351
78 8517
78 5399
154 4298
104 19562
57 31924
134 15012
116 14496
65 14808
150 9688
87 8533
75 7871
29 11304
159 12656
24 10466
158 28066
79 22171
145 18895
127 4918
125 25493
13 16103
175 8028
36 30963
68 27449
87 6583
18 10514
37 3564
42 1027
173 30505
135 13569
117 13737
139 31421
133 16207
164 18635
17 26599
6 29188
135 32431
164 21033
2 25878
148 15049
172 707
118 10084
76 15065
39 31952
135 18042
2 22492
120 6282
67 12084
155 11957
112 19588
124 29619
133 24800
27 5834
110 14436
41 31893
2 20759
12 11525
170 22805
116 25253
32 22510
171 7970
126 1865
102 26890
150 7885
156 5844
7 5953
34 19233
112 10481
104 1601
131 2388
92 28921
32 11245
152 17539
119 2671
172 29655
23 14372
128 31273
13 17551
71 29363
81 12625
117 23988
70 32585
22 14009
148 5887
7 16411
9 4163
36 10185
137 7441
155 26951
115 7096
29 4343
51 5179
158 17560
85 9464
154 13580
130 8839
117 23902
34 28389
110 13059
117 19410
31 11104
106 11383
68 14989
45 19020
94 12121
4 313
138 4238
8 14076
179 24438
100 20938
67 25501
54 569
17 25561
9 25693
83 28808
100 15409
65 8985
97 20793
154 30414
95 11622
149 7871
172 17210
164 32035
170 16172
24 8139
21 2126
8 26095
26 13357
144 13101
145 29177
