493 220 15929
204 6354
102 21373
122 15797
33 15864
6 916
81 5034
173 29573
103 637
188 26606
58 24093
174 10486
208 16393
123 11577
7 28139
114 21184
220 31269
189 9264
43 21164
124 32321
167 12825
15 10610
89 9981
114 15356
195 9589
149 22532
197 22271
5 6676
27 7308
12 19404
140 30423
145 11989
31 18676
180 29719
184 10540
158 13100
102 13320
108 30228
66 5548
184 11562
158 15718
17 8022
51 28551
220 10885
120 10610
83 26710
160 3058
201 2838
86 16337
41 1775
43 2214
188 23388
83 31214
93 4320
163 606
219 16120
90 16760
70 11854
199 23389
102 27439
107 16098
173 23615
84 4581
30 12652
192 14306
201 16160
190 9921
172 6587
181 32242
111 1344
55 5052
40 3406
169 27858
6 22867
120 21032
67 4348
72 30980
52 25840
77 29016
12 4029
23 20047
75 25362
42 15654
104 13616
102 32317
205 17051
193 29806
158 22549
197 16029
97 22732
69 3984
112 29907
206 14337
51 9167
70 5874
108 14323
153 25665
108 7470
82 2428
191 6306
48 31990
91 7257
142 21275
201 819
32 31232
41 18723
63 21311
216 5019
66 8193
162 7749
130 29532
53 24564
155 7904
194 31706
68 19820
198 21243
65 16454
50 18913
82 25195
26 5778
35 9764
128 10943
74 24794
159 3646
184 6443
50 15803
72 31550
43 25002
89 26451
99 29055
162 20126
116 5922
23 21077
20 26269
113 22792
156 15896
185 3633
97 25096
6 12
170 10659
16 20392
174 20375
97 10046
51 15099
74 27331
187 21638
45 22201
189 15359
98 330
92 29172
106 29079
23 18863
96 16718
9 14182
170 31866
19 20146
214 13216
214 1346
153 29703
68 3537
84 6743
16 24405
209 13158
206 15482
76 24398
219 20302
75 27331
168 11582
86 4771
59 22337
163 9679
173 2643
145 31034
207 29733
120 25151
82 8211
137 11064
176 12374
14 13900
169 14203
19 17032
43 17939
206 1841
38 173
108 6489
103 20993
198 20401
13 3438
131 6302
68 5543
66 30351
77 23465
106 5773
47 18928
83 13588
129 28650
89 17697
207 428
8 3468
165 32740
162 12440
133 7182
209 20937
193 11499
134 19957
45 18223
2 14750
82 20090
143 6527
195 4746
118 2405
103 19631
4 17728
135 4479
217 18554
26 2762
112 30599
22 3537
100 1982
124 25010
143 6503
95 18983
105 14357
96 10864
19 13622
18 21646
201 4328
145 22706
44 25870
72 26869
21 1699
179 9545
90 20815
205 25520
149 20792
58 18604
218 16155
29 17398
79 667
128 17778
20 11993
135 15971
165 11588
82 17116
75 2739
93 24439
67 6833
95 30536
55 25879
130 15892
170 4577
36 8895
62 18234
27 15876
220 11737
9 6505
24 3984
143 25201
202 17442
166 24083
44 24662
7 12395
92 23369
139 19632
76 7688
42 8550
109 12638
129 21716
77 32235
137 9657
156 21110
179 17467
216 9349
17 14112
68 16170
46 8512
166 21535
148 31546
8 8981
5 5479
1 11082
40 30220
120 7002
186 26580
85 29527
128 19581
70 3355
46 2001
192 32477
29 5848
86 3075
1 10060
58 6199
98 17229
123 20669
76 25942
18 4
164 2160
84 16251
37 2213
179 31653
75 26552
140 32368
79 18963
12 29635
171 16385
97 7254
87 12061
92 8902
1 28683
5 18153
72 29797
107 21343
115 2296
32 4457
220 2097
59 12030
155 4306
44 19228
105 5353
51 7261
96 21763
141 26058
197 7069
200 11763
111 19675
82 27712
150 7805
135 8322
144 3086
198 2253
155 23390
180 27018
31 17715
55 7112
204 5692
75 21971
203 23622
166 25096
182 29618
5 14311
126 2343
89 11114
45 25476
215 9877
187 2585
72 8527
148 6934
156 19312
139 26179
217 7451
197 8178
126 16718
173 16435
124 3767
146 25158
13 714
109 14422
99 29456
149 26468
91 26818
73 24449
7 23190
77 1088
121 14553
135 14699
29 32702
191 10229
113 17398
4 20272
94 28032
178 13888
162 5315
5 20944
188 13786
19 29187
31 11823
181 19629
79 14411
69 30660
16 23020
32 26641
109 30808
10 18475
176 1778
18 15270
138 1035
189 25224
25 14330
89 12540
144 27247
38 28491
119 516
147 30215
76 16917
213 31370
97 6866
173 32671
87 16274
207 15998
134 30571
23 7166
26 23551
51 32262
66 31384
101 5444
150 2936
194 28450
58 13162
147 25590
205 925
200 13689
20 11186
122 29051
28 4628
205 27861
53 18056
133 27294
159 773
120 17314
208 11973
113 8719
116 6044
44 9586
90 21897
42 738
180 3211
146 30075
136 181
20 4879
135 12421
108 22807
79 26994
174 1520
209 2756
89 4676
193 27304
114 24262
124 4484
7 27170
25 16264
23 9011
95 28806
199 11127
15 20995
118 7617
142 24462
17 11566
177 6480
46 12378
35 2277
85 27860
27 2154
179 14031
203 32727
107 14618
4 3215
175 31058
3 18230
64 27734
139 7107
132 12027
176 26582
63 14081
175 21323
27 4166
115 5903
37 31290
11 9778
81 31123
141 27966
109 12866
203 7112
56 7589
132 11332
76 28926
197 7710
99 18468
100 5638
130 26744
180 22667
47 12315
207 21227
100 1374
101 9769
143 23162
97 26721
39 6530
209 4185
1 3221
213 16216
212 5720
120 23867
178 20131
