756 285 26239
211 21303
154 2771
21 21486
104 23045
66 29853
237 10422
90 16030
272 22439
96 2641
40 218
213 13664
103 32756
115 3656
199 23014
125 6421
112 18380
112 4460
213 26901
102 19919
5 24805
53 26653
163 25271
226 20312
83 29255
82 9899
277 23215
89 5548
78 8400
279 28126
18 29939
6 18810
216 26544
188 1903
134 26128
70 18599
247 16622
236 21132
245 17315
133 31435
162 7650
58 87
237 9440
237 30130
30 12216
92 8296
104 4879
248 29148
18 32755
165 32070
100 18953
201 3837
217 22760
134 18674
213 18624
129 26749
280 32319
95 6493
2 12725
77 31226
22 13686
147 13548
228 31616
173 21441
125 7773
210 12027
89 29003
208 8025
122 23451
274 21592
196 855
258 29688
179 2855
177 26563
32 26485
208 31500
105 3792
72 11893
282 2446
261 25780
239 9398
95 19606
182 19485
128 11331
112 20430
228 29125
121 6319
29 11460
90 4194
156 21907
39 16490
96 1393
266 27791
222 1032
234 11395
184 20026
26 18629
53 31261
274 24262
20 7236
23 4171
7 4673
4 16914
109 22119
240 11704
63 16597
102 19162
108 22960
168 21371
271 8367
169 26533
191 28125
242 5203
185 20378
82 16783
257 2531
204 19416
96 6868
263 19654
68 26731
218 22257
86 31631
121 10510
48 27729
5 7259
71 25457
254 21054
7 21796
168 25896
210 22804
261 8384
104 17321
106 1342
274 25735
265 6676
47 3672
137 21460
24 19403
96 4430
58 26076
203 29688
204 8023
203 6036
219 18839
189 27916
275 5780
144 15521
258 19485
285 4932
212 15457
43 8004
239 10164
78 16426
114 27536
124 19938
281 8922
6 23323
283 7015
84 30447
35 17599
70 12743
163 31777
29 27001
44 22983
97 8372
34 25450
25 26014
285 18441
73 3003
219 2279
113 15633
41 13267
39 9866
88 4779
93 17305
103 29731
118 3360
77 29123
4 3986
212 22319
12 11349
46 3755
152 2666
129 14046
104 31311
60 17878
74 20772
126 23885
25 32526
147 13355
219 25817
231 14668
281 11489
124 21378
274 11058
133 25310
158 2286
127 26411
180 16111
36 28604
109 9134
110 14440
107 4195
184 6098
218 24942
9 8942
276 22006
1 10688
197 4816
2 29031
285 19618
62 20315
47 23880
66 2547
257 18550
11 8746
278 29599
162 27298
137 5398
208 4073
260 7796
246 30204
171 9785
131 3849
34 5302
157 3961
135 6186
262 9006
7 9259
94 2057
53 71
77 12720
179 10732
158 23182
172 3461
184 9755
21 23270
183 14429
189 30954
249 26287
178 23642
49 26049
46 17937
186 6368
34 11358
47 26231
193 21418
24 13782
183 23131
232 31283
42 15352
151 28398
183 3981
160 26906
151 1361
276 25144
141 26502
174 8261
24 8865
160 7928
85 6315
200 7749
261 17383
206 31269
58 27829
91 12185
246 30390
162 13036
260 2353
118 31545
256 5813
165 26414
230 2048
55 24335
196 3616
243 22526
71 24536
158 7289
212 26181
172 32292
91 7361
222 21705
246 10248
10 28317
276 26778
179 21957
240 3168
190 3864
143 25489
241 13863
205 31959
259 6778
132 19630
256 16925
122 25613
58 30044
241 31305
93 14282
153 20022
101 21128
215 8847
45 21443
199 22936
70 10111
99 29697
21 11667
85 30478
42 28917
86 32245
159 25656
142 31368
32 18259
140 26899
230 6820
199 31624
272 17205
11 32729
170 17469
78 1446
125 12778
281 1816
276 16733
248 6413
25 6647
3 26229
255 19411
251 31483
281 3987
222 8425
176 13152
118 22085
121 22828
136 7488
36 27194
172 11218
136 25569
245 16030
70 24973
58 4891
89 2054
178 19701
248 13813
236 19121
169 7588
34 11665
215 11269
60 6327
122 24822
154 27532
144 31939
32 31587
198 9964
88 4186
59 29225
126 10625
168 25004
9 19519
16 21414
259 25329
224 29964
216 28371
231 8859
239 4388
211 23322
152 12165
29 9951
160 14243
122 6292
128 17941
201 19259
23 13448
200 368
276 21273
178 18926
29 20738
154 19797
208 6265
269 10539
142 8661
46 31776
178 499
252 1942
28 14296
71 2656
84 32151
72 14538
265 8309
148 30170
14 9292
89 12758
185 13869
248 4614
2 12873
278 17851
180 16658
200 11409
241 20381
109 12784
45 26443
201 473
202 10408
260 31455
39 28051
24 371
186 22176
134 6245
66 18362
268 25256
82 6157
72 29270
33 31011
107 2291
279 22860
214 11510
153 17732
151 14469
101 3344
103 17793
74 12329
125 6850
26 21724
14 32420
216 20209
283 4802
65 31115
209 7425
33 26703
78 25041
225 13256
209 29615
106 25866
124 7150
220 17558
240 16568
27 4222
222 27728
129 24010
167 22937
166 10521
95 10716
78 23180
278 10182
52 16607
199 15280
223 18393
182 29988
43 28135
102 19868
90 15620
62 2188
249 19163
115 21667
203 1072
48 4686
99 18300
111 25471
199 4823
43 26796
37 18715
257 20250
97 21063
120 5211
203 6945
70 8982
65 14368
264 11526
40 12168
177 26181
194 11991
162 1483
13 12128
193 12081
185 20022
284 10683
59 23371
92 2198
191 25561
166 10334
62 15361
45 9700
153 19379
10 12845
214 8909
270 26558
283 6279
24 1302
19 31246
232 12413
35 3183
241 10492
278 26039
142 2221
250 24920
68 31797
57 13263
69 5006
52 24964
46 4106
271 7410
257 21396
36 20487
178 21817
11 21710
134 16104
261 8523
179 6262
96 27303
279 9189
240 909
34 20198
144 31187
220 23964
247 14173
155 12963
89 10814
44 22609
123 14369
200 12092
12 232
142 26108
206 13458
253 7730
141 98
139 25289
98 22333
137 21371
102 6485
17 10647
65 24324
2 31234
215 27386
125 22652
27 1947
115 16421
120 21411
210 25920
19 16908
202 21558
29 20785
231 478
275 15667
69 12539
84 12700
165 20743
198 15938
278 14895
152 4975
167 27294
26 18750
122 10494
268 13896
57 12348
81 6528
249 18572
10 7004
238 29102
43 27190
260 623
57 30193
232 24946
149 3807
125 15152
73 27618
154 22846
99 23506
17 32463
176 9759
272 28281
163 24248
180 32060
163 12587
150 22208
59 26381
149 22238
88 11676
127 7266
240 24227
7 14607
244 20638
91 8932
154 29215
42 19102
245 13424
51 31614
278 2426
255 26700
103 30949
274 2460
68 4225
228 12624
63 13285
42 30558
180 3926
260 25556
183 12778
1 31257
63 4844
61 2421
131 1667
44 26323
115 25999
49 29638
108 27860
90 5835
61 5978
274 2254
235 30739
215 7151
198 22207
261 24453
67 5133
249 17763
218 6403
85 11355
142 21919
54 29697
165 4799
155 32177
250 6974
229 16084
282 96
267 18526
126 32112
44 26523
195 16039
114 17452
179 3920
47 8013
134 13098
15 6233
112 28430
221 6799
17 1233
201 22550
149 9836
238 30271
53 9306
31 20235
181 23362
105 27629
29 9430
105 7632
33 20475
92 22108
110 25642
214 9845
263 13334
132 1541
83 911
261 18684
97 17574
231 26005
99 12306
169 28634
107 15570
141 28266
78 15124
104 27770
116 5718
233 27930
117 715
61 9145
72 6656
244 5612
152 10943
17 2667
186 16436
80 26972
222 9294
280 29141
277 24936
198 26780
114 1833
165 9265
135 13992
73 6670
104 14804
257 20781
238 10772
209 24011
249 27178
173 19052
38 30557
256 4639
206 21975
159 4099
14 7244
69 2058
145 25308
220 11517
192 6459
77 18368
242 2063
246 25560
139 409
253 9514
78 1432
172 11013
227 23658
101 9315
50 28021
33 31084
173 21701
155 11836
133 31734
84 25318
200 14933
200 5305
93 16450
199 1218
94 20953
74 26513
155 5329
202 16960
6 30115
139 6322
9 26607
28 20761
276 1564
17 28859
1 21568
32 5621
182 10815
99 21376
21 2358
191 20723
264 24602
250 21641
84 924
42 6693
153 23888
64 7059
10 5647
148 11793
226 16282
100 6414
188 16767
204 2609
229 3393
65 2717
72 23987
152 22900
23 1445
233 20377
3 4546
225 12475
113 16825
161 3471
208 7323
2 7004
40 9348
19 9405
239 28030
87 30627
1 7074
100 29849
246 3201
