401 106 13275
58 5792
21 10741
104 27715
38 21041
1 12487
74 14740
30 8448
2 2098
91 20280
42 22862
13 23670
98 24258
54 22272
91 21410
18 25118
52 540
105 2849
47 24738
82 28580
2 2636
34 6418
55 5751
63 12648
85 5043
65 30012
3 10716
38 1791
69 10118
47 1919
35 32414
82 6063
79 29775
70 10155
85 2083
1 14071
24 22123
3 27143
80 31200
19 6405
69 12426
99 15310
54 18401
92 22334
36 5171
29 20397
36 30533
12 17593
36 14909
82 23110
79 16063
102 4804
69 19287
103 7857
60 30487
80 17758
99 30849
46 19189
23 23463
37 30651
28 25488
74 9363
41 6878
81 28868
76 22446
10 1275
45 14016
51 1940
15 20952
29 9749
17 13667
105 22523
75 22878
28 16058
64 8564
19 18175
100 10342
82 28472
32 23216
82 22358
11 9322
32 32209
7 13932
98 19949
28 9909
39 25405
48 28686
84 9829
11 5354
27 10019
57 27025
43 22417
68 18813
67 3236
50 15364
96 26617
11 19512
63 3793
89 6156
74 21082
24 23224
72 11568
46 30302
33 14883
21 16621
104 2107
38 6214
13 28665
82 413
58 19936
35 22562
57 17972
60 20193
61 30210
91 18919
38 13664
93 21159
75 20214
15 11164
79 20669
51 18223
64 23047
87 9690
16 2752
102 24462
88 30707
17 23634
78 18831
90 46
97 25964
70 20039
68 19337
19 18251
49 1944
7 1807
47 23484
33 25975
95 2193
81 7831
5 22125
68 17943
50 17381
17 2524
21 32147
73 2020
71 791
52 15218
42 7516
78 17772
81 2589
15 5121
6 167
85 11662
47 29664
22 8899
23 13704
49 27650
90 24255
64 13831
63 8647
8 25038
86 26892
82 15281
89 26465
15 11730
72 32141
90 29112
27 6406
8 1341
11 28668
66 26279
29 16025
63 23573
105 27016
36 18973
44 10676
79 23987
63 9554
29 3404
1 6689
92 13636
37 31984
54 21373
80 12898
12 9802
97 17646
55 12939
8 15401
34 29977
106 31048
42 17252
95 15584
75 8026
20 14833
57 651
17 23075
56 25739
46 5967
80 152
83 3649
85 7805
32 11965
69 25270
45 11455
73 27093
38 5895
52 13093
105 14037
9 7820
57 7410
10 438
6 32751
26 6255
40 20401
82 21585
43 8750
15 20384
25 23921
30 26482
39 17124
94 16659
102 16334
58 16039
91 10011
93 10001
81 14428
105 1300
29 6158
66 440
96 7455
88 15856
96 6062
68 28537
63 29971
70 17669
32 25887
62 21913
80 25764
18 7988
18 20792
25 22705
28 27191
94 6894
53 25351
30 9518
69 27296
92 16572
97 19531
6 2002
85 3497
8 5048
61 11768
12 22064
7 27282
4 8722
30 11446
55 10036
49 1163
62 25996
81 21858
91 23449
20 5948
4 29694
5 20876
83 30321
84 13118
68 32723
83 27639
80 17824
31 10911
40 10378
96 25885
95 23137
9 19809
41 6966
36 6056
88 20928
8 30203
32 767
106 27897
49 27934
33 26071
30 18846
49 8613
63 31409
89 29139
66 10212
13 23027
94 3585
93 32448
12 1588
48 1632
37 2156
22 19942
46 11524
86 6171
26 29091
94 6526
14 17761
70 1417
73 8235
45 310
16 10600
74 7874
106 12764
94 18097
85 1229
58 12818
5 21605
63 23044
17 17752
56 121
57 24007
46 13882
92 23395
39 556
15 13525
94 3537
16 19038
4 31505
68 2490
19 18235
18 2379
18 24391
86 24179
35 18782
13 13122
40 1948
24 24401
72 6164
12 2029
87 13844
79 2936
15 16555
67 15373
38 27241
38 11619
91 5734
93 6644
12 1669
4 9054
91 16122
85 29193
103 17162
93 30730
91 3858
88 23367
21 29643
25 19164
52 14028
69 17342
27 7249
19 2206
61 15930
71 20753
23 21591
25 29677
49 20962
80 4342
78 31821
106 32186
30 24383
42 31161
7 16857
59 28105
1 317
104 15033
28 29777
55 23349
95 15552
86 23785
78 10562
87 29930
7 3358
34 13137
49 12525
83 6697
26 16544
29 7051
18 23236
7 17159
51 9477
74 3654
32 2545
33 14574
54 1023
99 32710
75 6608
34 7963
104 28596
73 4194
6 4720
66 19230
40 24383
89 3332
28 11542
49 27997
4 6956
35 16301
39 10426
61 2450
19 31231
