254 207 10009
188 30632
171 8923
149 15287
92 16456
52 10664
101 14569
113 20605
136 26082
3 13712
108 29570
151 17610
61 29463
145 4373
170 16135
128 30996
75 25884
41 1041
192 2848
113 2871
17 426
113 769
110 31031
203 30962
144 3452
190 6535
116 6907
116 21098
1 4821
178 25832
59 16607
30 31909
173 14327
95 7822
11 22681
164 1040
156 9645
139 13959
159 23459
125 32506
129 32194
153 32261
171 19901
98 22
38 24968
102 25053
135 19305
106 6397
37 2130
57 13576
187 10350
32 27818
169 26106
38 2852
20 7766
140 20988
118 24924
163 8947
17 2800
35 1592
170 6872
113 24795
111 16079
91 28548
191 17108
58 22885
129 23496
9 28525
23 56
125 27583
199 17272
15 17762
76 26353
173 27706
174 5563
76 311
22 32367
127 24268
83 16182
136 1443
203 22566
80 16783
163 6095
162 6850
95 13840
24 26432
67 4400
16 4243
46 16681
108 25024
9 30023
80 29051
146 20466
198 31895
67 13512
126 17600
12 15600
53 18284
63 17834
165 24847
36 19754
177 12430
40 4518
184 20215
151 9902
48 12143
138 29884
199 15212
139 22284
40 32548
110 19373
132 31301
113 27097
83 26854
44 4738
6 6333
198 3885
87 7827
2 4867
84 32758
138 21029
45 9518
86 9025
8 10098
111 24419
105 20315
202 29709
166 22424
63 23433
23 18404
186 28542
169 31797
180 18882
35 11318
112 10095
175 1784
81 569
185 14052
153 21502
137 25077
151 14495
48 31268
136 25103
98 29219
101 4777
47 10829
55 4551
109 10718
81 20112
150 30815
146 9489
150 11109
177 31120
26 31867
108 7708
167 31581
72 13929
97 12391
81 3547
5 17228
175 5089
153 31243
34 29316
25 9247
34 29504
157 17910
28 9746
181 6309
39 32466
71 12762
76 23747
27 26642
121 12393
118 18188
133 13210
91 10365
205 26584
148 17669
119 20190
120 20834
148 4473
106 31716
106 2201
28 24096
105 23720
152 14057
129 12058
108 124
148 582
52 14075
63 21364
87 25373
91 6967
35 15651
189 10237
100 31758
117 1764
140 9487
72 28367
13 28479
168 25018
197 3984
17 30794
76 259
81 2984
101 7452
84 12688
54 6292
202 16037
38 14413
191 17160
171 21131
148 13608
84 28768
17 16092
23 9064
58 24751
186 25527
176 24442
117 2576
76 12345
87 14935
63 22039
60 21065
120 26315
204 12395
40 10535
107 26432
31 494
86 12479
1 8935
155 13828
81 12335
51 32582
38 20435
6 8201
95 22430
49 29589
22 3376
169 32166
43 11344
80 17253
195 10116
34 12439
70 22238
100 23829
25 2328
157 18044
39 10980
24 21029
14 30845
77 11096
183 28034
143 20924
152 26372
