571 161 22054
66 17300
15 30885
129 13500
113 18527
33 28400
37 31559
19 5602
26 452
62 17735
39 15970
66 9776
161 26056
103 28312
146 6890
115 32569
41 7039
22 5029
111 4278
161 14481
56 22564
139 31860
72 22785
147 3665
68 14741
127 16080
161 2285
127 6036
86 12498
33 31945
101 17404
47 3324
42 31874
9 13104
107 32405
105 7982
122 13166
55 6172
42 20613
127 23889
123 24324
115 2408
46 22395
68 11155
91 9685
38 2866
89 10635
14 18853
119 1559
1 22110
27 22444
85 26938
109 8228
96 30481
6 58
94 21644
23 4345
22 31542
10 29044
102 9430
10 23736
112 12541
17 23551
41 2267
17 26918
19 30038
155 5473
69 7006
41 2094
143 4730
49 27271
30 18855
135 4700
127 11875
79 576
40 18949
63 4451
104 18767
139 20416
73 8774
101 31383
124 19521
157 5406
119 15937
97 31092
48 10112
111 30166
89 5709
104 18965
127 278
136 6471
106 26055
144 9149
10 29523
24 23862
146 29071
4 13138
35 23367
65 6218
147 24204
113 9693
18 14155
100 27790
112 6180
33 17164
157 5496
86 10738
56 18116
41 6064
115 4654
60 16585
140 22110
75 12352
73 26255
1 17484
56 3302
83 25427
79 1794
15 32022
97 12500
26 11306
156 20913
127 2983
40 16293
104 5412
22 19723
27 6882
29 13402
74 12871
119 30274
37 8846
18 24056
61 11198
145 8142
48 14808
66 17926
83 22613
121 24552
140 31183
65 10002
95 26623
103 3856
49 28647
111 29484
86 7760
33 22151
128 8311
40 27241
16 7428
92 20182
107 6459
38 16738
35 15990
8 11846
38 5075
149 22450
101 42
57 1893
127 10306
125 32380
14 32068
126 6023
72 3951
138 20194
54 30990
161 9539
28 30119
122 4239
19 31094
150 28402
94 23833
149 12334
18 29069
42 10547
115 4185
70 17905
71 31753
97 3434
37 9438
93 11275
115 9668
11 30780
99 3460
114 9526
160 18491
118 6164
36 15627
96 4909
69 29712
89 11170
60 22678
103 15667
133 27529
108 20567
125 31276
102 9867
127 11534
140 24810
129 827
134 29950
97 3503
10 25558
107 32528
21 26456
49 25500
39 2521
47 5472
149 23531
73 16554
50 15478
146 3266
121 26379
81 15573
51 15476
59 23858
74 31120
4 20665
146 20574
87 21135
127 5975
60 16407
28 769
13 16158
65 7617
141 5206
89 29168
102 15878
36 6706
126 9983
110 11267
81 1490
161 12435
137 15424
155 8148
34 19186
152 4561
49 11627
154 6721
16 12858
35 604
22 9076
51 21741
106 21345
146 28841
65 24950
68 5311
107 19331
130 7088
10 7982
122 22625
114 24480
67 18799
94 29566
84 5826
128 12059
88 3429
24 20204
46 3476
51 30268
111 7959
96 1568
143 8143
57 24750
143 16527
82 27754
103 17453
30 27649
19 13528
106 32314
12 939
58 23081
22 18051
44 7078
66 2062
99 13309
158 24101
83 21223
108 14940
64 23481
116 10455
10 15068
35 29023
84 12157
85 20148
60 23941
99 12325
100 15308
124 14687
52 12937
156 29827
125 32270
45 27259
121 10674
116 5517
108 14094
140 25136
66 17772
148 12831
37 19836
101 5549
80 17737
79 12120
96 16492
42 30112
155 24703
82 18202
21 10709
95 1216
123 4200
28 9867
49 20755
151 32324
42 27394
154 7319
3 19814
157 3177
46 3437
115 22635
154 14449
76 3823
51 5744
148 14331
33 28860
87 29084
83 12531
94 9853
86 27698
91 4792
31 11910
55 2796
41 6819
111 14736
58 12761
46 18055
92 22595
142 7412
76 26946
143 17231
44 28713
109 31161
126 22842
119 4748
45 11986
77 14647
113 14048
145 6985
77 1179
140 10187
36 21109
133 22739
150 14410
144 15190
138 4574
134 10558
21 10630
38 27068
143 31525
120 11232
33 9050
140 3943
34 20216
32 12244
67 16055
38 26050
62 13097
143 12920
44 21743
86 2494
56 27948
82 28143
66 570
60 4688
81 11420
152 30624
96 14388
12 14064
93 26038
29 28341
74 24669
87 1564
117 15325
35 15005
150 3736
62 11219
129 31764
79 22923
43 17325
148 18459
33 10119
15 16117
133 16327
66 21883
95 3587
4 16917
26 25846
86 8065
95 30841
71 7275
74 10671
89 18750
149 25471
20 30777
20 6983
17 25541
89 18894
21 3846
99 28795
122 5296
66 32453
120 22556
38 11243
91 19611
26 6373
70 18186
13 20122
113 3494
142 27731
8 6690
91 6768
134 16887
71 5466
60 14588
29 25784
5 8758
108 4838
104 8945
20 30882
82 11279
26 28937
134 28065
105 2499
86 10420
122 890
113 21357
127 13968
85 17241
129 12305
142 20990
12 6886
116 12214
147 18764
124 22717
136 29317
128 24712
98 30925
107 1880
125 19344
127 19984
3 14810
51 31811
120 18703
93 19602
143 25564
83 13109
56 30061
141 29399
94 17633
12 29607
35 9467
61 4268
85 19482
110 20312
99 26731
38 13665
18 17501
74 12492
85 3925
1 17995
67 7844
77 31176
65 15030
85 9538
12 19595
108 12760
15 32619
131 26403
60 10966
160 17609
21 6331
121 6735
142 31722
155 20783
54 10954
139 7467
85 29263
36 1760
105 5415
129 1182
34 19252
97 5495
96 21823
105 4758
151 30955
68 10963
54 30951
40 15492
13 23912
68 405
102 8407
117 16859
50 5318
4 32677
129 4905
61 21140
108 20419
102 25773
77 24030
1 17837
9 15935
108 2204
3 2393
20 24485
62 2497
128 10789
84 23266
39 10498
113 24562
76 19774
27 10021
152 21708
106 3360
132 10658
114 13488
4 14095
57 9916
104 10575
92 11896
61 19293
149 17884
129 30472
39 9813
18 19273
97 20922
139 7380
37 10113
49 21741
27 23091
87 12925
55 22813
68 8549
80 585
30 7186
14 12460
4 19281
119 31393
153 22629
41 13462
2 9560
62 3077
147 24462
110 20135
110 8352
123 12772
80 4455
30 11917
152 17238
155 17613
43 13325
136 15453
27 12076
118 13560
16 613
29 6927
124 14294
119 21693
93 19093
135 15101
5 2444
54 13083
16 7303
31 31848
147 24459
