9
47 18722
29801 29934 19586 22993 22381 2285 25767 29497 19180 16265 7361 2397 22125 6020 30877 20644 23881 9499 16529 8412 1447 11566 16399 2430 2987 31649 21113 31540 21739 30978 12855 10904 22563 17260 15880 4159 11561 20139 10389 10742 22819 20384 17996 24907 10999 30439 28011 38 15363
16056 7259 13723 26895 20491 23104 29841 22399 17152 1486 9957 23245 15997 1630 16987 20023 15129 4929 32210 14005 27961 1364 11393 16686 6776 26324 24193 28907 24141 13684 27275 4684 8680 2733 17668 17850 19292 7766 73 14044
26627 22388 20961 21518 22046 24403 23026 6671 12733 27350 26258 18425 2271 11787 354 3959 6873 11778 4613 5426 9980 25824 16864 21900 3698 27695 19741 16785 19817 8568 25846 10282 3956 30996 1840 16276 25389 29503 28389 25361 20768 26478 647 22750 23012 6627 25378 13412 8075 20350 225 10418 15933 21462 22740 24363 6175 9608 16368 9852 6265 15567 24408 3538 12825 8277 17883 16457 7410 15433 12989 13479 5897 34 32186
1354 11410 1027 16456 1119 19285 751 9245 24661 9559 7806 31473 27793 9911 8033 901 25188 726 3459 32740 11834 7354 1760 232 7444 20149 30874 2817 32312 21825 28233 30770 3366 24879 18 15196
14287 5377 1022 26815 5378 29076 9473 10174 7975 30210 18017 29154 1839 30406 29883 17186 13259 28705 4 8034
16604 22461 10841 4409 57 12689
20957 1527 21595 27652 5053 10983 27420 18261 4690 12241 17313 19514 2951 4803 31827 5575 2865 22801 19143 29330 6047 22939 11501 8469 3186 31822 14987 11091 6063 4846 10986 9663 3347 12050 25296 21849 935 6512 7853 282 29076 20058 3353 29330 14903 9097 28030 27088 25208 31514 1810 2178 24408 10198 3081 30813 13002 60 15624
20671 19140 4518 24796 32659 22165 28554 25708 14710 1657 17791 14060 13591 26987 3427 13908 13796 23866 30103 16401 10723 17631 3587 14842 24285 30990 18011 10117 4802 9995 8609 7995 25417 4543 17132 13417 24791 26891 14183 10521 18594 11100 8604 31808 10774 17792 10739 10297 31608 25784 22645 9586 25033 12046 15318 1382 12269 21992 435 14795 95 14046
25624 23564 4665 32457 4165 2297 16209 796 27314 9406 18214 17784 21584 6929 31453 21882 21778 28592 15509 1240 20396 13067 29002 8620 8859 12093 18936 11023 23141 24897 10243 13290 22818 4707 8406 26633 5947 9716 25802 26481 24946 28482 3402 27636 14370 9160 5686 27906 13256 15777 1668 13762 4803 25155 3117 8545 21592 8553 3911 29099 1273 8273 110 29656 8135 1320 26217 26536 10581 14019 28427 23730 26543 17551 1878 31224 23451 2763 16103 25536 24350 26356 31374 13215 3394 4225 14908 14039 22295 27089 30242 26339 27128 23906 22295 