9
4 9841
16493 814 28794 4319 50 1519
29888 30385 18916 14504 6387 316 16400 8952 18630 9660 13805 6542 21947 16627 24896 22252 15582 5651 2437 4459 29875 13534 25991 12928 22381 2828 30509 4925 32096 9453 22935 25115 7097 24911 13673 5622 15213 7330 20327 4697 23663 5978 25923 24828 22822 7061 19634 9355 7710 9726 68 10409
2558 5617 18807 13109 2490 10464 2435 31436 17673 17653 15992 26255 28442 22264 20238 31526 3970 18292 17339 6405 22394 19221 25986 28653 22343 4693 16140 19382 10233 7255 13305 7757 23896 12563 8824 27385 21532 18100 17173 30434 12380 22078 15059 25299 8265 25460 4987 4671 14108 15353 3635 898 29773 12725 1106 32106 19206 21626 19059 13814 15831 28392 18889 22109 25259 19086 17330 82 95 32593
29582 14471 19521 21010 721 23152 17584 26251 855 31049 30754 18554 25592 21082 20818 4098 4957 13434 21323 9550 17681 210 10016 26487 3291 10467 12766 15016 17484 19915 18111 16768 28308 25795 18848 17847 3738 1261 21941 5125 9035 16973 15484 20287 15921 14868 28911 32452 26696 13349 13054 23575 18702 32210 3900 9165 17370 25062 1753 28074 32622 25065 29648 20487 3023 5279 32097 21110 6741 19922 12482 29609 31742 29521 4626 18064 23047 9017 14734 27330 23742 3955 20743 25630 13458 12926 1428 5554 14700 16751 16772 25564 5186 32566 17046 84 9961
21794 24685 11671 9770 21672 5950 24896 6681 1632 10956 14517 14498 10832 30102 5317 20069 19821 14414 15531 10692 22623 32142 750 15417 31621 26055 12677 26093 7225 28538 319 8071 10069 4010 8290 30274 27893 11921 3218 3651 27007 23698 17397 7977 8161 21359 4501 7909 26906 6076 30982 3788 23804 20115 1352 7914 14384 7050 32494 7066 25466 6882 19840 22868 62 19457 2079 4805 7748 34 31079 27941 32440 8524 6810 5829 2165 25984 18938 13287 20867 16951 16502 3539 7 13324
2697 14375 4984 11957 2144 8303 13186 33 14651
15349 18663 31322 22037 18395 9242 31067 32647 20326 7186 5858 746 27805 7315 8755 31420 30483 27054 11944 20036 5377 15499 19807 21625 25239 7526 3888 7713 9108 7896 25314 11062 13077 96 9118
3981 9642 28161 27555 19130 20911 2966 32572 22318 12762 18627 25583 13474 22032 2213 30712 29113 22141 30349 7670 30944 31971 23041 20707 9337 6194 27652 13385 24122 11866 4504 29875 19919 93 8064 3170 23239 5288 2890 16450 1453 15267 11661 26909 23669 17031 31088 23821 3611 18544 19819 3383 24966 27059 16722 11190 5042 13681 5519 28118 24846 8556 10158 16003 15907 28698 4128 29953 887 15608 19768 25565 4273 8993 8058 21539 11005 12831 31509 16593 6834 9473 12974 26252 19507 4013 16223 31634 30739 30328 18944 9200 5756 1012 22949 30197 45 20745
19303 8934 27794 29512 30568 6131 3712 17787 10001 11114 11522 7809 16542 10795 8904 27225 19421 22876 19118 22908 13362 16477 29155 6768 27615 20222 13642 20890 21634 13296 20000 17236 4319 30586 4576 25663 9184 11885 10595 17370 218 22874 17228 1364 28946 