10
87 12903
29300 6287 26221 9075 754 16755 19684 31716 18520 11862 21310 29963 24197 29734 16643 25951 31459 2107 13691 12566 27301 21898 14357 10482 17996 12827 10249 19294 32368 18621 20285 7097 9661 19192 7270 1010 7228 32579 18543 29781 32723 32631 27422 13732 1552 15236 17141 8554 8994 5218 13398 13452 8744 9035 17387 12321 4783 296 4165 15491 12149 8777 3779 17062 8819 6744 4022 28585 18971 23696 19906 5803 25567 19498 3208 25824 16370 12568 2689 7140 25170 25846 18989 17999 13574 19518 30318 62 12196
28603 26158 32736 6167 19008 840 27095 16543 7833 6310 32193 26393 27074 19367 13967 6529 17751 17603 31463 17333 20044 19313 22902 19068 25566 22856 24454 22470 21193 26725 15827 15414 16572 270 12186 2525 27658 19092 22516 19529 5026 9086 2402 446 6977 1251 11177 14787 16358 13592 13280 31968 28807 3468 25287 24999 7938 22511 15706 29425 7510 1690 6 19306
23315 19499 10716 2640 5903 22127 63 1399
22875 12422 12723 23697 18805 4161 20896 20908 13503 4815 4083 2812 22832 11417 17536 8667 18506 20586 24819 8974 30284 4563 6571 25674 18856 18126 4300 21238 16055 27809 14223 8243 29612 21509 23005 28186 12487 22664 2077 25156 16587 10032 21322 16784 11697 22625 3912 31008 13726 24832 3960 14501 3091 7897 4490 477 15203 1086 19090 20826 14955 9969 19038 18 2685
13893 10503 24801 29085 7295 12999 24724 9456 20354 1546 10276 30577 5292 22472 18815 24806 15355 21009 45 28947
5748 16618 4907 813 11205 343 9985 17809 29481 26297 3699 27062 5004 2650 4975 4192 28400 14663 13731 17943 32015 29790 31297 9176 14657 13991 26879 26634 10145 30184 23139 7091 13675 4467 31549 6124 30889 9027 10613 32659 4879 26439 3590 319 15395 35 6219
30073 13985 1860 15994 11561 13597 11884 10094 1102 29162 18574 8617 3314 32315 3106 2969 26206 3208 28878 4378 5258 14899 25213 25149 27607 7276 10929 18247 25856 5202 1050 13821 27982 11866 3175 84 1804
4341 2140 21299 20027 15981 11813 12675 13703 11792 27114 27753 3961 145 20643 8138 14317 21419 13614 3809 29127 30983 5022 12862 19682 5216 18135 26382 10313 25829 15448 9116 9386 15839 6743 21784 6919 29331 3091 19096 27567 14698 10342 20828 14701 19023 9881 26198 25855 15449 21885 8425 23753 26282 2231 15090 5323 18583 28764 23045 15057 15625 3774 32249 31465 32034 16517 14502 26650 13860 2817 4845 23891 13967 9406 17145 27298 30346 27737 6085 8870 32644 16787 15838 23623 99 29860
16747 15524 20797 16338 29034 7501 28045 32577 2108 8883 9224 6925 15716 5853 1256 22422 9356 23644 20424 27 32200 3456 26122 8075 23327 7116 15478 15255 16200 936 4131 17932 6577 26710 25243 14432 17350 11303 314 3466 25455 22767 7127 3607 22234 27830 11943 8827 3452 24240 17245 8101 29266 28784 19862 16854 19309 8024 9845 18866 12973 19028 27530 28568 3021 24520 17657 8495 7071 10182 22232 15681 9369 32389 25048 16845 11409 4878 22312 8279 20421 32313 25494 11395 17694 17880 13816 22754 30646 8242 1226 13836 22935 2995 5912 26607 21446 3809 21663 96 30592
13458 8495 5646 21699 6236 1875 8789 6672 5966 30260 2515 24944 30941 5819 5086 20149 9249 31734 28248 25346 13634 12989 3788 10637 1837 29845 10681 8612 1419 468 13358 2542 23283 26374 9111 28916 20318 12688 24535 11999 27356 22419 7063 11395 12422 22291 1757 7069 1460 20569 4064 1113 6512 8085 9755 19480 24618 14792 13216 6511 30637 20705 16559 14707 1873 806 30087 27188 28786 6614 28284 11911 25378 6925 5706 3849 11035 13031 31401 27744 18679 14312 20257 18116 11172 20124 4640 7871 7698 28794 2122 21296 15662 23054 528 8342 