466
30309 10711 17986 18348 3744 10911 19650 27110 5631 7313 26615 10594 30586 7837 23462 6436 7948 15768 20186 6997 8274 20612 18209 16288 11092 27154 25591 24795 17315 869 28291 17898 28068 17433 4481 18912 17963 2948 19840 20328 14411 7995 32077 868 17773 8920 32431 13011 5024 15611 21332 14328 13872 3471 19980 17081 25722 22863 8245 69 4862 3720 23414 26105 8886 1824 15281 9093 6823 11223 19762 74 8117 23757 17197 10247 7867 17221 4711 10933 23771 28840 9267 13231 25107 28365 13728 15382 29201 9591 14065 15476 1865 14623 16205 8607 1092 18164 26808 2273 3899 8737 10306 1877 19428 30286 30334 148 26508 29545 23606 20625 11110 26278 14173 19650 2339 25796 19525 24705 21954 27027 30483 18609 9898 4275 4463 12964 1270 19358 24704 16956 27408 14568 7959 17233 16513 198 30762 2643 18439 23246 1413 18481 13288 8445 9916 21881 21639 5118 17508 14528 5429 13481 21378 27716 15177 22219 11588 9936 7027 20773 3823 11232 14669 28343 22041 26374 1331 1342 19736 22156 11349 21755 7098 2395 12042 5558 12343 13339 12648 21763 13411 8604 14865 2500 25384 629 21327 239 21044 24555 16996 1937 1007 13844 18715 30227 21936 31036 9635 188 7728 2695 17565 29048 4159 24536 22900 11992 13749 25330 20717 13401 5804 19421 20991 24553 24812 31372 16612 14503 9127 5052 30832 4843 29543 25887 11682 13702 2628 21690 12665 25675 14426 24459 1288 29646 14458 27504 29645 19051 15648 28740 10303 29322 18853 15435 28326 8738 11190 22480 6703 23420 10501 19468 16448 2874 13630 20810 15881 18327 17469 10313 15452 5360 3198 8930 9662 21380 19925 8170 17086 14968 28767 32346 28805 1054 4024 19373 9647 12150 18030 12682 14681 31477 19894 26275 8315 31878 17758 9949 5497 31439 14339 30385 24052 27573 12164 13778 8934 15394 28086 17680 3822 17669 7514 17276 9960 4507 3916 9933 4289 23278 22525 13058 15497 23707 24866 5449 9162 26327 17326 9760 4889 20916 32254 5818 12778 13729 23124 3492 15529 3376 6535 30376 9478 9245 13817 2546 3216 30603 21192 20081 19845 27536 11081 7040 1512 31220 5810 24006 22741 15926 29718 9050 23058 720 4759 13099 22502 13244 27095 13216 30510 23095 13999 9339 21933 1477 20516 12291 9892 18037 18582 5986 32162 7270 12091 15948 15262 138 1484 6625 21059 27306 15998 1749 20875 30891 22068 19150 29583 6927 24307 17677 6814 27327 3734 4689 30092 3079 9667 10232 15948 17122 17181 10856 18113 7288 30395 685 18386 20965 10714 30563 9917 18492 11982 19671 9389 20939 3391 12393 11406 5281 24209 29493 13088 14926 20132 22514 23882 19690 5310 30745 24754 25945 30917 1098 21130 3788 14514 25581 22701 907 25154 30741 28906 9971 29934 1449 17055 24762 24606 2757 11914 15739 12698 862 4317 30830 2113 24869 27024 21110 
7933
111 84 23138
449 339 20132
437 431 24326
81 56 21674
289 106 17652
386 255 2214
305 273 6836
339 229 15265
434 240 25054
453 358 25855
453 448 29916
11 5 21795
382 335 12454
307 261 4453
378 150 29259
427 413 7785
392 97 19217
407 382 17727
424 194 17966
464 124 5183
425 276 12671
427 352 2768
369 357 26420
148 98 12178
88 7 18915
335 192 8623
461 56 1885
420 280 24064
422 299 13932
445 435 4656
462 324 9702
343 227 24950
433 170 22145
434 433 18945
138 29 15362
393 7 28219
253 252 24939
150 10 24421
399 65 5942
354 332 4932
364 351 30584
450 67 18599
389 329 1073
373 356 13785
414 402 949
388 112 9663
447 407 15164
355 83 8438
160 19 19981
77 26 30144
278 259 1425
352 293 1790
443 262 2478
420 301 19448
398 288 4119
368 294 6039
455 407 32464
136 103 244
392 32 7349
59 2 15124
230 205 4910
393 386 12781
427 356 12782
248 19 16995
453 195 7423
460 405 26675
399 278 4212
425 412 357
353 325 23377
382 349 24868
364 7 12836
394 6 25028
357 205 4005
299 169 10592
462 396 4247
152 24 9751
298 261 4092
240 158 671
326 310 30002
444 238 23237
433 317 6767
449 401 12550
415 404 25588
388 355 22570
377 205 16244
209 103 2797
414 338 1792
257 164 7823
392 231 10717
218 75 9315
401 216 7696
450 374 11030
450 66 10588
386 154 28304
457 372 28111
415 359 31392
453 451 9163
306 184 29382
389 100 257
72 28 20516
464 260 3670
293 288 2292
91 84 30934
368 303 5699
465 461 11319
456 436 27996
188 48 1012
187 77 15214
457 388 16358
453 451 14235
431 209 29842
411 241 24356
461 338 28217
394 255 32540
398 232 7940
382 68 30939
359 184 10052
300 113 28502
314 274 1668
453 377 12871
455 410 25485
192 179 29386
465 456 7173
459 431 6470
144 47 17753
464 451 15168
331 308 15285
309 276 10601
320 274 15436
408 318 1906
231 61 15916
272 177 2946
438 381 27671
196 24 15381
367 144 27095
169 157 12089
369 240 15046
323 317 26090
252 237 30692
425 402 31289
371 282 28652
431 381 16822
422 199 30053
452 189 13057
342 177 4869
353 113 19121
347 126 17504
397 294 3262
396 262 30408
461 163 13443
456 455 14392
231 116 13515
285 230 30778
415 22 7805
415 406 9336
273 146 4745
335 331 12267
335 248 18163
385 228 27753
350 227 28942
434 417 16618
394 215 21605
318 177 5013
408 186 15986
197 113 10373
449 19 8168
237 233 19233
319 143 26043
443 438 3583
427 395 10258
364 206 9105
466 394 22978
394 276 11599
457 450 19650
381 137 2627
419 354 24509
287 243 29956
425 378 5895
314 152 31034
451 36 30289
157 134 13555
420 138 21144
459 422 16191
268 55 27687
464 454 14582
194 81 23475
148 113 32451
437 432 31258
402 69 7208
304 220 14763
286 236 18411
341 315 13404
402 115 7932
175 161 24010
417 407 27231
117 42 23304
461 456 31178
406 212 30648
240 231 29061
207 76 32726
444 376 29722
222 94 10662
314 215 7699
428 225 7973
103 33 27496
178 173 28824
318 284 21860
341 230 21406
346 143 15854
460 458 23042
418 169 20755
179 103 7522
260 118 22297
456 440 25837
461 459 13606
443 175 7825
374 10 16338
123 94 10769
357 275 7824
69 6 1585
465 453 4940
458 407 2847
261 9 18401
338 321 5684
192 18 27105
336 312 15286
214 179 13727
446 93 26988
188 111 10752
377 376 637
226 105 22983
217 154 4402
391 155 9003
207 144 3647
83 3 5253
216 123 24052
354 206 7205
381 362 17545
385 234 11646
461 209 29468
450 432 25270
389 383 12513
289 267 9256
441 9 24810
234 24 5212
214 180 10109
433 289 4573
413 97 22664
366 352 26098
270 151 13412
445 424 7374
356 209 3591
270 165 22119
272 250 5312
220 169 18631
343 266 27093
246 67 805
293 70 29805
393 338 15901
308 233 18019
300 295 31406
237 148 25412
346 74 25995
438 405 23641
289 58 7610
228 221 3731
460 453 9043
461 460 27366
462 456 4304
106 47 23055
283 182 13169
335 285 15306
465 451 5845
440 386 2658
295 2 12336
230 170 2402
416 408 285
455 350 2949
396 318 16165
421 342 29493
320 210 22459
454 443 10420
410 42 26154
440 189 2912
465 452 28561
372 313 29101
466 440 7132
446 230 29901
426 414 21705
457 433 28137
456 445 28272
288 247 20680
450 426 16260
459 428 22634
414 344 31299
206 144 29004
420 270 3342
421 337 6810
449 366 19572
455 144 6122
196 190 20671
200 58 1826
248 180 32337
434 29 18998
464 457 19609
107 104 687
438 264 19828
158 67 10663
217 61 4227
399 49 15642
373 90 10498
92 54 30345
391 367 12164
392 340 15159
208 59 20349
426 332 16796
234 123 12118
428 38 19997
122 80 5334
327 315 4077
421 413 21144
366 296 9253
146 73 3475
461 226 13173
306 159 221
391 98 24344
330 226 17469
464 463 7659
397 396 30569
390 273 17868
447 332 13856
381 313 30284
222 117 20516
390 281 17539
445 376 16513
156 64 14819
392 287 16708
462 110 19212
446 365 32180
396 363 19006
148 100 25270
334 293 2681
340 257 13273
330 302 28755
432 199 25564
161 146 32300
308 122 27547
446 435 25409
382 198 2054
399 243 22070
419 390 18221
342 101 8152
374 368 30013
186 6 3161
412 329 30519
325 68 2455
369 10 18227
233 109 24966
352 217 17400
415 327 10826
441 397 14843
259 80 23778
197 44 2032
433 383 2275
426 330 32649
426 122 2089
413 297 21744
444 4 14684
297 241 24858
353 306 795
445 415 26508
362 182 30864
461 449 8892
257 114 17997
440 87 28243
343 278 31741
455 429 21517
78 71 13777
307 50 10344
428 268 31845
195 7 20248
193 66 25560
366 360 26938
55 36 28150
403 345 20051
305 171 22955
221 220 31512
439 373 2176
287 12 2702
381 329 25918
396 208 12523
362 259 18185
74 13 6956
297 98 22754
458 450 24662
200 139 24032
302 98 31448
466 465 22090
144 128 32739
392 339 28990
369 276 3052
413 41 2385
138 66 20745
454 31 6569
398 363 7389
224 182 3518
365 300 28040
455 12 27842
276 160 3074
86 42 3070
381 265 20336
411 49 20618
438 285 21932
438 232 24803
440 371 29036
415 268 5061
458 437 8329
174 159 6653
453 16 26511
443 372 18274
458 425 2097
397 71 16537
440 424 2205
447 425 17338
385 366 4350
434 210 17045
400 323 27809
445 423 8498
457 226 28153
374 295 22333
215 193 30083
390 64 5386
180 69 25442
424 342 29572
271 204 1582
414 399 8212
256 199 5823
414 212 16630
453 340 32481
340 248 28463
342 286 25673
417 201 6835
314 160 989
429 392 10752
444 25 21967
368 355 296
99 44 12570
435 311 16579
111 86 8428
382 80 3567
246 205 22141
288 181 2564
457 383 21082
374 20 11336
424 373 13048
463 462 3796
200 199 6287
381 266 7964
410 280 4617
309 172 6406
403 12 2096
454 453 30000
375 240 21609
435 434 3056
418 285 19939
462 145 2535
366 140 31849
417 212 25527
441 296 3553
366 86 29451
466 460 21759
464 262 17083
437 426 10282
441 436 25485
464 445 8692
429 366 14903
401 222 2156
241 162 20515
402 243 19272
130 81 10883
408 378 17301
175 75 2740
397 374 10812
234 32 15956
431 330 20660
143 110 759
460 366 10003
214 141 13518
94 59 30735
367 349 17282
203 112 15341
445 74 716
317 250 23638
314 23 13916
358 321 29667
307 295 14325
439 429 5659
314 137 10519
440 405 15192
391 270 9967
296 263 23901
451 242 26963
463 95 1403
273 201 8055
459 430 10174
463 375 14285
385 104 17558
290 178 25601
199 188 25414
373 37 6252
423 120 17078
332 158 18089
359 211 8645
463 368 10820
207 68 5052
383 227 16402
452 274 19311
405 54 4510
300 228 1133
389 351 16611
311 57 8592
423 299 4820
220 141 2557
268 56 12156
448 103 14395
384 202 20192
356 268 27064
464 449 20315
411 185 14879
425 407 27635
294 35 15479
345 221 10262
368 285 23740
376 58 17218
311 167 5776
353 287 10596
215 152 16438
351 312 3915
425 389 8397
370 346 10914
285 265 22799
463 347 31250
429 191 30624
432 385 29161
466 465 18548
261 52 4699
297 234 9025
126 105 28063
407 70 21503
338 307 18879
382 376 14400
348 160 150
461 407 11561
385 157 25986
466 340 17168
418 217 17794
352 69 4798
294 122 413
237 92 21687
316 230 20223
392 285 17229
281 111 17567
243 220 20359
431 314 15006
465 363 19572
460 288 12352
328 91 9323
226 39 28628
465 437 29809
111 90 5887
392 302 1883
217 187 32750
279 76 24023
449 448 28030
463 300 24949
220 74 4130
404 343 3047
66 35 1470
404 178 25573
340 211 1220
449 252 6357
424 132 31379
450 285 28009
419 157 4984
355 119 23626
311 302 20188
453 452 7462
357 279 21332
374 274 32257
425 345 14981
283 164 19948
405 291 3092
409 369 16666
313 303 31220
336 327 5138
455 376 19930
456 439 4216
410 333 9145
419 38 19894
442 65 24583
395 331 22878
445 359 7579
393 232 32554
379 370 12384
315 112 3135
241 125 17828
421 139 8140
273 151 19882
423 384 1841
360 340 13033
352 286 32249
333 207 10769
399 383 3012
299 201 31622
314 307 7750
266 247 24494
260 49 23937
464 460 14176
429 342 12631
446 144 2089
463 362 4344
406 363 4499
463 458 22314
179 55 23776
443 63 24959
466 459 22525
441 437 9000
395 167 7548
215 212 21091
392 9 16667
440 351 432
436 371 11623
280 171 11091
286 214 30215
144 21 975
449 205 9912
434 389 16956
396 359 26218
458 289 12260
182 36 10609
317 98 10515
338 278 18181
210 158 160
456 91 845
433 403 3580
431 36 20519
299 35 12536
111 31 249
216 93 7389
430 315 14239
364 188 25337
394 339 27897
461 457 14314
376 359 28596
356 342 14525
386 341 20507
450 440 9245
279 232 17899
393 362 529
185 1 7594
456 437 11610
286 58 1309
442 304 23826
108 68 16374
237 122 25030
269 66 16326
280 212 28321
212 26 3017
314 294 32341
244 162 852
184 143 8478
431 285 26511
245 147 14138
432 427 12077
60 18 13654
424 413 14851
460 390 16519
435 424 21774
31 9 10211
267 72 4515
461 391 20301
418 262 28682
343 219 4497
420 380 21852
408 336 22098
414 231 10442
338 109 18250
423 355 3262
307 276 5432
465 437 22247
287 247 7922
454 252 21157
242 128 18683
448 414 19130
446 443 19319
378 265 24701
302 134 25740
251 141 29481
234 117 29390
312 202 4139
441 280 21562
336 201 12068
404 129 14940
401 361 3801
315 227 16987
303 219 31023
229 12 19656
451 410 5922
423 229 17747
431 428 17340
367 258 11758
448 435 20213
169 71 14521
386 298 15489
465 464 21028
397 235 27286
236 219 3653
440 426 9182
426 266 23634
381 346 31994
384 299 20929
459 440 30143
362 330 21120
457 454 26219
388 264 27149
368 141 22352
400 272 155
460 443 4248
281 118 13513
260 4 2628
365 113 17354
340 273 14927
139 1 3520
41 32 31399
456 421 29753
224 203 1002
424 324 28130
409 396 9613
429 421 15255
86 41 19661
283 91 21311
463 356 15314
367 260 31673
417 89 11183
434 386 10553
326 281 25926
414 103 18028
459 136 17050
326 13 39
245 165 26429
424 275 4723
366 214 325
433 405 5350
389 361 5532
432 307 13795
136 62 13068
444 187 20356
397 236 3536
433 340 38
425 370 30086
446 167 19559
452 46 17668
452 118 17155
227 197 6578
381 270 27311
404 383 10352
298 270 27107
405 387 23984
276 37 11653
432 371 11466
361 163 5022
205 93 9260
224 123 1920
420 367 9155
126 89 27047
412 362 24649
427 362 29871
421 419 28133
410 360 4056
68 58 19820
458 250 16024
215 165 3427
419 126 20496
413 363 5030
291 238 8451
461 460 10497
435 296 4315
465 439 31223
345 278 22773
396 60 764
411 121 8609
431 419 2061
389 364 12157
235 126 17851
433 417 7326
370 243 1266
435 363 424
400 397 3651
161 123 9726
423 379 4573
400 334 25283
402 134 2231
461 458 20335
462 267 16406
345 190 30088
160 110 28156
454 451 20513
457 335 10954
462 301 3098
216 68 23164
252 166 6122
373 339 12307
438 283 644
391 275 17731
308 271 26352
429 199 28580
438 318 21168
377 361 11273
130 104 21534
352 334 8268
113 73 27781
55 42 30831
66 44 19088
445 37 2142
361 72 16924
356 255 5484
351 340 32008
327 172 9819
458 84 10877
172 18 28832
446 355 28853
310 85 6844
460 457 13601
464 96 30346
276 80 19390
418 121 3405
387 258 12825
328 87 16294
458 397 26236
415 314 13511
265 219 8583
344 186 21321
331 107 23070
436 179 3406
297 83 31823
463 462 31873
243 225 17693
212 111 2568
377 370 30444
212 40 11734
397 331 18404
459 457 26029
154 68 4847
448 416 20019
283 74 30787
430 415 28770
425 73 10787
63 7 11642
456 452 27849
78 44 10993
47 28 20080
371 192 31023
174 166 26451
134 120 8191
336 302 2942
179 119 198
319 49 8178
280 48 12097
463 371 15044
349 35 8256
410 190 14842
459 332 15943
153 56 26093
457 137 29990
343 221 17663
227 156 20726
464 401 18028
323 91 10487
310 269 4563
449 331 14882
451 408 13455
377 44 1336
203 122 15873
357 131 20841
412 307 1248
392 317 2847
265 184 19652
436 418 18968
330 276 29192
225 62 16566
121 5 14379
69 31 7898
427 378 1577
465 423 4561
437 429 15595
430 417 32729
329 219 26983
359 210 10410
341 205 27833
460 259 24680
418 392 30596
433 20 10655
464 448 18559
243 236 6928
397 329 11951
92 32 11153
456 374 27119
451 414 32007
373 290 18678
453 64 512
460 156 6606
289 156 13804
379 221 8429
174 170 2376
413 267 8008
464 454 29581
386 121 479
391 327 19463
416 291 10912
448 347 7097
419 418 5029
341 37 28317
79 71 24782
136 48 4487
352 95 26993
377 29 22513
390 362 26731
448 441 10262
338 183 3651
322 52 29302
444 410 4186
300 256 15329
281 106 23239
465 378 2036
250 104 31089
279 154 17843
402 336 8846
458 346 12928
267 15 20110
421 395 27443
447 340 21210
448 286 19570
215 202 15801
405 387 18541
458 2 7788
276 263 11179
465 344 14892
326 29 19915
459 446 13430
466 465 12045
440 236 24513
383 284 25595
442 317 3219
383 302 23433
342 319 6889
393 229 23824
239 230 3505
456 428 1446
378 356 16900
321 199 32424
453 323 31069
454 432 28324
300 105 3071
350 306 19403
325 154 24979
291 249 10727
396 273 6246
145 22 10846
449 293 25342
291 162 923
466 461 21054
306 232 17151
263 98 29405
435 308 8283
328 324 24150
286 127 28301
356 322 23170
436 305 6971
217 192 6107
153 38 6397
384 369 7346
342 318 28211
337 50 8030
382 91 2541
260 52 16642
283 15 15734
310 6 14265
379 205 657
139 125 2639
457 295 1793
314 251 21395
459 437 15537
427 379 249
439 344 801
336 129 32688
439 402 9793
408 305 370
466 462 18602
233 178 8469
419 41 28272
464 457 31995
437 336 2022
455 440 25953
344 70 31754
429 107 2806
427 104 1618
436 273 22802
210 53 12827
257 3 8644
440 232 7586
279 188 20433
463 429 2168
334 264 29021
116 105 32123
275 176 28789
464 360 9131
370 151 30417
104 59 30048
460 380 17908
459 420 9794
261 39 25926
449 188 13611
402 83 24268
206 142 2229
465 464 17732
450 75 956
290 67 19986
448 447 15905
324 168 6226
352 192 23667
443 376 19532
395 248 3335
413 379 10429
349 216 22187
418 274 9959
333 296 27089
443 255 31902
282 136 4472
428 191 15953
409 67 18145
382 193 2210
212 120 3767
214 184 19706
425 275 14130
332 209 23570
164 140 28500
367 24 23510
457 435 11056
375 259 4520
418 46 19392
374 220 8464
319 189 10240
346 108 28995
180 136 16413
192 179 9025
261 173 23642
437 218 1848
454 437 6161
112 83 2155
231 218 27367
222 202 20352
441 439 30042
465 450 18401
174 156 30594
401 362 29903
443 169 24796
254 234 11211
459 386 2935
454 434 16756
350 188 28023
185 81 20181
382 149 6582
442 333 11618
451 434 17049
