479
7766 16632 15935 26838 19451 23361 7941 27621 13807 6721 26792 845 31235 31069 27278 15404 16113 23091 15981 19891 4661 15135 13499 9164 22559 14084 25958 31999 551 12873 14534 8086 32640 22817 31952 27135 7152 21264 23180 17011 16606 20395 16329 10709 19629 20639 4367 30173 29768 21748 14293 30325 25342 18835 24820 2659 3217 25350 32604 26409 25993 17536 26373 6185 30158 6173 5161 30989 31094 31850 29361 12134 988 27432 14829 26515 22770 32077 12423 22757 28888 12364 27834 21761 22957 4246 25791 26245 27557 28001 25480 17134 859 31144 13745 5049 13929 32371 8884 23240 13879 600 1628 30216 21776 2626 7804 1617 24955 22385 24800 15757 19400 18114 28036 22557 18921 13617 28932 17784 28035 3484 2900 17429 24645 25546 3761 29836 14969 16555 10967 10232 10200 993 22645 28063 20131 32384 6366 9173 11503 11026 24065 4125 24641 9951 11931 17042 2906 20587 23211 18565 20052 12095 21543 29288 1262 2284 32749 12522 16165 18254 4860 19812 10244 5134 20452 372 20156 19818 14459 12775 1527 14393 2002 20701 19818 4905 2151 11047 31145 28492 6812 9460 3648 29139 32616 10669 32255 25369 15181 21277 17813 12003 9610 3029 5217 14822 30609 12495 30596 12425 28859 30289 15163 13037 25147 5140 30316 554 14161 31910 29822 4828 19904 9229 29038 10463 12929 6573 23583 24662 5817 31084 4850 18418 4329 30739 20119 28785 32356 3831 12067 5476 6407 2778 8034 17206 5412 524 622 7786 23487 30165 24448 12324 13565 8984 7 23531 30425 17968 13303 25261 3097 22046 12388 5891 26496 31462 15439 9911 14150 17206 8128 7556 27845 23881 2325 1308 27765 22283 23705 18032 31258 10622 8792 12331 13628 4956 1586 18047 14808 1790 7727 16421 14677 12156 27410 21663 8121 20758 18225 16321 6429 2258 14211 7791 2911 12135 21243 2216 22550 25434 13332 3268 31435 32359 10414 28665 22374 31266 5144 22564 19686 2014 14190 17094 24661 24526 21541 27981 5115 2922 23780 4758 16083 12052 10389 8623 30779 5884 23485 20961 27631 2881 31752 14318 10808 12121 25129 16535 18529 28850 32224 13409 25963 18585 8284 10393 26370 21852 16580 406 687 3755 28433 27198 26446 6468 26910 25804 6851 32208 1538 22736 24553 18183 27549 17014 14539 19227 17009 26380 22807 9300 23475 12991 7375 7415 32162 9125 22338 4717 18968 26113 3643 5025 29535 1474 30072 16042 13125 22860 15965 8618 14451 2427 4074 8950 32250 23269 15083 13431 16687 7264 32366 22096 2489 24261 28794 11456 30696 23027 24318 11594 19785 8982 15624 10004 25463 6185 28727 10894 1331 9401 4723 5203 23991 17388 31707 16212 29256 25539 10495 8755 23051 3484 20816 23533 10265 30715 16853 29628 15317 25993 20511 20540 27518 30045 31102 10700 15616 18555 629 31799 8464 8346 10860 15252 25719 23595 18341 20586 19374 29590 24433 7960 3244 23495 3748 7796 6908 29161 22086 16819 31250 21617 8331 
4728
420 169 4613
458 379 26350
169 84 20787
413 13 15150
269 225 21736
440 223 6957
303 23 22326
108 95 10419
438 377 20885
429 342 4916
66 47 16992
333 164 2828
477 363 22283
461 414 23055
441 60 14502
408 204 10169
352 157 30411
401 39 11525
371 2 2611
223 69 21571
210 19 24391
211 171 1193
430 365 26898
252 198 7573
368 77 3914
374 7 32619
433 400 12125
351 151 22765
413 381 29637
479 364 2434
452 292 6237
455 436 5768
441 193 32400
170 125 17590
427 401 6750
419 366 22292
197 42 756
454 398 7498
298 118 25736
421 234 27703
468 413 27652
357 328 20415
379 210 1174
279 98 16446
314 259 25936
435 429 22991
291 83 9491
319 24 5209
467 259 20253
452 337 2877
258 96 19706
460 7 18986
274 86 15961
277 134 17018
368 174 7113
375 312 719
398 235 8224
283 225 3396
332 208 24036
421 180 9300
360 135 16318
171 134 434
344 227 2777
368 19 7586
403 220 2782
429 243 19253
444 398 2743
253 247 29141
259 223 4422
117 29 29776
467 326 7018
129 38 28877
196 159 17700
370 329 4869
316 263 7661
416 140 8809
475 373 8317
307 167 27878
423 367 3598
457 282 29085
426 191 20916
411 381 16958
423 341 1022
246 202 27209
478 477 15834
422 418 32011
400 359 20083
454 360 27122
283 237 31117
464 447 20286
444 435 20235
399 196 3954
450 264 30928
470 460 3086
261 207 16870
398 41 17777
404 378 20081
203 144 24015
363 304 23568
279 209 25479
460 446 24298
460 456 27727
49 15 12429
316 24 3396
460 368 19245
459 387 11010
450 236 5793
164 127 20807
409 386 17850
190 95 4191
176 79 3788
371 365 30336
437 415 12571
280 264 13288
394 174 19949
398 346 32386
452 444 3912
227 32 14689
193 173 23903
185 74 5994
368 289 9697
452 316 28881
251 140 11903
263 133 31157
319 303 13611
470 339 30060
462 293 17596
391 201 4512
333 175 25785
478 265 13320
418 177 32036
455 453 23188
81 24 594
464 455 24905
81 55 2530
325 117 10234
324 62 6285
399 278 24670
260 172 17089
436 335 21168
181 29 3448
382 236 18300
403 386 14692
144 99 26192
441 410 15123
403 392 8760
452 246 168
408 209 1920
341 274 18639
436 410 30760
319 116 21311
149 93 4002
462 150 26004
401 126 31459
465 77 1824
453 84 16688
214 164 9113
343 197 20178
361 255 25633
439 361 13096
253 242 22711
310 224 22780
458 408 30458
464 86 26567
408 72 16474
286 162 18107
454 426 20089
446 246 9326
462 350 5492
479 473 23872
476 471 3030
461 372 27475
384 347 5246
462 336 18290
373 366 24614
326 105 30728
332 289 18966
310 188 17202
399 107 26148
242 213 2309
332 301 22657
432 254 20746
194 17 5779
388 371 10826
441 414 4873
418 217 6368
450 319 26461
316 179 17081
243 128 31701
322 121 3913
459 447 19481
446 439 17817
285 164 821
472 450 28677
474 458 16497
215 92 14706
384 145 20242
391 33 26853
390 303 4313
300 104 14636
405 327 15590
349 88 2165
451 381 25409
28 24 11522
378 230 11596
463 446 6965
454 316 9314
465 422 5653
462 451 11550
213 91 1940
461 446 610
385 370 1979
293 237 26615
475 458 2205
446 62 53
403 265 4686
237 171 20532
281 157 9237
405 109 2149
465 460 25847
462 309 25508
151 91 13370
420 336 12238
329 259 11465
398 266 3149
207 59 25041
408 216 14357
442 369 25713
337 124 13533
432 421 26573
449 327 29956
131 51 19793
341 303 24041
401 358 32396
382 215 2429
387 374 6018
392 51 25648
474 413 29955
346 322 4724
476 131 3878
201 39 13270
195 159 5419
362 166 638
396 277 252
443 204 18585
449 395 2839
78 32 8388
458 139 12166
345 77 19779
336 19 11651
468 455 7139
382 380 12961
444 388 30530
337 135 11839
475 430 5713
266 259 899
337 80 9374
364 55 27593
267 199 13030
395 56 21140
325 305 4970
395 302 26636
452 443 31480
413 214 13555
266 168 2262
418 401 7193
411 405 10155
435 160 13257
262 183 26974
318 233 13137
433 413 21894
444 390 26090
464 301 11260
226 185 3479
411 310 10259
448 77 28436
457 417 8522
427 350 18546
350 316 18589
399 258 1452
223 69 1200
243 180 29039
460 375 8642
400 93 4137
230 4 4055
479 433 22448
283 149 28554
143 101 13686
251 116 32742
342 146 316
474 276 22493
395 210 3598
445 315 11793
316 66 17003
471 284 17980
205 186 19425
245 122 13272
445 48 13318
349 225 29522
422 204 8088
244 139 1100
468 349 11084
159 157 30487
471 105 5295
410 348 984
423 389 9352
105 63 15057
391 265 14340
451 439 26237
453 108 30382
406 115 24434
241 23 14413
421 288 1776
269 153 7126
267 102 12862
386 330 10745
475 329 7246
330 87 5214
290 145 4865
93 29 24973
470 462 30057
459 449 27914
359 25 17060
384 292 10296
396 344 19365
479 456 6317
367 142 13184
299 255 25074
261 4 26026
441 429 13735
474 346 18219
444 403 21195
251 173 16507
476 78 19880
269 241 30211
366 316 32387
304 170 12967
478 476 5799
391 196 32211
451 448 24832
445 369 26630
319 41 24338
168 16 31118
273 164 18909
448 317 17314
446 339 7041
366 357 23715
437 379 31102
449 393 4829
445 372 27243
474 251 18250
199 142 27479
333 276 17824
427 410 17922
453 451 23736
171 128 14416
451 404 29077
327 279 19718
360 326 3783
442 370 7054
265 33 27683
376 215 25573
388 370 24585
434 427 18061
303 302 23431
445 395 21875
317 254 4376
431 429 13443
429 181 15062
436 395 269
314 6 7742
401 175 28150
297 161 29528
441 251 2198
465 366 12444
474 449 5980
429 412 26234
320 139 21317
195 184 22870
199 107 29399
243 143 24044
372 330 5997
137 70 12941
454 202 4196
170 121 20587
468 465 27498
475 469 1534
407 309 30097
429 369 20387
259 229 20399
371 179 21803
376 296 10366
362 360 10390
170 108 21478
313 238 16096
478 473 18230
451 370 4503
455 388 5071
336 190 31269
455 208 31297
376 226 21715
188 106 4859
362 360 11907
449 401 21295
375 238 17698
78 28 2756
290 143 16954
379 165 21481
119 82 19105
326 227 12653
453 379 28413
412 372 6959
325 57 8501
377 215 6037
251 18 10963
466 340 12135
315 131 15136
330 1 1242
467 430 16346
379 127 29125
455 454 21380
475 465 3270
237 195 31286
459 173 16996
155 38 7877
475 349 24904
463 374 12699
326 307 5796
354 271 1233
290 136 32046
187 185 3974
441 430 25925
189 76 14718
432 361 32612
287 228 30730
238 72 25140
74 2 27649
472 470 31529
474 462 14830
368 296 13048
285 281 10966
400 262 641
260 223 1173
285 155 3341
399 329 20972
206 139 28657
432 385 25920
475 472 16891
248 68 28744
337 271 28556
332 185 26623
445 368 10157
83 5 22485
437 48 21773
413 406 20051
319 228 20022
174 75 24503
387 382 20157
366 252 13740
305 278 463
453 285 18946
409 15 276
286 98 6793
403 133 32594
386 154 9755
460 53 84
107 31 15706
471 401 24830
200 175 25806
372 89 17997
470 195 24315
277 85 9134
472 425 8913
203 12 5443
470 392 12225
387 137 28227
376 337 14500
472 457 9767
318 279 23227
331 160 549
57 42 26769
323 165 21607
319 225 26799
287 193 2510
420 249 19638
421 204 11880
470 464 18215
457 447 9974
404 267 23059
369 350 17348
366 107 3746
352 304 15165
299 191 21785
325 293 10844
373 369 13605
359 250 11289
437 278 2137
404 189 17578
380 319 23290
331 173 14324
469 156 10078
361 289 14885
371 245 28518
318 316 4973
330 307 10703
468 429 1401
361 312 27038
427 248 30095
369 196 17201
396 294 26182
453 115 8518
456 454 21898
384 294 27542
463 461 21881
309 184 6247
400 386 24107
474 333 26685
391 172 18757
153 94 7253
466 464 2014
477 452 12868
371 364 9067
176 68 32533
289 14 28180
220 215 31278
457 394 16338
351 316 4238
479 459 15907
365 215 3954
467 447 23322
286 189 13844
320 210 23347
282 223 9999
297 89 17831
463 231 4640
412 24 15607
94 46 27897
294 158 13754
450 432 29442
346 78 8550
456 332 23492
344 194 13936
242 130 3223
292 274 9865
358 345 31752
463 328 32454
321 306 4915
396 251 6410
328 105 28376
392 375 29598
469 85 12717
363 318 15458
465 280 15020
434 308 1005
237 186 6562
457 312 28392
401 363 1486
397 233 30307
390 283 6534
330 161 14127
180 101 31488
457 444 28114
458 364 31
466 323 2356
473 262 25023
229 85 22254
432 234 23306
423 404 16733
474 446 19208
191 114 10793
357 2 22753
398 358 4737
246 184 21249
390 355 4582
467 465 31560
442 105 25910
434 427 1052
339 26 27664
330 168 1093
160 138 30876
328 140 25771
87 51 16424
441 302 27851
304 188 13184
454 215 20384
326 34 3158
334 321 12769
426 396 23520
477 354 17566
155 111 30701
431 230 23502
389 87 3124
152 84 7834
414 290 2587
478 473 5511
440 38 3880
399 333 23319
303 169 1018
321 139 3594
471 432 10736
380 259 23304
441 426 4517
368 268 31195
331 108 21291
395 363 27824
473 364 18855
202 125 18265
439 398 32506
403 374 31188
133 60 6169
444 182 3887
414 231 28478
386 181 27379
240 192 32749
478 412 14273
283 248 28553
144 35 21243
442 431 27003
454 276 15477
376 136 25239
218 111 7962
471 338 17128
