535
26649 25411 31795 5578 20669 10736 23713 13406 7594 4207 27540 16758 17610 15120 27113 12558 1662 21445 22684 17346 5693 8243 1675 28038 13951 15881 11133 5271 19417 31121 13410 15538 11113 29317 9437 29315 10356 803 12799 2912 9550 7555 31318 3383 11130 4905 32550 21189 20243 31447 17142 16393 24938 10404 12622 6905 14065 27730 13248 23667 1112 2525 6181 3446 5877 8272 11305 1170 27753 29404 12810 6045 28033 18475 4764 5544 20570 21490 28817 7473 26057 24262 247 8859 22009 8240 19714 15067 4182 32515 16652 32371 29354 11245 11482 6308 27526 19021 6433 22239 7140 6980 5704 19582 15370 24335 26736 24241 18354 24724 13490 19643 13671 24378 5031 2142 15666 19198 11566 29331 29302 1732 16745 20607 13593 9450 17161 3235 15844 21027 26316 6227 18989 25219 19523 361 10931 13526 9177 4154 14793 24630 30225 457 31927 24541 28687 12859 29789 12599 22874 19339 24857 6203 5856 19583 32235 32252 24379 31707 30423 7547 1074 7124 7819 29376 30083 29127 10050 8233 24800 30251 25320 15873 4919 16581 20095 18516 32566 1306 27841 7938 3343 13098 13319 19475 6008 4187 4969 1098 14838 23732 21287 5629 21596 22603 21576 14884 26510 15617 29568 31663 12171 108 4951 10525 7851 29205 4488 1098 7717 2532 11175 9352 14291 31448 5895 16114 3386 24059 20443 18685 16325 2454 25499 10576 11857 26785 15018 27350 11246 26237 9525 9745 5092 17126 12126 5297 24309 25123 154 869 7650 28031 19031 5617 32049 22525 2531 4481 13868 6984 8585 8508 4397 16617 3325 18717 23833 3004 13562 31486 43 21925 9769 502 1523 30079 12101 14309 20126 16725 10877 14669 17271 213 30233 2916 13486 25601 24673 26727 17496 21032 2746 9776 696 9493 2067 27403 8125 9350 14975 9414 21963 21984 13347 30215 29119 29728 8019 3554 7213 9237 29176 7595 18411 14541 28725 24841 27092 7245 16970 27724 24006 12420 8632 13569 7405 15490 24998 2243 10564 14822 22147 26196 21080 5781 24813 27884 14160 16050 8145 21968 10794 714 3540 11303 22599 11854 3570 14089 23594 25159 11109 18906 7293 2117 4297 28374 7252 29080 31357 8172 8374 30403 10316 464 20314 11054 4685 21836 10926 31003 25863 4823 3869 14811 2265 25704 5522 7746 14490 29068 32568 31576 27516 12727 3717 20305 5686 14551 29046 4800 1890 12847 8476 10759 25379 32099 23127 2834 524 8655 5090 27461 14141 3101 5519 2482 16847 18967 5332 27024 28019 14521 31367 4328 9813 22667 13798 8082 1095 15406 16602 21088 4379 17716 14717 18073 20048 9013 13529 4521 15858 18718 12019 278 29371 19661 15368 5814 27518 25819 24342 5408 15814 30905 10654 12384 21434 30463 2216 14063 16707 26112 25353 18146 29809 25250 27873 25441 17691 365 21607 32347 10182 17889 11241 19064 1992 9229 13582 26959 3246 16477 29023 18906 20186 25012 7173 19238 16241 18874 28884 30543 18292 26488 25737 27308 25132 6178 12880 15175 14028 27187 25226 29840 30034 5823 11980 31570 31406 9477 26411 28133 38 27717 15543 21670 23033 26577 5445 13988 2370 4453 19570 26268 9504 13755 1508 7208 24340 30555 29907 11571 9898 29617 15560 31664 12380 15969 20389 27531 25523 9951 27878 29920 29871 31802 9766 9836 11369 17208 3301 
1328
505 497 28040
130 102 2020
336 125 10099
116 64 23126
325 269 7578
502 296 11849
274 240 3482
417 311 5487
330 183 7615
479 310 16294
355 289 11115
463 430 11911
503 430 31970
409 365 31728
511 467 11776
425 415 23181
455 332 24647
437 3 17939
385 301 20288
429 384 8985
411 401 18086
437 21 14773
257 143 1277
162 118 4106
528 525 27968
519 464 6280
484 171 19540
320 284 16726
486 268 9972
436 431 15787
502 481 18989
521 89 18733
533 495 5700
534 520 11074
499 487 29199
482 382 19693
280 225 13965
528 233 19649
177 115 16822
402 376 3644
353 304 16682
483 256 13847
460 225 22305
526 488 745
431 121 27988
482 442 32498
296 235 27804
256 247 1295
530 392 7430
532 429 421
476 190 20737
523 438 11416
512 239 24887
467 418 4988
439 20 16926
472 448 11345
470 179 30065
443 88 2243
446 398 7169
494 19 5683
406 301 23102
264 145 23653
314 306 15935
212 198 14615
464 335 32727
459 174 29574
535 532 22236
501 384 26193
354 76 1602
452 160 738
290 193 21809
509 419 7764
481 93 23013
388 327 12579
383 337 19442
462 212 5832
367 360 5003
143 72 8987
523 511 22665
491 327 17657
393 87 27062
491 36 11094
436 317 25811
231 133 19731
473 396 4460
246 107 6982
529 497 14884
446 423 20004
282 118 11588
72 61 31548
225 104 17301
191 1 16688
111 46 1337
443 184 8720
300 174 1170
480 371 13998
527 357 10857
356 56 31177
498 497 16695
246 203 12484
425 338 9160
334 322 25869
420 321 15288
522 518 5249
354 106 15750
453 11 4446
475 451 7499
450 409 8786
528 86 17733
255 203 3164
443 195 3070
487 473 14317
530 507 17542
490 29 5397
532 214 20300
320 98 5848
419 398 27029
483 203 14691
532 479 13575
121 92 27946
422 419 14744
535 534 29903
493 49 28021
218 134 9620
366 138 1457
514 478 14700
324 235 16085
421 200 14973
424 379 20531
514 506 28862
503 328 25531
401 130 4534
495 476 22962
517 150 20961
440 59 26233
529 518 29016
505 476 14062
444 441 21370
452 340 27555
102 47 8458
392 354 14350
439 129 10537
288 247 20534
373 195 12845
288 271 24158
331 3 29359
267 224 6659
523 501 3321
472 457 7080
141 91 14671
209 59 5297
412 133 25419
473 459 29146
362 166 9747
376 203 29879
527 422 3971
420 296 7751
497 391 1034
452 348 5847
532 278 6202
481 373 6042
435 303 26604
492 443 23639
206 134 27361
530 508 30720
471 27 19003
392 307 8052
483 481 19510
502 477 9664
405 318 3608
507 505 25116
447 13 15812
450 355 8317
326 112 14278
87 11 21096
515 122 8839
495 491 18740
337 291 8973
383 292 28714
287 86 19941
534 499 30192
201 158 6754
398 160 963
404 156 4702
364 188 16154
515 350 4960
285 173 7640
276 257 8848
256 102 17028
439 151 30419
440 85 27435
423 197 21841
339 280 17859
528 409 27093
431 398 29645
476 296 535
316 124 26727
295 93 2577
452 164 3967
512 365 11059
527 524 427
378 20 20167
237 183 13999
514 411 23225
441 330 11785
388 152 16591
367 121 13166
450 436 9650
310 295 18081
514 498 28102
269 181 9225
483 439 2044
279 215 17982
460 10 29871
234 24 25759
375 57 24011
496 125 23375
494 167 22509
368 282 27939
166 65 30286
468 399 3196
385 304 12108
324 216 27733
513 507 25414
257 200 23963
509 98 21075
311 22 16489
422 413 15581
433 338 18353
407 32 23523
475 180 568
391 215 26920
393 4 15201
471 369 20720
474 473 11242
373 71 28464
389 245 30207
382 240 23418
459 422 8441
397 40 19211
343 70 17954
196 76 9731
511 377 30157
378 254 27760
283 266 30180
530 508 26220
166 31 21267
443 442 6776
299 277 28028
276 264 15264
190 69 28916
407 367 25374
115 112 29225
500 57 20521
457 264 11200
531 526 15424
520 309 21769
239 236 25074
220 110 8332
441 185 2917
480 432 21278
534 517 4640
369 187 26707
524 516 30108
131 8 14875
368 298 25385
482 464 22883
534 463 24946
506 501 18763
373 352 1268
305 246 22722
368 307 19497
469 268 29853
399 52 15491
521 359 25472
432 270 12503
516 483 28767
475 462 26597
407 315 5269
446 443 19564
431 308 8847
451 209 19527
519 501 10391
506 505 1569
443 46 11517
467 387 13996
494 397 4937
480 39 2996
377 240 31327
400 277 15122
510 73 19056
347 249 24706
478 313 10051
521 386 24745
275 123 7710
219 163 27680
194 91 31685
408 108 24796
429 161 24601
396 276 4971
221 89 18008
403 364 18406
462 378 25740
396 40 16021
421 123 22937
451 205 9931
315 150 24401
97 45 12044
270 109 30333
340 253 5641
483 468 399
521 463 7282
447 405 25167
457 335 15370
308 229 6835
386 282 24420
516 297 13721
349 315 2316
231 49 17938
481 161 9280
278 70 11972
156 12 15101
475 13 26912
356 145 30290
433 130 5827
333 165 3885
154 93 8763
501 372 9090
350 318 24543
467 441 23914
359 333 15374
530 479 9438
481 36 19485
522 486 12647
532 521 6328
442 94 29209
328 203 23915
428 93 2030
492 31 26788
532 362 25219
519 398 12864
472 466 18138
261 197 1783
343 336 15387
374 81 30865
435 324 4528
512 506 19186
510 337 27340
497 270 15585
377 349 17406
400 108 17782
519 454 30753
345 42 21258
154 128 8350
532 205 26356
488 427 9259
363 185 31289
234 204 23412
298 187 15196
225 4 4496
247 18 27265
390 337 15833
185 30 26718
370 266 3989
499 171 16167
521 296 21566
187 134 15255
510 347 21685
411 389 30144
519 495 17329
191 124 4449
333 311 128
159 140 30039
516 131 25861
275 230 32393
239 162 14845
275 190 24219
420 21 25406
315 307 17399
460 311 16112
428 109 1488
438 436 31878
410 373 11419
82 72 12228
343 245 25319
288 238 1198
227 20 29664
489 233 12942
414 206 29482
535 328 16409
385 358 22786
322 315 10386
524 202 7992
494 476 4165
187 49 27523
442 214 17661
226 195 21082
346 128 8105
532 493 22612
526 525 4949
354 317 1842
470 463 29825
453 351 28474
454 437 26615
278 229 6105
490 319 5057
409 384 11094
518 13 25958
224 143 25993
258 7 20498
497 127 1539
191 154 17425
391 198 15416
504 150 3737
535 121 14964
115 81 6079
320 148 22672
346 180 19046
528 477 29553
227 121 25493
404 136 9279
493 484 13062
508 482 8767
386 264 1054
187 172 16890
465 444 7449
533 256 3336
434 407 18656
336 153 26369
518 326 7132
453 277 7866
406 240 30253
481 241 28879
535 507 5182
197 108 20331
513 40 32354
174 26 7696
102 74 6426
525 499 13951
520 460 23754
514 398 15249
523 426 18915
159 26 363
230 127 31326
535 248 16220
285 266 6944
269 73 24325
399 301 25356
461 395 29238
446 109 13315
390 302 14342
511 460 3248
506 336 20018
504 491 28174
315 2 4833
405 284 10853
432 231 32450
401 122 19676
149 104 12697
443 300 27817
456 353 23144
454 363 7477
532 321 6220
199 10 22517
414 251 31771
365 345 23889
351 131 4579
500 19 32434
446 348 20392
525 177 8235
266 203 26285
377 51 16089
517 208 13254
492 60 3544
472 439 29164
477 415 27886
267 104 7901
196 19 17921
531 429 24565
243 90 25274
421 361 22851
458 320 18462
420 128 27380
253 185 10207
355 337 11144
500 301 31120
292 88 27515
310 227 23275
269 150 9660
405 13 24231
509 346 25252
456 430 29993
514 465 7920
394 345 21420
446 216 16569
368 267 20397
477 26 10180
450 236 25947
406 15 2211
445 16 9847
509 497 15445
503 343 19569
504 375 28602
161 15 1869
264 139 19597
527 346 685
486 31 12072
472 15 3357
232 151 24393
528 95 23432
468 193 4957
279 92 19410
327 3 27551
415 368 28262
410 399 14054
344 278 28217
184 28 28151
469 402 28204
531 529 16663
388 282 20941
533 494 22777
495 486 6705
474 102 21140
532 528 13533
452 416 19897
377 44 3507
129 106 3312
484 483 18207
363 361 1169
431 214 8274
533 523 20629
406 153 3373
488 50 5715
485 475 15348
533 485 2985
387 383 9256
312 68 16776
142 19 22996
351 41 25373
479 345 10164
21 11 27152
511 359 17484
476 241 7454
294 93 27945
513 468 8107
247 209 6712
521 502 23303
408 370 4378
248 221 28921
291 241 23344
350 68 7197
313 34 31487
476 409 8895
501 497 29366
232 170 10977
533 300 3172
520 512 7742
387 250 25698
469 348 30365
171 54 22216
535 288 15410
478 319 27343
319 122 25631
348 334 24512
535 532 27039
478 408 28724
510 509 28318
229 34 20895
134 71 7508
144 44 9343
349 18 13279
513 467 22346
484 451 5583
439 320 5271
447 416 22855
277 137 13009
257 150 30857
258 15 708
465 463 31704
242 131 4612
196 74 16151
428 147 5889
516 467 6802
345 118 29729
501 481 5313
487 280 31217
515 493 15051
325 123 6702
517 218 12619
472 467 8555
247 140 15348
485 157 22679
507 424 4904
150 94 28721
451 443 997
356 314 7117
307 164 8469
489 303 29777
70 65 14337
338 249 32019
503 462 28399
453 391 21861
445 400 5596
308 282 18686
226 34 32745
337 143 23727
446 382 16300
174 129 3913
468 453 16374
215 205 13249
223 47 31460
484 222 29042
300 161 14910
532 499 27257
477 399 15387
426 329 1708
146 56 19462
503 464 6601
281 106 24637
339 192 27187
70 40 32028
376 220 31932
484 379 15638
55 46 13220
435 319 32535
381 227 125
427 417 27053
323 115 9052
483 50 4251
127 23 18060
324 163 32205
533 499 21776
253 233 22759
513 340 8749
483 313 31454
467 103 2623
471 361 5585
522 421 15595
529 35 31373
530 507 27999
533 512 21582
399 184 31203
276 34 24133
245 226 1738
398 24 27571
366 364 30673
531 512 28889
323 310 15942
321 172 12762
256 169 12766
362 338 5960
481 475 21939
463 244 1282
146 76 1278
496 438 675
304 180 18198
412 145 16300
397 145 6355
65 31 5504
479 383 19746
530 418 18403
437 322 31568
520 391 2140
221 58 14177
403 280 6299
343 181 6997
263 179 32612
469 458 5402
409 339 23273
445 422 31058
531 487 4823
513 337 24501
498 428 29933
452 409 22503
496 377 22158
510 500 24661
516 474 19954
528 503 32180
531 529 11444
149 110 5877
533 347 13241
513 306 1041
522 490 29090
321 303 1581
485 291 24799
498 431 27967
531 530 11185
268 145 8227
518 183 15285
346 298 944
507 500 9334
531 391 1519
452 226 12880
380 89 7192
210 84 25557
333 315 13589
381 329 13836
390 37 2003
516 245 2611
428 91 14483
430 249 9234
467 216 22889
362 259 15645
511 416 5078
404 256 24060
478 291 24196
527 495 32030
514 58 27432
487 88 15011
474 386 13498
532 246 17471
385 278 15621
509 488 31999
359 199 31560
497 229 3490
284 161 30330
30 6 20536
496 420 27385
399 377 31364
293 154 6462
350 104 25991
522 472 19402
507 356 15679
160 25 22111
339 260 14607
486 471 11221
433 422 28369
266 33 32675
393 295 11067
20 14 14503
176 21 8601
401 196 16988
445 331 7371
328 14 27098
78 19 11480
513 482 8217
364 342 16536
421 396 19231
506 480 19107
458 42 628
449 316 770
386 367 11130
330 199 12724
247 213 30404
502 475 18463
285 280 10549
423 414 14752
424 241 20114
337 293 18509
437 253 29930
413 397 9537
282 114 10586
517 494 7273
378 81 24476
285 136 20619
478 182 5012
230 175 10282
520 487 8590
441 32 11112
456 208 23826
512 493 8913
347 133 235
485 330 26172
531 489 14072
446 201 1959
467 405 3984
489 399 4194
507 271 14632
405 283 5288
147 37 18472
309 219 32427
518 504 5729
491 455 7739
223 140 1825
335 223 28943
499 252 31343
513 166 20241
472 288 725
411 377 17487
409 117 2094
176 89 2283
520 362 15761
145 55 24577
343 287 13256
360 292 5094
443 358 21891
433 44 1990
504 437 3497
315 252 10948
491 88 20387
244 27 20308
448 304 11343
391 3 7966
326 137 31122
486 245 24170
482 220 23639
517 510 25669
295 76 14257
522 131 11866
486 461 11099
424 372 8677
447 62 9177
518 281 23550
459 4 18942
199 128 5729
405 341 6391
355 327 26957
250 146 22222
504 138 1705
285 233 1071
446 438 25191
396 62 11212
491 157 18323
275 233 1678
513 484 30986
527 499 32327
479 410 20731
355 333 31090
520 11 5252
526 399 21620
529 458 2145
516 395 28652
508 375 1089
462 423 9165
406 319 3599
316 161 21518
448 188 25728
513 491 10321
402 268 24971
525 416 32583
238 143 32059
343 229 30745
460 282 27231
263 88 14805
438 237 22571
329 300 27892
505 485 24681
432 431 9809
370 337 21913
445 150 26689
486 416 22400
91 57 17488
357 327 4300
435 208 28190
182 69 26197
479 413 16793
229 168 27815
439 269 13044
328 280 0
349 340 4771
499 268 5711
328 183 26540
535 98 7176
532 131 13670
513 481 16200
521 317 32760
486 437 2861
491 417 30985
237 186 25357
250 201 26527
449 437 17923
535 534 19931
518 517 11706
384 351 685
197 116 5431
213 193 26018
493 367 22182
432 78 17369
489 472 14885
156 4 30921
422 416 13177
215 189 30394
485 484 10256
237 89 11350
497 471 25026
457 358 11104
330 192 28252
434 403 21951
491 153 15942
498 454 14737
201 139 11338
511 216 27412
516 494 21448
301 283 2033
108 16 28108
83 35 26672
484 273 24888
438 362 23677
532 524 14661
397 293 1323
198 54 26912
432 415 14212
485 440 29587
485 52 197
379 109 5705
487 384 30597
483 318 1529
522 238 6086
168 153 7561
426 315 1025
173 48 17438
393 267 1790
520 231 2100
470 431 6534
360 348 26304
431 304 7697
484 305 16342
286 193 21918
484 408 6147
321 283 18333
514 478 23275
340 97 22712
407 395 4454
528 367 25296
327 84 16512
145 117 18623
458 453 26432
487 465 8117
458 48 24644
97 83 26897
522 515 31304
218 5 31285
522 512 28704
403 106 4213
523 475 7031
488 326 21171
389 345 14833
161 145 18434
462 417 25590
444 380 23275
512 500 26252
219 64 18537
463 145 25764
527 526 5435
304 173 2031
449 346 2488
520 467 7481
535 515 20785
503 416 20023
270 86 29190
313 234 9854
319 281 30686
472 330 25767
286 116 2635
326 248 10912
401 360 28418
416 51 9831
315 136 2199
325 13 943
513 508 12263
403 244 6531
227 152 7750
532 366 13957
372 85 8165
393 147 24736
401 313 19183
283 201 9573
112 69 6391
510 470 2518
371 60 10122
533 292 25717
526 488 24716
505 444 23653
488 116 31280
236 7 22565
485 303 13704
328 309 32626
534 123 476
468 334 28759
533 498 87
389 314 30942
409 268 12587
462 241 17926
516 436 9419
412 164 8601
505 387 14558
511 343 21180
345 197 27856
415 321 29636
522 315 23857
340 161 19668
431 328 6352
515 410 11138
465 269 12551
500 29 8339
478 53 23120
504 477 27424
530 295 16658
465 234 10599
453 386 23870
455 413 28742
497 278 1601
261 175 20484
271 164 19197
534 526 14744
529 444 4934
521 456 6592
352 235 541
528 494 15722
530 368 4543
475 473 277
112 50 7083
473 148 7752
535 463 24289
497 234 29586
516 506 15086
289 141 27630
135 119 3
420 88 22056
520 519 21728
478 250 4591
470 294 30166
174 167 26083
517 452 19752
144 88 12521
445 440 4295
535 501 26032
252 154 23382
151 69 2710
336 16 19547
461 306 1004
442 353 24591
481 480 19334
309 186 19396
209 133 9786
502 340 4856
413 306 18419
390 275 4273
535 532 15386
494 469 17820
263 258 28345
397 11 30282
384 296 23182
292 219 19006
490 477 23940
535 527 20652
219 192 26607
297 3 17394
494 287 27225
358 313 27501
529 481 23130
534 529 25106
258 129 26049
495 403 31927
439 434 24328
506 501 26898
436 376 3280
515 170 803
371 290 31234
448 397 12382
361 337 24690
468 252 22966
442 386 19220
496 167 26605
394 65 32266
482 481 32633
229 173 18499
78 59 24805
399 379 23693
215 184 16281
474 120 15375
393 310 2513
450 425 1715
315 117 15014
416 123 3307
336 39 27265
377 129 32268
283 143 10191
524 400 786
336 58 21401
455 109 1261
362 343 9667
445 164 23588
90 58 2548
425 36 5887
526 454 2784
460 50 169
501 196 3133
496 405 25417
418 284 3398
406 163 14872
307 207 7068
33 9 31085
268 196 19726
530 462 29382
404 32 13735
491 415 5770
466 456 27031
74 10 2151
502 501 31396
518 343 7655
501 499 6355
357 128 16912
479 374 5821
319 290 15571
481 451 9936
246 94 17635
391 13 27541
78 37 24950
401 307 19608
497 172 12005
420 382 8499
290 43 11042
422 343 23738
528 510 23535
155 107 20008
250 127 30879
356 96 16486
529 524 15665
249 116 21558
426 121 5392
508 198 1305
445 214 22845
430 387 10906
342 61 23970
365 283 21992
300 82 13140
454 398 20430
221 214 16647
343 273 6983
245 142 23929
452 380 21997
513 118 27047
509 422 12068
188 150 24520
252 114 25284
438 206 8923
501 104 12491
434 389 1797
518 468 3581
424 78 10410
469 357 19118
358 178 32726
520 21 10948
316 153 31675
451 8 32218
455 408 29573
535 439 29526
498 443 3852
445 393 32424
276 140 15933
403 385 27694
487 459 28915
321 232 24448
303 259 14308
481 409 24614
389 213 31851
346 217 17330
512 31 15034
518 499 25799
339 76 29744
366 142 27823
504 422 15093
496 420 15386
226 45 14756
494 313 16244
500 180 3053
533 529 25066
530 285 26126
404 201 30630
531 129 31806
429 186 15189
531 32 12124
314 295 9416
524 322 7750
210 119 4393
56 15 19158
489 437 6342
513 111 28872
335 133 12903
517 195 18618
417 295 21271
396 301 3600
383 259 13000
272 139 11906
504 324 24524
466 406 25486
365 212 24615
465 169 22751
84 58 4142
517 376 19252
356 78 5855
314 217 32260
526 101 7783
373 348 12775
57 28 26801
535 533 11690
515 104 10513
471 191 14423
487 470 28982
346 176 3837
515 499 10552
125 108 15128
461 458 15105
428 420 9384
474 473 6940
482 420 4123
394 373 15458
522 408 13545
508 459 28791
309 161 713
500 383 25110
340 225 17406
389 187 9360
293 80 26867
478 470 20255
529 375 19628
509 322 24870
439 245 16919
421 328 12100
434 405 15596
264 250 1448
511 497 26789
521 325 13827
121 78 3214
441 324 32198
109 45 26835
436 104 4753
519 510 29234
518 516 20077
484 462 4964
495 483 22088
473 348 2829
468 248 4628
491 295 28250
336 320 27905
409 360 10285
491 465 6451
275 210 2327
288 225 5118
460 392 12256
50 11 5360
500 459 4351
369 168 11654
348 249 16701
443 315 31873
135 41 25487
521 198 19510
285 108 13724
467 416 20891
295 73 17368
415 225 16986
314 48 25774
472 10 30902
245 156 17145
492 418 8178
302 147 23045
531 448 19777
527 474 3625
348 79 19211
343 289 28725
348 124 32526
480 471 15330
383 355 3931
273 164 19293
319 235 16389
348 298 9029
534 489 5147
384 228 15502
516 509 4445
397 374 6432
422 130 7561
512 176 21297
463 363 31612
500 428 32128
498 492 31414
493 481 18396
375 369 8206
459 410 21710
341 291 6493
462 377 27607
509 381 28519
267 204 30247
498 237 31346
458 294 8319
419 280 31832
499 371 18887
534 485 26200
473 350 15896
423 6 13405
453 85 1546
242 54 16171
166 132 9238
451 385 9735
528 141 843
467 356 11836
475 440 17370
513 468 13798
530 514 28869
430 358 23911
473 455 20877
358 131 23480
535 513 11214
531 418 13631
104 96 19544
290 88 21231
495 70 23517
486 382 19087
531 203 22639
392 192 6723
524 495 14615
384 77 16588
250 132 31407
425 421 23874
534 531 27942
527 310 1477
292 70 23746
281 186 8152
214 98 16596
451 293 31039
497 45 2705
481 384 23798
506 502 15399
462 354 4659
519 361 6518
419 331 17324
117 76 12542
217 150 1961
535 189 10242
310 180 9921
492 190 27853
523 489 26878
379 295 17410
319 211 54
518 489 4810
505 414 5146
522 459 15651
456 330 15720
