551
14855 16428 21040 24383 7535 26299 9077 30428 9622 3467 27761 29149 2038 27777 15500 15576 28252 30599 9235 8888 17562 17782 3980 2749 3708 24120 27975 22468 23038 13358 20790 19657 8636 19663 2814 6826 13226 23698 25166 31533 28677 23054 28016 32069 29834 19552 13854 26257 2021 22734 8342 20006 22892 21418 18673 21646 26893 22648 19120 7440 11141 11603 9880 27698 16083 30092 15040 3965 17133 30613 232 29312 10929 31261 1804 1304 6430 31869 22073 22254 7876 20051 15264 3136 27513 19052 10217 4069 18510 14568 6345 9867 28098 7320 16599 18244 2613 28587 24987 23873 3231 5002 3048 22236 1921 30720 14956 9692 16412 15774 31366 5365 15842 22366 5975 5775 28202 28550 31516 28873 12327 5071 15035 27324 23835 27847 32667 24324 8392 1140 17337 22397 13863 24634 5113 5706 23645 29182 19642 12316 6123 9356 1196 7088 5157 1846 6630 23194 14565 23742 5427 8002 18560 4471 22445 5164 6649 23718 18062 10364 17269 4398 26946 1465 18671 24941 11713 4817 9005 6753 18203 10333 13043 6671 23124 23079 29814 1317 28019 31209 1811 32734 19670 14168 23873 28198 23240 353 10437 32511 32086 3251 22309 1827 7774 9085 12894 28394 29160 8825 31193 14191 30393 18217 1948 23278 25894 13153 21950 3185 39 18949 30749 6828 31916 18708 24147 31269 29492 17637 29157 15000 3995 26801 25790 27545 29491 8274 17372 13435 32023 3914 8778 9073 27836 30983 28750 30707 4809 32358 21219 27747 1065 21621 3945 17137 862 22653 24476 6588 5144 9536 16835 19001 27910 3455 6441 22489 15340 8127 13009 12774 28662 5965 614 19630 32332 24192 11121 21988 21734 1598 10959 2115 28578 22209 13409 25204 17299 23963 6405 17714 29852 7416 18629 15532 2366 16420 17743 31019 4271 31053 6309 15092 28460 27785 9238 13680 17551 19483 23405 11658 8484 2546 16488 22361 31929 17010 12908 14079 9204 17527 26230 2257 4074 23191 6997 29880 23532 14760 24087 4310 19876 14466 29377 30573 9058 13574 13635 29693 7344 19040 1706 2989 28972 15496 6808 25836 10647 15631 14577 21080 3881 27928 18392 1247 9511 16549 12762 10532 24760 10004 31848 29732 4853 7401 8843 25369 14655 2765 2003 12959 10197 5591 6033 20757 17061 17675 25669 20550 14435 8224 23386 6728 29657 11143 24849 28069 14206 26024 26812 25785 5961 10607 23852 3163 17607 6663 28012 19904 24940 31717 4528 12187 19239 7945 23688 12937 5944 16000 27737 19629 12102 31022 4366 18583 17580 18378 31243 2923 3605 5162 98 1599 840 21953 24906 22212 2885 22374 31949 23337 20624 2646 27840 15676 12237 2685 2040 14547 29837 14321 9659 8554 22632 2496 13685 27405 30796 32235 32428 14969 13332 19122 7478 16510 11356 13586 3498 25767 21140 12429 24084 797 16212 11305 22253 16841 17135 12475 12362 16569 25675 13413 10067 10693 16880 18270 2039 25458 2398 32241 32478 27414 30884 15305 18335 6717 7726 17515 2868 23372 19167 13572 683 4452 27232 19301 12829 14217 13751 7756 20452 31492 29723 10981 11273 21765 15878 23440 11260 26509 30349 27621 11912 8587 28397 19957 27653 28230 26726 29907 9936 29690 26700 10324 16376 9670 4699 17938 1082 11461 32075 5047 17712 27772 13732 1656 4805 9844 25300 9183 10476 295 17022 24526 26002 30241 28182 7105 23248 27487 7851 11091 20838 31739 25347 516 20325 13323 31725 
8215
311 270 21203
203 36 16015
484 483 13656
458 185 3592
511 450 5405
504 468 28607
454 89 11281
107 33 11514
495 453 16173
203 144 16074
476 20 19766
377 125 696
499 255 9458
537 504 12636
521 300 19618
466 374 23375
453 366 18287
307 41 26016
302 45 12308
516 288 11429
372 238 11459
22 21 24248
510 109 13755
523 515 22546
532 482 10151
550 549 7691
501 255 18152
356 19 24727
549 295 29414
349 29 12425
166 137 30540
443 377 21351
547 543 15070
391 340 7742
529 380 22678
492 440 8275
327 195 19106
347 267 3002
536 513 6691
492 273 24013
352 318 8768
367 149 17849
306 118 4184
339 55 945
494 344 5521
308 250 28263
549 516 21403
546 502 4163
427 224 1754
532 329 4745
347 231 18522
322 60 1748
420 198 10806
533 508 29118
512 418 10073
534 371 2242
358 249 14496
341 249 30016
532 294 20793
430 415 25894
503 423 11277
214 69 27154
526 90 4451
485 445 7737
551 548 21579
547 97 12498
437 128 28197
162 57 28303
538 476 21476
416 322 18313
259 84 1448
532 412 23853
375 31 10216
213 67 18561
539 504 10279
263 172 13874
529 440 11958
482 326 3201
314 60 29629
503 453 25184
542 531 10665
480 237 31693
467 354 28379
476 61 26641
228 184 24469
231 130 29990
543 458 26953
473 379 3557
249 156 7317
545 376 6093
369 353 19533
518 512 32347
376 210 10178
327 268 7178
106 23 22592
433 136 29513
258 163 26471
132 47 3507
541 535 32283
354 272 30086
447 209 8859
426 411 3295
397 287 3680
350 58 24242
519 424 16016
513 179 17030
545 411 20210
462 137 31744
544 285 24326
213 134 20172
458 297 30679
410 48 14264
408 233 28666
455 305 26181
357 125 2033
518 495 2437
440 356 17108
415 22 24791
545 325 8631
387 82 21135
151 132 3068
507 501 11349
461 365 29549
525 509 31664
397 375 13180
357 65 5969
66 36 10015
499 354 24758
192 54 16872
146 35 7571
425 168 21698
458 61 10768
448 440 14269
551 521 2645
424 207 19646
527 449 26089
366 113 26397
532 498 13849
550 486 8756
265 228 8662
332 11 9061
431 414 23136
551 550 7476
491 408 14105
551 480 11675
433 87 5590
494 215 31499
459 121 27258
473 267 25802
342 160 30458
440 368 863
131 100 25370
401 190 985
530 528 3775
467 133 24284
240 20 28943
512 238 28923
533 463 10361
190 102 31217
278 184 25485
506 311 10307
447 400 21421
488 463 20543
242 225 20559
463 215 17409
542 475 16749
515 59 14289
351 284 144
527 483 22313
377 216 28180
387 108 4205
263 173 20417
495 351 21422
470 437 1885
392 142 8870
311 117 21477
102 48 5955
496 140 14171
525 482 11026
401 47 10789
337 165 18574
493 323 7077
447 241 707
536 13 5143
224 88 1581
490 417 12091
472 217 9405
283 82 31329
372 55 31770
451 312 24832
488 479 8495
518 178 18889
540 539 8553
525 523 16160
315 295 2720
490 429 21363
344 249 16825
377 249 13516
320 172 1158
295 179 13344
426 77 21328
514 467 10434
428 164 2684
197 138 23612
203 63 20952
448 217 19169
348 202 14316
476 285 18267
541 495 13589
147 13 20540
525 488 20141
419 415 14956
46 36 7752
358 309 16920
422 381 17553
486 72 19028
456 8 3754
544 34 731
516 301 25308
399 376 32421
489 262 17401
542 465 16674
438 316 31282
544 197 9662
468 388 6673
545 425 15584
384 220 4489
293 144 887
222 144 23554
379 27 22758
472 375 11111
548 439 5636
527 91 25129
226 139 19638
524 442 28578
531 517 24935
486 409 15000
525 401 22571
451 137 19723
531 511 7208
489 348 22836
447 188 15849
324 174 23353
529 468 27933
461 284 7429
547 469 4270
390 174 17169
435 107 28189
478 214 23511
417 4 12989
129 58 30389
318 209 26277
402 125 32698
478 99 12846
411 135 3556
238 123 7069
487 281 7771
551 507 8292
383 329 2436
516 496 28211
463 459 5347
380 369 16084
425 414 20741
544 494 106
550 302 4395
502 66 23092
425 416 30087
199 72 2972
540 326 28227
544 142 9024
326 223 5284
477 421 6355
325 63 10344
537 514 6920
548 387 24837
220 112 27387
542 505 406
347 318 13422
531 483 13131
282 110 27121
278 237 19555
479 80 23844
510 509 3648
149 3 7404
373 363 19392
546 485 22822
324 151 12841
16 3 23447
273 228 15338
263 122 28183
516 455 4701
400 373 27984
309 227 25814
502 461 14002
315 287 27080
512 504 28461
298 222 27919
512 450 29487
450 277 6114
546 543 12104
489 255 472
324 312 26847
534 303 22314
236 232 24218
551 536 6517
466 430 15130
542 415 17115
302 291 2468
551 549 12814
153 70 29728
551 362 22768
513 377 17389
528 498 3933
392 194 29350
524 227 4144
506 369 13476
261 106 12117
379 157 31084
533 167 12078
373 299 22963
515 497 24016
427 409 13865
542 507 27637
405 180 13092
509 419 11872
420 26 12842
179 84 20558
280 158 31355
216 25 15329
497 362 29679
514 259 11648
442 321 29925
331 146 21151
510 257 2633
300 190 4764
534 532 1684
437 287 12220
386 209 13374
551 544 5561
352 74 14608
340 230 18702
531 388 17516
469 219 19398
374 215 29998
371 357 19817
24 23 7872
515 124 4472
349 58 3433
402 302 28736
518 341 6064
504 458 25251
506 484 1899
497 460 10114
392 352 28616
491 480 13555
153 116 25817
224 176 29428
308 17 25090
273 191 1232
365 140 4201
466 388 22767
538 509 23891
538 306 31655
490 388 20834
527 502 11734
490 28 31978
476 361 26629
520 428 20049
239 168 22728
321 283 15928
296 15 8965
331 215 29319
122 98 1382
397 350 32736
516 400 21828
538 515 24672
413 113 3346
128 71 7176
473 433 12037
438 271 29931
488 469 2435
498 265 27904
528 86 14165
536 87 5929
467 328 32513
462 358 7823
359 222 24225
403 122 6631
494 255 3479
537 413 32694
352 341 26796
515 1 32744
483 201 24676
278 112 12112
328 72 11608
382 334 11143
530 427 761
384 303 5902
188 105 20888
537 507 4971
267 177 25726
470 176 26976
410 288 6946
245 111 6024
494 457 8489
485 220 12367
96 84 10526
539 230 15105
550 533 5915
510 296 28823
434 370 7683
327 263 26621
458 358 9327
236 117 10346
505 196 13464
350 55 10360
541 217 19840
538 522 13693
280 229 18770
421 208 4463
244 83 3623
518 48 21239
439 379 22693
493 388 14532
507 488 1185
483 436 31941
505 328 1467
526 185 20725
479 377 23673
530 526 29977
398 356 11943
419 81 17925
83 44 30896
316 234 26666
247 20 10690
509 436 2246
188 5 3101
518 150 11299
484 265 5939
277 194 18697
149 135 28488
255 177 17747
96 82 19874
548 538 14193
334 200 17421
384 82 21793
368 153 4968
262 222 21223
462 372 6914
308 5 17904
496 446 5628
479 327 17793
435 201 31566
349 331 12757
453 437 14280
520 377 7782
438 301 20422
540 492 31247
527 498 698
471 363 7362
442 383 5354
528 473 10620
250 157 13831
401 179 16899
463 59 8093
464 226 30919
216 130 28978
501 200 26060
352 201 8252
171 140 21745
542 311 6138
339 30 19540
379 141 28596
404 351 7814
143 119 13403
548 476 23689
300 231 23360
313 160 9401
413 4 17900
491 277 15624
407 216 2947
320 294 24619
522 449 24126
534 468 5624
511 378 11795
253 52 17054
486 9 30400
523 521 10028
126 3 13248
482 318 17706
495 315 12147
417 101 12963
416 319 9586
454 435 13367
489 466 14593
172 15 11254
544 237 6193
376 197 30217
486 198 24866
477 370 22045
479 476 6370
427 385 24126
539 535 992
437 406 28165
265 91 3795
491 476 26782
513 507 27394
533 330 28442
368 135 9402
291 232 16985
267 212 8730
421 393 27829
386 182 12383
545 542 22182
377 176 25470
492 476 28073
549 406 9068
543 90 23544
458 345 5664
304 281 8351
154 84 20523
527 512 26459
530 409 23027
311 275 27690
359 62 1836
520 492 26475
526 208 28767
406 48 1423
549 490 25487
431 170 30239
515 477 30287
325 49 28275
490 459 646
313 96 31171
539 499 20510
271 270 5368
395 146 2799
436 373 17999
438 58 40
150 24 30901
252 42 18917
377 276 18637
451 327 23863
512 504 26893
413 328 18095
487 475 10079
353 348 28148
287 198 22208
504 463 31246
416 212 23061
537 296 30490
522 431 28678
136 73 13256
494 352 26244
430 384 17189
476 75 14224
524 412 26605
363 264 23312
533 521 11592
421 98 2406
391 195 757
531 460 8357
438 264 20304
517 238 30044
469 267 24493
382 99 23311
342 200 508
545 540 30085
476 447 21497
361 300 10319
452 413 29575
535 452 4186
287 238 12987
298 128 20729
417 289 303
462 146 20808
413 185 17863
312 215 27175
520 502 24305
253 246 8661
529 349 24750
120 101 20306
549 306 13584
402 32 31952
534 414 2300
543 538 25966
461 389 6397
422 419 20096
318 246 4462
531 519 5269
249 118 23316
505 501 5465
386 189 18108
538 469 10245
487 345 2664
506 503 26839
318 251 18735
432 423 31082
550 511 11074
395 256 24754
510 201 1200
287 221 19384
513 241 7692
550 426 24510
424 392 2025
364 89 5969
325 262 23106
404 293 21463
408 278 1821
128 107 5757
439 348 30563
366 263 22018
535 322 31445
488 166 2357
64 40 13443
549 523 2796
463 418 5577
507 164 27465
307 214 6901
94 11 4232
139 106 15602
414 100 28693
550 547 21121
379 208 8523
518 253 16740
159 3 13872
174 165 19933
528 325 9186
523 156 18984
528 202 18622
453 222 15933
376 179 9648
539 159 30784
421 317 32024
293 211 27314
539 443 14927
273 194 21610
321 104 29836
549 529 24480
519 467 2776
376 369 21068
153 92 8194
511 464 8694
512 370 9899
204 201 20815
443 390 21272
31 15 14536
219 98 13829
551 329 1216
386 326 4579
551 510 8902
435 2 19340
446 319 8409
525 524 29705
491 353 13601
405 65 10895
520 212 16506
390 276 9533
135 125 27232
353 320 21403
400 345 15492
257 230 9659
497 165 9967
551 517 2361
336 100 19770
516 395 2414
532 505 19889
491 297 13824
257 219 28397
538 433 4984
374 247 9183
337 107 12381
332 65 15869
451 121 6093
103 11 32518
396 328 13189
533 225 4982
289 131 22379
515 334 2602
146 19 20347
546 526 11690
486 393 2546
272 261 20861
327 229 19649
526 101 4914
520 519 22464
371 44 7093
380 125 24112
415 148 12544
541 533 24783
495 123 12525
343 67 18353
420 419 5801
326 96 26030
469 407 16197
431 264 15656
518 305 32014
434 425 12945
317 298 20235
547 528 21835
536 81 19673
335 304 3516
442 180 19931
295 18 22221
363 310 8101
117 75 13096
451 248 5726
416 273 5147
524 512 25000
321 178 12717
389 388 22838
417 198 665
312 238 2227
468 406 309
263 180 7096
474 455 32147
463 198 11574
378 353 16562
530 504 16403
229 85 26609
107 80 24797
491 339 25163
62 20 10151
340 245 21731
457 265 676
427 59 3342
535 350 1067
548 545 17671
346 175 18324
382 240 27871
550 536 1669
272 15 22521
417 290 741
518 83 21574
262 226 2154
445 415 21033
546 541 28713
366 280 16054
497 441 8858
368 297 31284
52 14 14501
493 34 7536
530 490 24575
535 496 25245
312 12 10999
528 508 20115
288 232 19848
549 545 21130
486 449 4653
490 468 4411
456 293 20093
536 380 8407
533 530 19139
487 371 12286
546 505 1112
487 276 279
413 390 2276
255 226 31050
503 464 13383
162 20 2573
379 263 26992
401 377 5373
416 412 11780
541 539 6320
515 15 18634
440 340 32372
240 180 7331
419 59 27895
361 341 23934
215 12 2359
89 50 21540
523 144 19598
538 469 29389
392 256 8763
165 32 19620
429 208 25284
483 404 7462
513 347 1438
184 179 22885
447 300 27145
427 240 23698
343 307 12201
538 247 15630
205 176 18502
204 138 1290
481 46 26901
549 513 27468
402 56 32145
474 455 12257
473 404 139
504 170 20857
499 372 21080
551 514 15452
548 271 8406
387 206 7547
541 324 11163
371 343 27184
549 547 4742
453 410 19401
200 173 6910
279 68 21853
440 381 27477
507 473 25951
509 57 626
344 123 30164
414 394 13887
480 314 11082
379 305 21461
455 261 14166
541 433 12371
545 425 24264
527 247 23159
356 164 15751
520 241 31930
412 37 24986
455 422 28997
157 114 8655
132 9 9991
333 190 8444
438 436 7185
445 394 29647
437 304 11341
266 81 12813
544 496 18891
504 318 23455
201 93 5346
531 434 27222
375 152 19492
527 500 24472
307 145 2466
393 81 14794
403 188 25111
511 477 27566
463 254 22135
370 226 25480
322 256 8095
472 32 4655
160 153 26190
359 124 8886
541 526 5441
542 332 310
145 70 21372
516 373 26047
355 92 30394
546 545 16236
536 494 11145
282 220 4363
520 279 21596
549 40 4130
359 330 18098
409 153 10104
394 386 13024
522 404 19709
450 400 22789
537 482 23903
536 466 14632
403 279 5453
252 134 7192
354 279 1617
550 385 21129
272 124 30068
389 201 27197
428 284 18645
278 136 10629
543 518 17157
367 310 15524
465 409 18105
190 143 1921
470 406 14034
517 494 30129
328 112 18859
250 202 12184
396 200 21398
440 419 25828
536 483 32472
525 507 27601
542 13 17641
349 334 11064
106 42 30228
479 66 4701
314 26 12759
341 92 30093
544 496 9805
388 173 10167
525 388 12439
279 96 17764
183 36 2746
455 2 28538
407 324 28164
511 463 27082
423 414 11691
399 347 10638
327 233 11298
316 266 11794
405 403 9246
339 72 23508
483 420 24569
364 224 23831
132 78 24082
484 410 9656
334 246 28344
127 98 17491
257 219 4085
316 140 6224
473 79 29942
544 482 19467
252 125 30848
126 69 11842
252 42 15510
397 150 15189
510 507 26700
353 294 4464
467 346 27635
305 127 6643
413 328 6716
509 499 29930
453 437 12590
486 369 23302
363 249 964
480 370 12819
358 295 18507
484 305 20487
464 260 31542
208 7 20591
476 410 25072
349 252 18828
494 486 8651
310 89 16137
529 91 11711
532 360 11414
434 125 29949
550 470 31033
325 118 25590
143 52 23696
233 200 1149
494 126 8972
369 37 29274
547 541 10470
362 264 25109
369 198 3121
535 522 29184
520 514 15260
495 308 15734
178 8 30276
484 459 22168
499 442 25495
218 36 1699
442 328 25324
398 205 16074
325 112 18364
198 99 22198
307 186 27996
447 287 21162
418 183 25709
480 398 30632
302 272 1786
535 357 2342
463 377 13915
551 181 21674
56 48 24897
550 438 14452
252 184 28352
347 285 19079
524 430 560
486 6 17552
389 237 29289
501 409 9506
120 15 13460
377 373 21802
295 149 17648
185 161 30487
527 472 821
549 531 11286
394 265 11389
461 111 6126
275 253 18122
543 279 31174
296 185 6335
540 194 5240
305 247 17579
451 389 12376
460 434 27976
545 395 27406
436 256 19669
544 505 28420
219 166 7023
550 531 280
454 200 27321
258 145 27328
546 531 31941
434 154 15758
310 307 31069
387 310 4407
326 157 22187
289 175 18820
459 350 6078
293 224 21479
375 357 23630
97 80 14560
485 428 17434
210 75 11069
430 393 25420
513 445 17645
372 269 16737
526 415 19610
105 93 26979
539 479 12665
301 161 21262
535 533 11120
486 480 21405
360 179 6459
539 429 29755
505 315 19318
423 38 2992
414 353 15539
329 23 4503
401 384 21564
349 266 22317
516 432 32083
500 499 16240
129 10 20606
459 454 31524
513 480 25816
520 459 22557
510 312 12304
542 534 7162
509 463 12962
543 467 8947
213 189 2903
420 97 5668
379 323 6953
541 357 25121
462 61 9654
482 463 17345
279 146 21628
253 183 22240
320 158 19091
491 279 18239
417 161 11775
458 389 6793
227 86 25539
473 400 18685
511 53 8613
424 214 11758
360 136 6894
259 50 5976
186 177 20283
340 167 14567
534 69 24557
272 160 6276
430 184 18665
480 70 27697
498 54 6234
203 18 364
518 449 5802
374 84 18657
497 86 32091
400 329 10674
364 327 15840
417 239 18373
518 395 27103
524 483 18396
488 456 23111
528 243 25310
533 136 2295
138 31 22751
547 534 18546
531 391 18145
547 389 8091
311 114 10683
533 283 22113
505 18 4875
432 356 15386
506 287 31255
483 481 30136
506 429 20882
355 27 4745
181 78 9636
545 383 9669
517 220 27939
541 534 11040
382 111 4316
298 274 18925
545 23 1493
515 200 12949
477 360 24987
326 12 14802
164 63 24603
182 27 15987
548 512 3583
472 211 23218
376 196 10522
515 507 14059
441 244 27506
430 297 27720
511 264 20620
407 190 10428
514 101 10637
460 158 13584
328 312 31414
189 161 29745
532 501 346
394 255 24522
389 293 6684
265 144 2979
465 26 26492
465 298 6776
435 416 30615
279 206 3316
377 226 26847
507 259 21709
478 406 19641
180 67 32028
551 550 6367
362 222 1387
521 187 8314
529 523 11548
164 80 658
472 52 1174
291 141 29346
403 344 17243
470 146 22139
517 372 24612
394 372 6411
537 407 18140
427 249 18218
407 30 26168
364 158 5810
481 425 10657
345 177 13825
462 448 17684
483 435 7726
243 114 16231
436 280 4033
432 372 23119
372 29 9678
441 388 23961
354 209 27687
525 520 26079
443 381 22445
409 202 11197
466 221 786
128 68 19388
469 457 12946
415 36 523
103 33 3756
379 219 27014
160 57 26813
403 194 1144
497 223 24448
488 373 14626
505 447 30431
377 317 1676
548 379 13219
492 439 31136
509 195 26723
528 266 23972
505 340 13261
280 98 25279
124 111 19881
188 141 2361
487 204 3494
549 519 21660
481 419 21118
486 51 8316
334 249 25734
40 24 9490
396 225 153
352 95 10175
444 291 31475
476 418 22542
434 427 29553
518 79 5761
446 389 7523
355 231 257
551 524 2966
497 173 26653
270 94 7999
551 403 15221
157 80 13997
191 123 6453
407 334 2978
550 473 24036
266 7 22331
547 531 4887
546 408 23207
328 224 24751
281 86 29699
536 510 24308
458 359 17422
520 124 27160
442 300 2948
542 466 27215
437 382 21628
391 264 25134
377 336 1952
244 59 22122
545 411 15738
255 86 30549
516 83 13974
526 505 8013
352 340 9984
134 129 29460
276 180 15538
551 255 26468
488 417 2999
109 71 8608
409 83 10624
422 12 26624
375 160 11621
476 151 18851
498 108 8104
532 268 3290
498 253 28505
502 328 23399
551 346 15909
429 389 2272
486 235 15391
322 244 26702
534 484 12177
533 374 6852
99 68 9645
201 176 22832
153 49 23216
403 373 3132
146 109 23077
125 97 30004
416 372 29295
343 328 20865
548 547 9487
322 289 25197
190 119 13135
291 198 1351
197 86 17255
541 304 9616
296 148 5380
534 382 24321
116 88 420
210 105 24751
326 316 6295
112 19 29863
427 407 30358
535 154 4426
474 147 21443
482 434 4617
198 172 16257
550 536 7898
244 148 26015
375 235 22390
525 476 5246
301 147 17680
297 171 12152
152 133 24118
378 190 24244
539 516 27359
371 330 9345
463 451 18079
74 22 26098
526 487 11066
452 241 330
472 442 15257
537 522 25282
154 110 13784
455 366 2460
550 528 23934
352 112 30109
403 68 8821
284 263 20673
183 22 1111
545 534 5589
470 463 2732
491 405 32228
506 100 10886
267 98 24962
412 340 14534
240 111 31707
418 71 18259
473 448 31842
413 251 17516
418 195 2402
199 125 11451
551 550 6972
394 297 9506
400 273 19710
382 289 3708
324 257 3889
435 416 952
549 505 12188
523 493 12118
449 432 25958
501 350 6883
384 177 14661
550 169 1905
335 288 16716
428 374 21137
326 20 23579
296 245 22209
535 532 29688
227 122 13912
547 282 24044
450 244 23771
529 149 24523
512 220 5157
179 127 18023
317 185 21432
546 131 10646
373 184 15638
418 371 6482
495 447 24180
130 53 12197
460 368 18130
547 377 13021
327 305 8933
434 426 11487
549 548 26494
458 81 17187
455 321 26988
394 258 15087
453 351 28745
331 320 12767
534 511 32454
430 111 24635
536 476 3767
533 362 12691
520 462 25504
537 378 18937
352 54 25339
498 43 11998
229 225 23633
318 304 11841
247 179 5557
538 528 23282
545 516 2187
343 34 13399
517 354 30699
419 67 8242
435 303 13358
323 97 9436
380 263 5331
522 520 7568
334 198 25066
414 259 27897
441 393 1249
279 199 12397
475 325 14068
533 507 28378
547 409 6146
513 354 9146
477 361 21947
485 412 21637
520 317 9776
518 401 12306
19 5 7899
280 174 19151
540 443 10307
471 424 29017
424 360 15947
382 184 28258
498 488 17071
485 182 19576
152 114 12689
439 117 22623
194 180 21242
367 8 16336
259 239 25622
182 17 24245
448 303 2129
264 56 100
390 169 12980
383 143 10949
539 445 19572
547 466 12206
235 115 15430
189 160 4473
283 117 18759
531 125 4389
509 406 13899
477 73 21004
476 278 5486
450 405 8226
482 245 15553
66 54 31236
533 364 347
509 489 9714
428 122 12612
115 110 16750
548 529 17863
512 495 16741
446 379 19825
500 364 5114
307 79 11619
338 176 28502
260 55 5589
529 297 11325
438 315 18501
481 469 5477
127 112 29711
546 536 18892
537 492 7809
501 465 24029
274 214 11340
470 439 2542
548 545 31828
541 486 15924
529 298 31413
538 239 6746
458 382 16935
513 399 23534
538 417 22517
531 447 1785
548 389 19359
433 236 5299
295 3 16474
326 24 30675
515 514 29690
495 320 19374
534 529 28485
444 182 17702
294 259 8513
391 86 20197
551 541 13822
453 423 7136
259 245 6485
423 308 4888
248 225 17176
377 347 18175
272 192 5101
510 357 4520
399 179 9187
101 83 27899
408 206 7472
335 282 24290
522 413 3823
430 329 32119
343 122 6609
302 119 2988
487 481 17449
444 421 24112
213 63 27012
522 382 23358
480 414 3840
529 284 29887
518 483 3321
539 388 28832
488 72 16922
409 41 16624
460 344 24808
483 308 7792
473 433 8634
75 50 23562
526 516 31853
448 326 15006
506 484 24582
435 385 21539
143 117 23347
453 447 20312
551 544 4763
519 496 11736
436 381 1265
391 229 16498
49 48 24799
548 546 15212
539 537 25667
240 195 19694
510 370 21100
414 298 26326
282 10 9180
408 136 17072
425 89 24979
380 209 22595
509 377 4485
525 523 30184
484 455 7961
528 508 25727
372 82 7344
508 420 29269
509 108 17809
528 515 15155
386 216 2294
271 72 19036
364 266 21736
415 366 29646
492 276 22824
480 189 19093
548 520 6432
545 416 18881
460 317 1307
544 536 20661
542 506 32451
222 42 6013
540 520 15918
523 430 24613
545 537 7409
449 13 10754
205 101 12204
506 449 1285
512 308 18455
53 36 21341
118 3 21462
426 290 832
532 416 1432
409 191 23523
429 326 8351
536 211 29607
410 372 22037
443 244 28858
518 148 24493
408 260 2553
422 100 16979
291 253 13417
197 58 18635
550 467 24184
490 167 23877
502 411 14191
515 350 6985
547 498 2146
184 64 23885
238 153 19367
543 539 563
469 287 30030
405 350 22011
395 275 8722
407 351 16058
517 178 24010
548 525 17988
384 72 24114
455 425 12507
519 304 1957
393 388 15745
455 209 9066
180 168 30912
436 342 32088
173 108 16447
546 53 11200
476 5 28843
255 218 7951
471 438 4579
189 58 19775
371 176 27496
531 513 8470
532 487 21795
368 355 15727
374 251 6329
289 79 6950
542 514 19075
519 358 27197
400 393 9795
507 88 3208
313 202 20197
501 341 28360
139 3 30177
507 279 11827
387 372 6990
381 224 28338
509 5 1631
248 41 4773
395 5 24760
226 27 31196
525 489 5689
499 461 3432
544 471 18220
515 457 16559
303 264 26926
275 52 19083
266 41 17696
533 458 13523
392 322 14109
104 79 12940
495 494 28711
145 45 1871
542 41 31705
551 545 3157
447 339 5137
513 360 18047
521 263 11594
446 387 6078
510 176 4649
540 514 26768
431 79 22457
253 247 4021
533 496 14706
422 387 702
463 280 9472
382 376 18680
328 227 12123
546 308 32739
354 225 32658
467 302 24693
418 128 20496
383 369 9682
433 179 26615
540 115 13533
519 268 25260
503 460 30442
421 419 25936
423 239 3826
408 398 27183
330 144 9379
362 202 16070
458 300 21622
111 61 25798
234 208 8411
481 311 7548
456 47 1712
548 378 10628
480 457 9875
546 508 23439
485 185 26339
462 139 13601
508 482 3924
489 178 14305
531 520 11117
112 5 10588
336 142 16982
489 462 20575
327 246 19126
509 437 11125
520 477 3221
404 68 14608
533 528 32334
170 51 7344
301 251 28320
505 176 24847
351 19 3250
435 413 23399
349 229 32138
249 198 4810
425 194 4261
551 539 893
526 119 9057
521 98 27033
252 8 10887
540 528 14563
524 486 20156
263 15 12738
319 279 30681
513 430 8358
548 537 5140
506 100 18374
445 443 1518
224 92 5871
414 24 9692
448 101 24562
529 418 5405
285 99 23634
494 17 22790
386 118 27020
148 95 31585
432 394 8900
417 399 9819
529 496 16912
418 27 21333
171 89 12405
538 26 19666
494 81 7516
373 344 10772
322 60 12390
431 421 6570
481 431 7029
454 64 5080
488 330 31973
528 515 26091
549 473 8812
215 40 24835
389 256 12670
479 348 29103
505 494 32076
551 330 21348
257 37 15959
542 538 2008
219 54 10213
483 241 25500
410 14 15357
549 448 3416
246 220 31152
543 448 10499
542 330 28940
531 307 28839
149 140 23797
425 249 13731
535 284 11530
170 114 23548
499 456 2106
519 513 30207
320 104 9460
399 316 6087
376 2 14481
399 30 26147
549 493 26332
519 38 23939
534 469 4274
540 525 15720
242 93 16129
330 68 12685
334 256 8441
405 159 9638
542 534 30859
493 131 4957
338 183 31124
299 161 27160
526 490 11573
539 439 9198
210 35 10122
456 447 12631
269 182 11101
361 294 331
297 190 19860
272 156 17223
211 29 15269
453 196 14614
417 239 20299
437 348 29033
418 159 31495
499 473 17382
384 7 27815
274 159 1421
492 479 3181
238 42 26140
525 517 32343
548 508 30428
62 9 20767
500 239 12077
224 7 14054
453 361 1737
495 443 7574
338 71 20472
496 155 24696
321 146 8145
545 535 8579
330 256 22716
470 374 10518
548 504 8612
540 492 16085
287 143 11602
532 521 5610
367 118 11542
351 143 24781
189 115 17484
505 280 13471
537 362 8215
487 110 22948
269 147 24414
225 189 27023
409 396 27531
463 384 9852
254 106 26171
486 296 20731
439 344 4675
408 140 3032
139 64 6397
548 535 9890
549 546 27291
458 366 15020
333 286 18028
488 129 31627
506 192 10235
454 51 18924
545 537 18469
551 550 14731
315 304 13641
148 72 6350
139 118 8187
406 239 15383
491 410 6501
329 45 7829
401 268 31935
479 262 26028
521 364 10982
518 510 26300
502 343 29800
473 467 3172
498 138 19614
505 163 5701
518 486 28743
459 161 27151
545 533 4663
541 521 10105
227 182 27190
485 467 16944
535 526 30934
523 483 4195
519 495 29891
488 323 30444
430 396 8275
351 98 1939
415 399 4670
543 450 1191
339 232 20647
470 455 26341
495 78 19684
482 205 4953
20 5 29357
252 95 19658
282 186 10991
472 444 10743
223 69 2982
482 284 7244
525 254 1564
436 416 6872
49 47 1598
254 207 22729
471 307 10065
397 347 18914
182 107 26314
377 24 8058
487 334 20699
545 523 22623
477 379 7123
407 377 4464
311 248 1911
531 513 18575
543 97 6591
536 525 26073
543 446 20507
547 132 25067
374 223 24909
520 383 16481
527 312 13685
459 385 24376
417 416 31577
384 365 4149
382 201 26868
307 100 22308
257 234 20200
232 180 16851
538 469 9383
407 371 21444
267 140 29547
299 287 25287
537 181 23988
504 298 6767
550 530 191
533 521 19722
449 428 32380
401 329 19887
506 475 23049
523 190 25911
435 418 11938
329 320 15374
197 80 13794
118 79 22390
285 11 11428
455 64 8957
335 242 30490
436 240 7687
464 283 17939
501 474 21209
221 204 25270
234 114 17515
411 25 17056
342 329 10360
408 49 23668
290 71 1230
524 423 10246
397 251 16157
446 359 29662
531 174 5875
549 334 5478
551 532 18732
533 70 17994
472 211 13104
546 44 30376
535 294 7448
549 547 28388
398 354 4045
330 309 19267
