505
28218 28473 11834 11051 18096 15492 17291 28642 30158 5538 27144 14116 32533 11999 2143 572 32443 4968 7570 12911 30205 4182 4080 27683 12726 20712 26692 13639 32559 4112 19788 21230 9017 818 21356 10813 18297 25128 29860 10376 20996 12425 17600 30392 23340 11307 13774 31728 13721 1254 213 29552 15515 16795 1732 6585 23742 30325 15785 13553 2719 12399 32291 31882 7167 14871 17690 9247 14102 7569 15789 3486 19497 2014 10092 26284 19807 29023 27848 13637 6353 12180 32199 6051 18656 21546 17149 15202 24267 32053 15543 20449 31617 31418 8825 30699 6835 28016 5803 32407 1070 17095 17039 21356 26472 12842 28278 4553 21848 8065 27188 6020 3211 1787 22993 28370 19317 22026 14977 3943 7429 21935 13270 15070 21372 2551 2357 30810 9598 10950 16263 29550 8553 6611 19248 16954 27367 31220 23109 22231 30399 19356 3833 8182 14577 12961 15961 7363 30977 18755 1850 26640 16531 9323 21871 32431 6200 27952 9535 17695 1672 13215 6934 4204 1393 24252 17274 13904 25038 24004 3905 26782 14651 32437 24577 24544 2600 3600 14537 6463 2605 9182 26382 11172 13981 16881 14312 30749 21342 10092 3455 14722 19448 32134 26815 14168 10987 16778 15188 8181 6982 4130 5586 19941 10357 13782 1587 31885 12379 10448 14983 12302 15265 20450 15335 21613 12365 15050 21931 22512 4758 12212 31965 17611 18422 12800 19437 7675 4226 26182 26277 883 10871 30615 23136 24950 21525 25094 20087 12100 8112 18023 6397 248 19972 11095 2988 28849 8905 20349 3358 8944 26503 28943 21057 27201 4268 11927 19461 19998 14556 25847 7511 30992 26248 11946 11603 21015 20418 26702 10677 17740 4175 24159 3473 32709 1534 2118 69 8889 18233 29842 8363 12772 26586 19077 4243 16685 64 1234 21616 9607 10913 18853 23377 11541 27297 996 17171 8849 13092 8628 11477 8174 32353 7232 13741 29756 11321 11446 26521 8397 6854 21137 14009 12694 11574 3870 24251 29911 13530 31289 13462 22015 28794 5208 16507 24522 5612 31180 13320 10668 6628 23363 4288 13426 10766 24464 4792 31271 3418 21167 13202 13620 24216 17923 22959 8908 21828 1507 1953 17543 4259 2133 8159 25933 6415 14617 4285 25974 2958 18154 31899 4655 9130 22016 12892 3104 6013 15321 2586 332 31244 10297 31255 15928 6102 24432 30711 23119 428 27099 31277 901 14786 23725 11700 11579 14087 8175 13311 9826 12978 21958 32050 23268 29725 18165 4754 17471 3799 30882 25914 19827 18165 20317 29969 11807 4008 25438 25592 231 22549 27150 18760 6424 6752 22730 22907 23439 24842 9443 13865 7895 13950 17641 31287 22161 13030 22313 22091 3609 7235 4468 20866 30310 19645 24098 614 2866 21303 19031 21530 4955 551 10629 11224 138 24741 4658 670 29202 12738 6140 18211 24347 1562 26330 7184 11263 2989 9124 18029 12020 4074 13782 24665 26604 26637 24209 9215 28601 13227 16610 25285 25205 11659 16199 31942 18721 32440 21103 27779 18060 18388 15682 15061 2934 21679 16929 28455 22006 11801 15727 20449 25 32244 18768 1831 25036 31117 20144 32708 2556 17964 
119
455 315 3049
366 342 5897
325 225 19645
447 442 4423
372 330 8329
238 165 25568
271 34 7606
505 504 2398
502 443 20139
260 240 12659
502 376 11929
369 333 6338
390 81 12265
315 249 26601
362 147 15891
459 294 27486
343 293 1836
488 308 19814
379 74 5709
278 153 29262
394 111 18131
399 353 19459
485 121 23827
410 192 30343
301 256 26109
368 201 27228
474 457 6291
470 442 28000
494 365 5885
184 46 28888
402 389 14827
321 317 30657
505 502 10632
465 253 21240
352 47 31116
436 381 17599
423 44 6642
477 422 8831
482 245 18834
491 299 22520
477 363 21622
314 264 5026
301 262 22018
432 256 8636
500 115 23876
32 23 28496
344 316 11621
480 419 23615
491 248 10770
495 482 16349
497 223 13092
334 235 29498
497 472 25875
485 128 22466
393 87 31298
389 274 8201
487 57 24277
212 107 31721
420 293 1080
336 140 16182
355 251 19277
190 130 25841
486 340 11422
406 98 1021
503 463 8730
359 102 13311
297 189 3873
505 398 6427
348 319 29714
269 254 20095
496 172 22912
458 326 16473
392 278 27037
379 331 5553
482 444 6933
458 160 4158
357 43 5762
439 200 11292
414 28 16695
429 168 12052
374 52 19043
405 52 10891
286 91 31006
208 56 1565
464 399 17774
473 360 12948
325 260 13189
487 392 12377
497 410 26746
158 48 2879
460 253 5911
233 221 31241
376 183 19186
355 93 15453
448 98 12390
396 246 6061
482 360 20994
502 429 14719
307 201 22130
427 307 20760
422 364 12455
403 142 15116
383 355 10570
281 56 26070
340 145 15117
437 213 32489
472 200 20471
496 456 19835
213 197 6320
323 245 28941
471 205 18024
440 414 11410
372 149 21969
469 431 17152
278 107 22283
486 160 12341
401 182 22269
290 97 20718
505 277 12886
