522
16424 19490 1078 29856 4962 31054 2654 12896 32186 4799 27364 26507 16961 24655 23297 3590 26265 14122 26889 4452 9306 13720 6385 2394 2483 28951 10766 30835 3413 19117 27167 25349 6540 23932 14734 21092 21167 15255 9459 6229 7355 27924 14298 26310 9275 25955 27846 4028 28267 25310 24182 396 13468 27808 7782 21326 3802 25243 21657 30095 12749 21477 3222 23366 17373 3923 21425 12041 3481 8777 3211 26753 2394 14800 7132 22044 5667 6633 21104 28417 20940 7970 14448 329 24160 32358 7651 4204 5827 14105 5236 30713 30360 27493 13942 9867 14689 4814 24357 1272 29928 15117 14383 24011 13023 19227 16499 22773 19907 31884 12296 24511 5382 32542 23937 32003 31852 31378 2159 3484 23222 25274 11560 21787 31614 20948 17863 19131 2146 23830 7284 12952 3428 6026 4838 22299 7313 14108 805 30393 21729 4082 7573 14813 20575 23035 26672 17698 15753 29899 17171 15302 10234 7590 5692 18012 13382 19418 3218 29120 21286 10066 37 31312 12245 19817 31672 22361 23993 22524 30077 6864 2374 23235 10015 31043 12320 19169 9989 3598 9343 1209 9942 12242 24536 25604 31544 26915 26810 8736 20702 27009 20470 28331 12993 650 2306 30289 17837 1389 8607 19426 23808 5282 7354 26536 19631 15833 29840 12535 7305 28720 2070 17925 192 8872 30616 30204 15269 16090 13472 8526 19635 9190 18713 29769 4303 21933 6580 12267 14286 11328 10123 29943 13112 6039 5381 17736 587 19335 29177 12134 32579 26606 4886 22615 4569 28977 30850 22456 27402 11496 1985 6668 11801 14039 7385 15699 10967 25121 14003 7135 3362 15032 17093 31075 9644 15128 19438 1613 12286 2613 4257 11605 14780 21937 17478 24406 3882 7251 32733 20829 20719 31925 9701 24832 5913 23612 15740 4850 17762 31309 2247 24532 29873 17342 23188 17229 5604 31371 28478 16732 12749 1483 19665 21997 27258 32226 28271 683 8634 18679 16115 28438 26844 23465 9939 20181 7610 29181 12619 589 22775 21659 3256 9586 4484 32315 27202 221 6505 13658 189 4384 22466 28209 14033 6230 25607 2279 14425 28158 26257 16390 31498 265 25178 23340 30293 16433 19461 31235 4750 23693 4638 2930 4941 6754 31394 17685 277 9277 31170 12011 22067 5182 26084 5967 29417 10167 11499 810 7372 20726 28344 28262 3435 7006 8432 28838 21553 5565 8192 6708 3981 14041 20831 7482 16719 28748 15123 5942 16982 25490 13431 3752 6504 28001 5179 30989 14689 31544 32684 23825 27280 24379 16182 25857 25438 5694 15399 30079 21552 13344 2997 7289 27279 27226 11075 27740 3975 23767 20960 6020 25932 14599 31505 24568 18468 17199 3792 12116 22144 19971 19156 27398 17516 20598 20755 22717 32298 3537 32646 10015 24090 1026 29996 28347 31198 5175 26705 16190 19130 6572 12816 3305 13633 25281 13079 4674 13358 16464 30122 31242 10896 7997 12523 25968 8490 24655 4440 8836 29465 25150 27285 9966 11703 29197 13932 8928 10176 5529 1298 16457 5043 25715 17067 25164 4475 25323 30225 30960 847 4973 23761 15641 10711 12817 2167 26807 19344 20077 24844 16189 27505 14254 12508 31317 21199 28391 7549 28369 29310 5032 12812 32229 24377 32467 24250 9876 27971 32683 
4487
514 106 28462
221 104 23710
362 65 30018
466 174 5431
285 205 2746
474 422 27743
490 427 3243
229 98 1526
353 243 28638
192 12 28539
201 109 30433
418 356 18997
389 2 15277
209 200 23665
478 340 27512
329 312 3082
430 165 10343
502 361 9523
308 78 1785
468 16 12741
341 337 31778
502 428 6270
504 473 20970
516 510 20390
519 239 12948
475 422 10965
297 171 13990
465 331 30105
522 521 7616
444 269 13879
402 140 29420
460 310 22186
477 104 15530
439 351 30817
444 362 13691
460 422 689
386 381 12415
483 388 25208
329 59 22637
479 437 5666
200 127 25272
500 449 5616
397 184 8290
493 452 7542
502 494 2422
342 313 8386
478 392 25451
506 362 22849
521 124 31816
179 99 19841
522 512 30993
383 98 26925
475 421 11090
511 491 20893
191 95 16098
492 137 10495
414 349 14947
515 331 15557
402 358 9900
265 145 11014
217 207 18596
403 60 32735
430 395 26841
494 346 25175
507 106 6872
518 434 1585
514 443 1040
495 121 4601
514 451 13895
141 59 24510
518 504 29307
