568
3061 7444 10285 10420 27168 9093 27208 14682 11649 2728 27981 8771 19234 7666 3886 18594 22074 6984 28555 429 29431 27320 6285 10228 26234 32359 12050 6897 26660 28362 28170 23776 6160 10009 28960 17105 16096 13825 4766 27387 15037 5786 24714 27987 15769 1432 27925 31325 16567 14021 32311 23618 20846 32431 24723 3620 6954 17565 24992 23982 21171 20680 13578 19183 26290 19144 18774 6760 6513 31821 20422 19811 26594 11279 31612 29831 25059 9480 15329 4266 22464 15840 30280 30182 249 29865 719 25839 70 29388 28806 20131 26841 3395 21716 30179 10467 5385 10774 25506 32089 3023 392 24891 21240 4337 3177 27912 14471 6824 16474 23856 18012 20353 6920 9408 7969 5134 18698 28414 28120 8411 13325 1274 1309 13475 15406 12645 939 14020 8359 5798 8738 24049 23470 11051 3592 12071 30106 20477 30221 26850 4936 13720 11155 11920 17341 761 32109 2118 20748 29432 12263 2738 6266 23512 13831 15185 11745 21789 4115 1249 20050 28573 29523 20506 26110 13274 7960 5273 11607 23183 766 30237 8562 29577 6765 16885 23472 28344 8550 24761 3229 15238 1660 4153 7704 29287 15904 31155 16565 15538 23330 30793 26719 28335 4213 9137 31810 2033 51 29487 15848 3558 31712 3264 11169 29868 6643 5272 25129 2598 17554 4303 16773 5968 9630 13656 22830 11215 5103 11314 24433 18381 26081 11746 14358 22531 19727 32288 20032 14359 8030 8401 17812 12073 12606 23349 18077 6825 9516 21858 27247 15211 21627 28657 2443 22781 13653 8695 29187 12088 25085 29495 18655 23061 9558 26261 6846 13250 12457 26830 24513 22773 24227 5991 30372 18305 10141 29667 23342 19239 11041 22329 7116 11438 29353 14725 21113 22325 20905 8702 9440 26569 1744 21288 4037 23347 651 1867 417 19987 30412 20771 2188 819 5129 29913 5984 9237 6023 19762 9756 28622 3800 4359 12678 19479 29859 3317 24085 27810 2723 9557 16909 1194 5362 13422 6892 14030 23176 6378 29189 14111 3838 2183 29803 21368 2456 31503 528 22030 28035 16778 14382 30279 10075 7602 31462 19408 25585 28071 16936 30698 25674 16356 11730 30980 21227 25458 9500 23695 32339 18523 1331 17166 7370 17506 8996 27244 32089 4081 9468 12947 18970 3923 30253 20538 16306 15395 23348 8702 32283 17157 26745 23477 22183 10644 24695 31743 15169 4251 15644 16413 13046 26247 26739 2567 30645 7708 26752 27832 8531 15720 620 21197 466 22773 6370 29518 5859 20291 18872 2252 13481 22645 3794 32428 19904 15947 26179 2242 31870 20560 17846 22818 12665 26709 23821 26674 11081 4893 27719 772 7055 12634 12455 5091 7478 9432 11538 22828 24568 24057 20922 32352 11556 23905 18169 19318 10655 32242 24447 24182 31017 6907 30128 9027 9954 26284 14408 32184 30477 1230 10817 23031 1555 15793 23030 5886 22731 23909 5000 32636 16888 4908 4737 17634 16660 25904 30391 12476 15948 3186 116 66 18379 19715 22483 7722 13371 7798 25453 11969 20105 14485 29237 8762 28393 22611 15521 16710 9499 20738 267 26597 22508 15814 16214 25211 32255 26442 22484 8486 21453 12721 4455 13647 13035 9936 19175 19839 28300 28826 23492 9076 22854 22491 26605 4213 22553 6954 10992 15330 9901 12824 32354 6159 12507 20654 8065 8530 9583 16151 30744 4955 9772 22937 28323 2244 14609 19658 436 14569 24283 25088 12949 18426 29387 28681 815 23887 14249 17436 2858 29691 13833 5904 26710 6563 20429 25292 3658 3985 11499 11263 14667 516 
5967
563 456 18890
533 529 19579
395 341 27592
425 265 25362
264 97 27186
434 415 17486
277 162 30222
559 428 9538
492 443 6678
562 541 28683
337 181 6477
548 546 15112
468 187 16869
293 43 27225
459 372 3675
497 264 6963
328 193 14647
504 424 21197
368 308 4264
385 305 11894
109 22 11622
451 391 5876
225 63 3321
276 202 12877
285 208 9938
478 211 15529
317 271 21261
439 377 26541
536 396 24600
266 210 23769
427 152 10636
480 445 25989
450 200 2199
339 314 7219
329 137 5514
565 558 31524
260 6 29699
473 443 19940
407 392 21463
317 280 1849
276 134 17118
199 24 13725
304 121 11525
471 309 18396
526 258 30382
483 422 565
567 565 32015
155 151 18166
457 367 31008
339 271 30127
360 202 29080
502 492 11491
561 538 23647
552 354 29380
568 526 5152
239 42 14301
170 110 7544
358 137 11641
326 287 6459
402 243 24654
557 526 10494
491 453 26335
83 78 24942
423 399 14360
553 248 1679
561 479 2358
360 196 19143
474 277 21108
485 151 16796
59 16 3907
544 535 14423
495 447 28324
278 185 26609
534 320 1794
512 470 1912
500 308 4571
503 214 2746
537 463 20302
467 251 7797
544 497 30785
298 176 29274
423 177 13821
411 367 5901
490 301 21059
524 316 29395
475 124 16974
485 310 9258
554 548 258
179 126 22360
510 479 13604
562 516 1168
519 163 28983
283 208 8001
225 203 130
542 408 8770
462 83 25508
362 358 28628
544 539 28163
284 95 9840
485 377 25196
320 241 12644
528 498 18801
408 238 28929
268 213 20390
567 502 25319
567 529 19144
509 70 32034
430 327 7880
560 553 2425
456 97 5386
475 150 8406
472 407 6951
553 552 12859
513 289 8390
541 347 8381
262 240 3623
535 363 19784
535 509 26079
521 436 28010
496 409 16079
546 338 25982
501 212 28527
205 107 26603
567 562 24401
473 448 19148
223 169 17436
533 323 5138
339 148 23404
464 431 8210
521 394 16526
480 258 32749
506 348 20584
470 228 12493
563 549 30354
441 439 29878
264 225 27797
506 207 27816
538 484 31720
257 27 23271
386 55 496
510 467 14559
507 376 12584
461 224 17965
388 379 26399
262 56 30130
274 271 25670
286 278 11897
156 153 27594
562 520 9993
385 82 24165
355 114 2502
500 488 13977
352 205 7521
394 377 21266
169 124 4893
509 487 14269
482 62 23550
257 162 6558
527 497 14282
272 71 2966
553 174 13308
389 115 248
344 124 26797
457 424 32180
417 151 23691
526 475 25812
465 128 28862
273 46 25547
523 504 6079
386 344 17367
518 497 29835
462 331 17468
547 500 30261
550 511 1558
461 225 7609
546 538 1156
472 441 24790
220 162 8548
460 392 3154
537 526 21194
507 258 8647
448 446 12819
548 503 21200
384 380 6136
330 300 9952
552 524 27149
465 429 18994
398 324 32689
535 44 14130
365 306 2384
265 216 24741
431 366 5405
432 312 24956
412 56 28621
515 233 6452
543 474 26857
434 42 12525
471 133 15686
241 111 8062
424 291 26344
420 378 22294
441 220 12501
469 192 12712
493 451 1018
468 112 17695
487 85 24613
483 181 5249
334 186 11659
354 182 7160
225 102 12290
466 131 3940
509 452 2518
505 350 2388
473 335 21416
542 436 3788
327 77 4949
560 187 31147
326 261 28545
326 115 19254
466 465 18771
500 326 27220
493 170 4137
566 271 13897
563 424 19312
518 320 27183
542 209 12968
542 186 21377
153 101 10313
487 94 5467
308 122 2597
492 475 9089
504 415 24998
200 158 9453
565 521 868
540 272 25506
551 549 28605
187 64 26157
417 348 12859
286 79 23933
505 377 10578
234 49 32711
464 209 9805
474 159 1258
467 466 313
499 373 24326
560 557 18305
385 185 14099
159 116 9697
330 284 28034
417 322 27736
415 398 11182
423 161 7145
341 269 10205
454 254 15735
555 549 13911
330 267 30962
281 29 27433
121 89 15992
567 566 17355
553 487 18179
225 117 30207
340 265 14570
356 120 1218
562 561 3058
500 263 11453
489 89 20703
548 528 4219
326 324 15682
567 395 16775
550 543 7145
319 165 8206
465 329 21074
525 485 18159
198 93 12007
392 36 26287
561 558 8888
280 106 8314
325 114 31647
213 26 25334
248 5 21848
369 193 19546
566 503 9687
236 65 16819
557 532 7531
487 422 23161
169 7 4740
324 159 9317
391 328 8329
548 249 21773
299 234 13342
481 195 27002
338 330 13911
395 35 479
395 9 9998
394 235 25302
473 411 19717
467 393 25068
470 387 22045
130 61 4835
397 137 16320
557 442 6071
449 411 15084
327 290 21309
216 30 29237
504 404 20531
503 491 18941
449 393 18048
253 189 6457
301 184 15735
180 159 22510
536 437 26474
509 383 25132
158 90 17108
269 191 18814
144 88 30361
464 418 23551
535 260 23646
503 152 29223
535 415 28030
369 216 22618
414 272 1866
504 222 31026
468 214 3744
542 519 6740
427 414 7643
542 510 27545
538 417 31525
568 544 11559
527 381 2733
431 414 29755
473 378 23830
291 113 8172
525 118 26245
558 298 173
492 216 14938
530 462 17995
110 91 25156
259 21 3823
565 542 27438
520 289 15909
426 65 18323
259 33 6810
566 291 13301
273 165 22509
447 358 25346
514 367 6544
225 166 3322
450 238 16321
443 319 32083
104 9 23586
68 2 12200
268 263 333
390 203 17426
537 488 4229
461 446 13589
536 508 32072
431 287 8685
547 537 30201
507 503 12301
95 56 26669
543 520 4693
514 35 10330
402 358 30252
541 537 21217
553 498 19506
524 317 25352
227 90 5854
200 167 966
523 206 22280
491 366 27546
430 411 29876
567 61 25667
532 401 25740
286 282 1587
568 371 3436
250 136 18690
216 137 19990
538 498 19251
552 543 14006
565 527 6826
266 124 31628
378 276 20559
378 175 15174
556 548 21831
520 457 25769
470 437 12143
435 427 21148
539 438 32703
403 280 23370
322 98 17433
58 30 15151
348 325 26839
294 215 12427
457 239 8724
313 175 31436
488 364 1156
224 36 20297
509 508 4563
536 114 10479
323 218 30369
196 92 14208
534 486 2443
484 178 11255
436 365 5054
483 112 10298
192 64 2144
500 431 25256
469 342 6660
530 468 18715
559 534 22811
402 121 5850
490 391 22994
228 68 31640
441 194 15864
559 555 16440
370 294 14480
451 375 16339
233 44 11671
498 323 3412
521 407 13372
460 221 25896
543 375 3666
471 136 28849
550 459 24297
424 419 30353
342 230 24276
538 453 15417
279 18 17752
329 153 25472
520 443 11989
354 73 9435
512 491 10051
491 277 21369
506 356 23200
559 415 25705
530 454 8938
424 81 13735
473 380 17235
538 522 19471
428 358 9509
548 497 12171
478 416 12797
471 455 9975
475 379 9952
455 52 24654
403 341 8593
517 130 25079
411 17 13067
228 213 28531
397 157 29374
307 202 15993
374 294 26404
352 124 11534
496 372 5333
491 489 460
561 535 2041
495 402 30253
558 555 9149
536 449 20383
511 501 17195
202 34 32220
551 432 30895
507 236 27607
524 270 27306
219 57 18201
397 42 18451
459 205 5163
166 126 22734
478 317 15460
510 405 26966
455 305 26014
218 184 10862
374 210 29624
565 513 7685
317 283 1161
547 62 17388
559 350 2381
547 519 26820
507 359 26596
394 58 333
561 506 31354
301 209 13272
405 47 7540
474 193 19958
532 192 27174
473 303 31704
228 94 10448
438 362 32143
331 23 28031
414 367 18247
298 275 863
494 335 26208
442 393 31472
352 95 13118
417 274 23181
423 405 32165
530 503 12167
294 188 8329
446 348 6581
513 428 20062
302 117 3536
512 481 12721
477 435 21382
321 247 23679
500 494 10775
566 450 22275
230 9 28744
391 62 28859
548 287 3117
468 451 20552
525 432 5079
557 403 24330
317 298 21255
464 327 2699
473 464 1678
382 375 23632
37 2 23471
360 249 13209
149 45 25210
247 134 12553
487 349 29448
167 53 9906
277 103 12479
375 271 5030
525 420 17813
529 429 28067
535 168 7627
446 441 23182
481 416 29317
482 425 9609
430 233 28433
351 188 16880
532 470 25738
477 395 30480
566 126 6594
451 374 30928
550 532 23572
523 477 29810
240 49 17342
565 94 16758
564 556 32635
448 7 17842
447 396 24514
154 78 26159
229 83 15797
371 220 1845
390 232 7152
539 300 14483
530 361 19786
556 458 26751
322 274 18009
541 223 32680
546 488 13479
473 340 32544
126 84 7724
491 398 26377
434 69 11932
568 563 25054
565 562 32752
495 270 24900
307 43 15267
524 479 5453
544 475 14715
332 256 24407
413 169 7197
518 395 22955
271 59 20909
267 61 26439
510 364 29220
168 40 22638
515 485 15997
455 376 21302
561 488 13953
476 120 297
536 285 28033
455 311 30953
446 419 7177
379 90 599
197 121 10493
393 209 23613
556 540 32027
567 562 12819
261 235 28082
529 403 4399
525 484 15188
386 267 24883
403 283 16595
199 22 22363
547 331 26871
478 222 4420
481 440 28119
459 444 32594
524 481 5441
426 299 1835
264 154 29609
393 260 14370
484 385 27202
167 49 31011
568 563 21970
357 306 3937
386 301 26892
481 56 8940
417 416 19889
325 221 32261
559 255 19351
421 214 10278
321 3 26251
162 130 16782
490 467 17286
544 377 7109
549 360 27581
450 371 141
493 203 23889
546 482 30109
531 499 17398
561 323 9037
323 18 31002
551 543 6144
272 27 7529
192 155 30844
542 131 31690
494 459 27591
540 258 2023
110 57 4870
566 543 14367
566 514 3215
554 321 23807
500 482 2873
376 254 20619
557 134 13445
415 40 22298
500 307 30766
549 545 21718
402 363 12687
489 359 31232
565 528 18283
520 354 11814
340 77 28129
511 481 2667
504 396 5878
303 61 8149
329 299 12853
468 451 5617
517 415 840
562 557 25911
400 347 27172
441 228 29268
516 514 8391
412 131 7582
366 33 10664
502 289 6161
453 39 22000
535 349 15304
404 342 8568
393 263 17678
194 80 12283
525 59 22863
188 124 9085
285 70 15715
433 342 15212
432 281 16375
505 446 1329
492 184 12924
397 375 11194
481 265 28165
410 229 6945
550 471 20771
548 526 29641
453 204 16507
326 68 771
421 120 8819
507 466 11244
566 527 9209
503 318 8541
491 456 26736
528 472 5820
167 18 6631
543 345 26940
421 296 20473
182 151 15563
279 244 9813
451 167 15080
427 321 8608
381 374 18605
342 287 24856
444 352 27370
141 116 14194
457 54 31477
564 538 27021
197 126 25657
442 98 10487
355 60 10405
401 303 15338
538 281 11702
182 154 26919
560 454 615
491 466 18165
308 295 17294
557 530 24659
525 202 32712
549 432 29852
493 482 19950
386 279 18704
554 535 15826
283 246 13681
496 465 1132
445 178 28511
257 88 2997
509 357 17956
492 348 20911
428 282 17969
553 477 24942
410 28 26947
538 395 2227
563 528 31386
504 262 8101
566 487 722
533 413 19938
426 381 22180
343 125 4140
258 139 26281
542 297 15478
551 550 31466
492 475 12573
492 346 14117
540 454 26581
559 399 13313
565 560 9587
382 279 13612
531 513 29821
539 300 26728
547 536 13655
555 497 26565
471 469 21217
437 148 31983
246 166 3767
565 508 27848
229 59 29237
411 357 6441
411 408 16621
400 383 3201
167 63 8850
361 331 17544
559 398 23005
370 281 31861
513 209 1955
507 398 21977
566 100 23462
473 412 1595
533 518 16087
566 561 19828
456 290 21496
382 232 28114
553 536 20923
324 108 21512
391 212 27512
239 115 7509
533 118 26313
534 347 9621
565 563 16250
97 31 21020
566 522 6075
511 485 24814
331 318 4134
535 356 19342
441 216 9262
553 548 9161
67 23 31320
496 126 8238
564 556 18482
229 100 15061
518 301 8097
66 22 20846
469 366 16195
499 427 28586
358 175 27340
410 352 21649
537 372 15007
209 184 7037
539 525 23031
531 519 32427
313 92 22492
524 501 13582
533 387 22616
340 217 22165
545 65 25555
413 45 4782
220 167 23984
394 118 17
161 32 27808
565 563 28714
316 212 17685
156 22 7097
539 351 21109
219 158 24865
407 278 28315
218 197 8974
446 386 2487
452 376 13754
173 145 15396
564 552 24332
101 31 15870
458 156 19335
560 310 30724
496 455 19713
84 78 8658
442 292 31909
519 407 12704
498 462 9717
491 368 32650
276 220 24527
476 68 15581
454 332 23881
337 262 16049
522 88 1596
542 419 17101
65 37 21829
556 547 15365
527 91 28534
389 359 16941
467 52 2677
512 461 14713
475 371 423
269 207 15439
471 263 13852
389 319 583
554 356 25737
378 258 19195
313 128 6505
545 515 3602
506 500 22999
250 182 16845
350 133 17965
431 418 9228
377 259 8138
194 130 22582
225 51 31495
307 226 10514
247 205 10768
467 425 8502
507 210 27503
330 70 14125
279 274 30836
516 227 13845
545 463 12501
529 151 4253
563 556 7241
430 143 28259
307 303 4148
473 56 13969
564 524 19098
542 526 24058
496 456 220
518 515 7869
540 501 21172
550 527 24298
548 508 1003
295 174 24491
247 136 23808
382 9 13600
366 220 1585
308 62 26831
147 103 16315
488 164 936
240 122 22959
528 501 17979
449 367 26343
452 273 8573
423 395 16610
497 360 8433
239 211 22293
223 75 9287
555 539 20629
504 447 17546
485 281 22449
362 349 3189
492 303 21171
533 452 8621
401 10 6551
183 122 24676
437 376 23365
516 382 4981
368 269 21441
508 506 11414
547 543 3909
359 316 16842
486 278 9755
34 2 9770
466 450 23638
483 99 15565
556 444 862
405 321 5646
383 141 12316
480 466 22513
543 311 12837
549 109 32222
565 471 13096
536 534 26182
152 88 26266
496 324 18617
517 429 30437
528 334 4844
539 206 930
437 225 27708
437 211 21304
565 560 31430
270 11 31744
532 505 30990
527 519 24094
467 464 5672
557 465 7112
174 48 373
385 378 28012
523 289 27879
518 481 23338
480 216 22248
346 162 19234
498 483 26217
517 503 32557
533 359 10623
409 208 1772
283 29 19848
564 444 15993
362 347 25927
522 432 26787
331 203 12046
448 340 8985
215 159 15419
464 395 10407
429 341 23903
496 298 8646
305 93 27331
555 535 17023
448 29 170
506 490 725
336 151 17734
430 363 2199
420 92 29963
553 545 6801
482 435 8784
290 260 6577
259 68 16179
488 437 8414
535 525 26277
429 298 14564
333 186 11177
411 249 32447
446 247 28815
567 566 14147
554 64 10428
498 49 2472
567 565 50
327 181 15921
379 262 14308
380 222 16022
562 514 69
395 364 30708
141 27 25732
558 518 26660
346 238 10006
87 85 3288
541 463 5505
328 278 23974
493 438 7018
509 357 1328
216 53 22068
178 74 14959
282 81 11264
228 149 179
475 265 3012
49 27 23006
518 509 9057
503 237 25991
568 498 29643
508 451 30602
281 185 25221
284 71 244
169 56 25417
483 449 21443
479 462 4340
558 367 24553
258 203 12022
568 478 4945
503 443 5634
178 108 29258
170 11 3449
476 409 14187
559 419 1119
41 19 15606
393 284 27101
508 27 21457
568 498 22500
538 29 21516
248 115 19335
482 169 21661
475 260 29907
178 12 20822
476 435 21177
162 152 290
130 93 31013
495 344 4295
526 385 4320
495 376 10283
325 151 27719
473 455 16802
388 305 1712
485 3 22562
506 500 7553
482 476 7066
510 220 7953
409 399 9509
557 429 2667
503 102 14549
342 248 15141
491 430 29023
192 166 21360
446 439 20795
318 292 5324
513 480 29721
529 199 15761
506 11 25814
405 158 531
231 210 14091
248 80 24065
456 53 22317
565 215 20238
560 311 19037
267 3 27682
140 107 31772
487 205 889
491 369 12362
559 557 31787
527 149 32032
112 103 25073
517 55 23697
134 30 25267
531 522 24835
551 286 29413
554 464 25662
531 505 13194
493 309 23939
536 211 13503
466 374 4687
388 224 9309
448 210 30632
493 317 14639
382 176 29108
476 337 29531
302 116 21497
476 229 16302
556 552 19061
467 434 23332
540 35 3198
532 348 26551
292 34 1081
382 366 26170
102 84 27454
276 129 28817
445 155 3590
523 341 1525
255 123 10787
561 436 4737
356 192 235
568 471 25100
164 54 27603
559 145 31173
404 241 30449
561 555 13475
391 370 27179
566 538 9401
398 241 8525
564 550 24742
562 523 30945
423 287 10407
549 537 21054
451 206 2859
495 122 31942
453 78 10530
541 273 25497
289 167 26190
120 94 8626
225 76 25342
524 420 30723
477 461 26337
554 468 17029
367 152 15604
405 328 21986
566 286 11776
504 471 12537
121 105 28577
311 296 26391
538 413 330
515 499 19075
350 257 21926
321 134 30009
415 167 16023
542 451 15363
496 491 32751
456 149 11372
448 334 28192
538 451 20885
557 286 21078
362 152 14926
427 413 30661
446 201 468
484 422 11253
451 40 19034
472 432 21047
480 461 19092
441 412 6432
503 272 28938
360 27 28420
144 58 4585
350 3 1998
541 62 2160
238 126 28292
539 376 26708
549 342 16060
536 22 25403
356 184 15733
543 527 23074
508 117 26367
282 153 24082
326 36 9096
366 319 11827
452 192 3173
568 564 20641
545 409 9264
300 213 24132
567 545 14094
531 176 31684
496 415 32426
525 375 23832
491 483 12102
477 411 25545
390 193 16401
525 515 10927
502 405 13034
559 180 16077
379 281 5209
431 51 9936
563 155 19631
455 432 23605
566 490 24931
516 462 22971
434 255 383
562 561 13545
413 164 22522
363 29 27089
282 269 4088
371 362 11563
493 483 27364
472 336 30871
419 406 1427
268 256 788
490 244 12422
493 336 29077
420 410 21129
550 452 26345
566 555 24452
526 398 11244
462 72 12662
410 318 28057
457 448 9894
558 544 11152
489 470 32047
559 558 3620
385 24 5121
363 193 12315
325 134 31715
491 376 21738
542 532 8031
482 32 31431
492 433 18808
539 519 24037
561 485 10878
541 417 29706
554 533 28526
90 16 12219
461 436 6247
533 493 26525
565 505 16828
558 414 21771
403 155 12338
332 303 15011
548 454 22877
522 477 5283
486 353 7468
453 342 17048
518 379 21361
550 489 14586
242 83 28475
548 421 12519
436 252 6268
240 102 17228
529 241 2900
549 184 3546
389 354 17283
