492
17992 22553 13884 2560 2389 3042 29000 28131 21983 6130 26968 23865 31884 21534 31094 24372 24278 30414 11775 17 1049 9659 8789 2039 1258 1014 26325 6435 16555 24877 777 31042 4444 28202 26654 2590 29108 6812 26520 13693 18801 26 580 20550 21484 32357 9070 14566 21744 27885 7253 13554 4044 1431 29660 21006 13479 27838 24194 19981 14356 31352 29332 19034 18663 10522 27810 20118 22598 19710 6191 24194 26627 31107 12460 10016 4905 14166 20136 1813 1236 28656 13633 30290 20806 12896 5086 4339 25912 13643 4128 18791 32622 14897 11285 1490 26766 13809 23727 11439 23858 25232 25717 25786 24124 7734 18041 3085 23402 15225 25994 10889 27690 9950 9130 25463 2735 1437 5571 10863 1348 12709 8085 16249 6624 14048 3059 13939 28667 13752 29999 3507 25761 20186 4563 6125 23749 31802 14737 15702 4567 31575 13949 22537 3225 11456 13946 12202 16942 3287 28914 22602 1907 10709 21707 30859 20115 15118 21142 15109 25302 15735 5897 28392 5818 14693 18863 7138 6213 5527 9182 3395 24473 7031 29674 6239 27593 4253 24728 8755 16875 2453 213 10316 25199 23010 7080 20709 10415 17730 9318 18000 18630 22068 18213 24983 24486 32184 6514 26722 18789 24662 17223 25115 12760 29793 13367 18513 4963 21885 14572 5722 6159 29023 1235 31805 4317 29140 1046 14543 30555 2053 2507 24347 11636 31993 11883 2823 28556 11099 29317 18741 11469 18046 31155 13864 14779 4766 29134 6312 4367 29289 31326 31591 5826 28093 8276 2532 4456 5556 16892 13456 19903 27102 28461 24624 8328 8909 6595 9346 14997 1495 10830 24099 804 9751 19724 6064 27755 14005 2837 3627 30324 21095 982 21665 21547 23608 23232 23306 26294 23945 11585 23665 772 1365 9460 30805 13737 11449 31253 31566 30953 1203 31287 6900 4370 20778 26425 10492 784 21806 17014 420 22843 21634 22588 14674 10867 20055 8064 19831 5999 21851 16847 23738 12882 10482 24456 10835 1151 29635 25673 28852 9903 21367 32679 18287 8001 3517 5666 8276 31441 5778 15959 8153 21259 19391 7800 21696 14273 2467 15866 4851 11836 32050 8077 30131 15056 22334 14161 19697 10419 17654 4423 31228 1040 20908 15366 32605 31318 5595 19375 18431 5334 22376 2338 27028 397 32552 8562 26163 24126 1955 27031 12614 14789 18711 2659 31651 16295 18112 10424 2809 16877 24919 24055 8302 5427 4825 5307 12934 29436 6025 7624 32327 22088 10296 4414 13211 1641 10692 20499 16629 17426 30175 14783 567 19633 8465 27193 22228 10238 25088 5155 25393 29652 32240 19265 338 8769 24198 21296 9394 24025 13521 18005 13682 2127 19851 10515 9910 1862 31387 15681 19533 21348 13791 10715 13200 32168 24873 19191 908 7934 18311 15867 10339 26129 17352 32270 19951 14177 12347 9420 28073 5013 954 9022 29641 14354 16359 1801 16303 11724 5302 8165 898 14940 23852 6481 18199 26452 22886 23686 4628 5071 18908 20137 341 17484 20455 16196 19342 9404 14209 6903 31026 28889 3660 13931 21396 
4009
400 89 20301
491 425 21224
477 361 9908
480 476 26832
419 38 27197
349 262 23441
403 89 14933
456 6 27366
486 479 16639
458 443 1588
328 297 16541
97 80 14260
427 155 16208
153 67 24482
483 475 23175
464 350 8190
375 264 17851
415 352 16336
423 269 30013
477 236 1478
441 191 27175
482 461 19669
448 386 23705
218 31 3147
491 322 11879
302 218 25762
268 202 623
312 310 30428
355 212 32041
333 46 19193
340 157 2976
461 146 24382
424 183 11355
407 126 4604
347 298 17281
242 124 20767
447 349 28183
172 68 11067
461 231 17996
234 127 16423
336 186 4758
479 478 20819
