430
10380 10813 15433 3192 26086 9442 19082 9323 7724 8940 26131 29210 12416 25867 29351 6350 1879 28398 23559 12498 1823 19289 6584 19495 20518 22136 8199 13176 22455 627 25163 28496 7302 19010 19050 29067 31309 18115 18846 29451 24760 6665 26233 22956 29055 9463 27687 14969 18897 15118 7924 19488 31481 18564 6669 23971 30268 7830 14987 9553 28672 23071 15277 31733 32308 6248 26725 22605 30187 28226 1559 7869 19530 21842 23709 6469 32421 941 32654 11185 17893 24997 15552 6159 6445 4578 21515 26470 17341 16308 23632 19109 4630 10151 31162 2010 23134 3672 18756 18340 25607 6536 9596 22251 29356 16239 10374 12494 30779 16466 3939 25821 12889 24152 25204 11657 14082 18330 1849 19160 13424 26233 8031 30046 26687 3124 22778 32104 4558 10682 5135 27258 25576 2748 341 12028 14756 18183 7740 17456 4745 24081 12847 16999 6646 12497 12566 18805 15809 19924 10016 19810 6175 17294 4543 7010 12484 27886 18932 11015 22859 27701 25548 4022 10455 18439 10027 7768 23291 24258 1480 6993 5591 9232 12921 1206 23428 23736 15793 19642 10931 19642 23366 6250 4752 2970 13688 22171 15853 29436 28976 17184 14748 23409 18309 10816 31260 7057 22660 103 25721 32074 6961 8731 24173 7543 3785 20530 10699 27060 4426 15426 3869 12401 32565 14682 7052 30534 147 25839 30209 2950 10038 23577 3978 279 16961 20736 13055 4993 2795 5264 14309 7492 3711 26741 23698 6511 31143 11587 2962 25454 10475 16628 4170 10532 8821 8600 32475 17210 23831 10312 21322 26550 30863 28764 3037 27343 19209 16094 17096 511 26597 32318 2824 15707 955 8774 5264 11040 22940 2129 23459 22926 30107 10168 26497 11001 2188 9870 23621 12317 10508 9869 25614 31922 9666 24143 13149 10816 19684 21186 11454 32053 19708 17622 26539 24629 4844 10104 7853 10673 18735 12740 18628 24507 23651 24950 25097 28184 10500 418 10130 663 13947 2470 19094 930 9047 26716 24273 21779 9946 3988 2090 24393 19383 21441 11156 3194 18458 29682 10034 12362 5865 24068 21950 3485 13897 790 24875 28330 12133 20542 10377 850 19307 8058 15658 31151 6614 13546 15107 1263 11251 7228 84 18019 10654 31335 2188 19667 9037 10140 28263 7701 17745 9593 22873 32477 20568 17793 23087 27863 31541 5065 31476 32499 8676 23027 1553 8193 26056 20064 18617 22397 9016 17314 21636 5292 24634 27696 1114 12264 6286 1630 18579 5687 2799 1164 32348 21283 27541 1437 22109 27846 8190 12715 3737 17957 26606 20216 917 31679 6069 9000 23740 28261 18352 29870 22530 28747 7442 16517 30920 18528 4068 30752 7679 32731 
1065
240 98 11798
365 292 29436
409 347 22033
115 42 16969
396 58 16815
416 291 11491
419 409 24918
176 132 18616
304 159 20581
404 368 13333
372 369 32434
416 278 8614
390 134 12369
219 65 13949
246 157 26655
428 424 28194
297 283 20987
420 409 6796
