453
20083 4790 20037 9858 20805 31229 31359 26600 30224 7905 26439 20342 29936 17372 19645 30236 32551 8445 24391 26871 11886 26089 22918 23412 32393 7456 25225 17591 1310 21633 9280 27710 23495 12049 9779 10689 28774 17400 16499 23645 12217 28364 15057 23794 15918 29970 27727 28618 13048 9474 28372 31099 2402 20875 15140 31502 15459 20375 16654 6496 16499 22672 20456 13257 20382 30243 25400 19964 15319 23364 10164 20782 15246 20082 19565 26747 25733 2364 29767 31877 18655 12548 23468 4702 27258 19715 1665 4520 30846 23949 2649 13818 2870 30870 18665 12166 21023 3958 11965 14073 26687 16873 18985 6307 17080 25178 20097 31448 28061 3937 22412 25494 2820 1674 311 16743 18525 5208 10119 31625 15874 17801 25297 19789 27919 15772 5165 28861 20339 22161 5672 23681 11847 28144 26041 6404 12895 780 22391 28882 25375 2697 11528 69 1936 6940 7901 26720 7603 22418 11804 10491 23574 14868 21214 26144 29092 9385 23195 7350 30657 23292 2786 2652 19095 18784 23630 19608 15274 15633 25013 31537 21171 29116 12194 16857 4267 6210 22534 15631 26918 15034 20010 7748 26082 8629 18152 23357 10400 7877 26907 27832 16178 24640 25172 24658 32214 12865 13263 16808 21442 20720 19365 7869 19968 12291 15938 11164 15484 23429 13338 18750 11612 21974 24472 29613 12943 5876 3927 23402 9641 4344 12437 11788 24046 24036 21989 21035 3244 31387 5667 6780 13263 13105 22445 13373 27311 9317 23504 21716 25900 30316 7809 27315 28925 13553 24142 21886 23877 26713 24724 26992 103 21579 17905 16891 20508 32624 764 10158 16323 26743 20788 3420 22776 3165 11319 26747 16999 8683 12085 26826 10466 11904 26275 21303 16050 22544 27188 1023 17707 6253 21253 23575 21636 13765 25111 7627 21989 9324 27395 31909 25536 13788 22249 25744 1125 14587 21418 15421 29393 28572 855 9926 27079 32071 16361 2193 9507 13117 18226 21368 3434 23991 25363 24102 16805 30319 25072 19140 29552 24673 29537 16598 18766 4307 15658 32351 15167 18835 15470 1100 7573 18560 18207 25103 19971 4171 16825 25739 14071 11903 23856 11312 7465 8895 28966 28263 27508 19279 18018 26160 28902 31447 25982 14345 17683 7011 15839 19731 18094 685 14571 26992 26714 23455 3445 495 16317 18708 26492 5355 2774 9695 14358 2672 8081 1550 16807 24480 31129 23920 13398 8533 23150 28500 28354 31240 12215 27540 14064 22258 13273 23762 32649 26736 31944 19458 3394 428 27934 15656 4251 7034 15210 26979 1996 32384 970 23083 31996 22682 6076 18903 29877 16765 49 28002 8341 29338 26083 2926 10822 13893 21481 1161 10928 21014 2184 12464 8556 28815 18509 13841 124 19968 26456 15637 8250 11432 31995 9630 12175 21533 30084 8590 29797 8174 30294 22664 28767 24966 18495 
967
414 142 15365
281 41 19240
315 81 29152
407 401 24201
310 275 10736
400 392 14216
400 270 9791
412 89 20637
340 339 15591
300 276 12816
298 151 24781
242 141 10277
258 177 3332
415 320 8883
433 298 229
328 159 8526
338 319 19571
231 220 1431
452 195 21430
306 69 198
263 55 30457
451 444 13883
420 326 27830
289 59 9544
117 41 5897
425 415 11534
396 206 25738
422 342 22352
429 386 14726
420 318 11741
328 253 21584
350 219 11214
261 225 2202
405 372 9621
187 128 19787
436 392 5569
168 102 21259
238 179 12756
262 183 10965
453 450 3208
399 382 17218
422 420 21963
68 5 17607
370 147 7931
384 328 16444
375 69 11127
365 186 25646
179 111 25837
410 258 7240
356 240 2799
323 115 8089
282 1 15616
398 190 2288
312 28 9326
208 205 19604
192 85 28327
439 402 7340
56 44 15464
211 127 25140
251 26 3615
322 170 4784
427 400 8385
404 377 18371
359 238 24199
323 306 20266
160 81 24346
434 151 23134
345 194 22173
234 87 6322
132 75 22069
305 180 7703
156 62 29438
416 409 32493
299 72 10196
398 168 13925
387 372 31803
53 52 30234
409 396 12046
439 240 20253
418 285 9442
271 28 14762
446 440 18040
449 279 19624
388 43 23690
361 93 19977
445 399 28868
414 262 29278
270 195 8218
139 111 4826
424 40 22044
407 144 30426
330 223 26808
347 145 13325
411 377 19283
439 415 15040
392 291 22475
115 110 8335
369 246 19901
253 144 342
433 205 13745
306 86 32445
385 175 23963
385 197 27557
288 177 15982
182 30 2845
428 406 13159
118 111 27058
445 434 25317
389 340 26594
369 256 28372
324 270 32372
78 8 1667
446 433 31494
442 436 15679
419 326 13370
438 423 25078
139 98 15726
430 124 29171
419 294 6034
354 77 6094
445 340 6193
450 441 10769
163 51 27597
419 246 19142
270 171 8613
94 11 21174
346 312 27250
430 355 14288
260 186 27643
415 314 1647
398 237 31592
367 265 30401
362 295 5395
162 50 2147
399 48 30402
354 165 21872
450 422 4828
362 143 3294
335 248 24773
81 12 28197
342 222 3108
294 286 24954
211 193 13031
308 209 23440
402 309 14220
268 106 3699
358 131 6521
239 119 26120
298 149 5917
423 398 23323
399 398 20253
378 11 9421
418 180 27751
182 169 29839
368 328 27945
372 353 20568
228 163 21849
379 96 19600
391 359 25565
373 278 23527
90 87 1684
444 442 2846
173 42 24625
354 188 2412
368 223 18026
58 39 5656
227 65 16746
312 197 10664
150 115 1977
434 397 10495
367 140 31554
422 411 25947
361 360 2511
238 22 10002
361 215 30041
438 263 18552
434 336 20998
209 135 669
371 345 28314
391 229 7710
304 165 11695
156 54 27417
357 225 13089
361 80 5367
366 356 11455
413 406 6389
41 11 13391
261 151 26638
219 202 32707
436 421 28683
403 181 20859
252 93 4522
416 204 9174
263 18 27307
444 437 22356
418 412 25219
386 181 6391
179 21 25567
453 345 8808
414 144 23280
407 230 4837
453 445 7624
357 301 17821
398 112 32299
252 188 30629
225 121 29364
219 111 2738
406 109 6692
254 94 24120
335 122 28214
312 309 25475
368 319 31554
28 26 21588
427 418 8075
338 126 29771
378 303 18569
449 416 5441
321 100 5785
446 442 7662
423 319 9750
445 438 9389
401 110 16057
325 269 9523
406 151 23663
206 42 11502
391 162 12137
403 297 19559
409 125 20844
401 372 27480
440 368 31153
432 128 31701
452 451 20287
403 399 19397
340 75 6368
352 68 14235
147 89 63
448 187 15735
215 200 5111
422 184 19114
434 387 15575
443 20 15236
229 44 3552
371 34 2337
225 211 14381
433 325 25552
450 414 18699
352 65 15799
186 170 3468
434 186 12518
305 206 10214
409 222 66
418 407 28037
240 100 17531
230 191 31995
346 18 21386
69 37 5485
229 127 15710
408 171 28151
81 45 7015
209 78 18801
315 308 1218
324 121 20613
452 446 9878
382 353 3792
439 359 20723
249 28 9337
447 432 19610
379 15 14043
445 341 23158
286 47 2899
440 76 9860
396 393 22512
180 19 15302
447 418 4024
435 125 973
346 329 20614
355 327 20046
281 255 21587
443 143 31526
337 251 28318
373 357 6349
437 358 23700
398 46 23341
224 52 30088
449 448 22657
321 268 16531
441 423 13352
186 180 1463
447 382 16200
426 393 23728
406 387 30410
448 423 16116
157 148 2659
377 251 24027
192 150 28663
448 445 615
358 311 20923
286 167 773
284 41 5492
371 328 1746
256 169 16374
328 120 28724
450 192 26364
385 320 15151
153 56 25662
407 267 21229
328 8 14900
321 145 7277
170 13 6392
105 56 11059
444 435 16740
449 331 9975
258 105 22414
361 294 15801
451 353 11433
383 310 2200
386 56 6411
420 133 15533
269 127 26726
359 330 29807
453 391 23003
380 349 2102
131 87 3270
429 167 8808
142 86 20874
287 138 7543
374 141 3698
412 65 13981
373 350 20609
410 303 28963
418 410 31114
394 209 12325
451 409 20401
413 362 8439
417 330 3593
298 286 417
451 1 22935
435 197 18494
262 41 16169
417 365 3390
411 379 26102
446 282 17835
441 433 12395
270 215 30618
319 79 26466
318 213 22922
450 423 22619
241 78 5928
395 234 3682
450 375 9774
236 177 17041
358 47 16455
392 351 4629
404 358 20506
389 5 13506
369 218 22347
403 321 14251
385 373 10528
328 320 5492
123 103 29315
313 241 24210
234 52 19287
317 16 1454
441 436 7860
217 142 1592
317 75 23130
348 234 2570
326 102 2413
401 262 25994
271 160 3854
196 145 28388
370 284 19678
303 73 15750
397 313 31809
294 202 9670
431 430 25207
350 208 21339
417 393 1651
414 54 20346
327 234 17557
238 54 30843
348 306 22431
342 313 21560
262 158 10371
292 283 15229
62 48 12214
433 235 3907
233 110 131
347 162 13608
453 424 8541
451 416 4488
215 161 6977
402 373 20310
451 366 14678
341 192 13888
332 257 12116
321 287 24475
44 27 10007
453 154 27043
71 16 26389
369 154 1862
405 329 32236
428 427 1858
338 230 7713
446 79 32331
396 196 9066
280 87 5670
288 52 22174
362 224 31835
438 258 28889
386 21 3372
447 429 9356
437 306 20342
376 102 7410
440 401 3068
387 304 8332
310 192 3111
286 280 18397
325 65 27803
451 279 12451
313 141 26956
383 10 2628
406 400 26741
273 247 5789
350 204 23286
427 111 7329
349 346 17130
250 125 23015
260 140 12715
365 346 14450
373 300 28396
239 94 2971
453 403 27470
326 242 10318
449 129 24990
436 353 27550
431 191 31232
305 27 14238
425 284 12099
440 392 27168
451 141 31604
204 145 22458
280 268 7264
340 336 7402
104 2 18593
348 327 10885
416 249 4797
342 247 17272
203 176 31050
314 308 11285
435 394 29295
439 430 6787
432 376 25525
215 126 12026
416 372 24148
209 99 24449
246 204 21611
437 435 14508
224 222 1218
386 355 25383
433 265 8305
412 244 26747
259 43 21011
271 255 21638
375 369 26579
243 137 25647
392 375 13583
392 147 23435
433 415 14586
235 1 302
334 104 15189
434 347 47
445 388 3481
383 30 1563
418 387 18845
430 349 29625
371 253 24785
331 263 23587
68 67 17486
430 404 9776
445 436 20452
449 326 23234
303 184 7379
439 330 15185
429 407 12088
444 243 25450
437 432 17048
338 99 22970
137 107 2860
369 47 31882
202 38 22620
373 370 19148
388 253 5729
427 292 13951
396 95 17874
380 357 6965
421 369 2351
435 418 8078
70 39 12141
361 313 9660
265 47 2176
414 409 24775
273 94 23564
439 434 2458
273 270 7269
391 145 8995
389 46 28178
123 69 8503
393 70 2379
291 121 23419
385 345 764
449 443 25180
361 312 10508
411 386 30655
450 446 9570
395 333 2466
381 374 26126
453 452 10856
235 232 2639
440 401 636
86 38 31288
151 18 24213
406 379 3530
148 95 4631
307 281 26883
210 150 11859
440 434 17703
222 211 29741
429 355 27429
427 130 3646
373 343 13616
207 3 9232
265 104 9349
404 286 19747
446 299 26902
453 447 908
270 228 30681
400 39 7338
453 434 1114
429 418 14589
450 426 24600
364 326 20319
453 439 18800
296 173 14718
336 329 435
323 315 22533
425 331 22700
141 102 12049
356 303 30913
110 30 29439
279 5 31168
251 85 26852
439 191 7143
439 328 28167
398 16 6313
370 287 7766
438 365 30790
404 177 10049
271 170 10238
393 129 17014
153 61 32
427 344 12403
364 309 22629
367 158 20226
175 152 21893
413 336 17948
308 192 19081
367 200 29973
439 390 14469
400 241 13331
385 286 21469
420 130 19973
433 262 177
175 36 3283
395 310 2060
297 160 11201
240 91 8989
346 329 30531
324 239 13849
169 89 13904
414 355 22799
266 49 18224
447 183 1624
146 140 7450
398 273 17780
108 4 503
433 361 23055
423 250 23132
441 145 21414
382 137 11371
391 376 3275
240 124 15460
307 235 26860
442 363 23470
427 258 13685
371 232 23422
407 328 29752
383 112 17768
354 248 8866
389 339 25175
431 381 15842
387 351 11210
400 347 26098
328 177 31516
278 164 30504
373 26 24152
364 203 879
350 248 18717
419 390 1024
404 49 24459
436 389 25090
382 82 20593
444 333 158
311 176 21242
200 177 26107
89 50 15672
360 180 14050
444 424 5299
363 340 8768
384 175 10779
173 126 29219
391 371 22143
393 295 21741
447 407 17248
398 12 8724
450 414 27533
267 244 6409
175 103 15533
202 56 12077
374 301 28984
258 250 21773
319 310 12810
349 345 1187
423 3 13039
282 276 11154
445 419 20127
310 82 28946
384 322 5293
437 283 30346
450 443 18467
387 255 8063
155 36 809
453 130 2811
290 194 17303
315 152 10783
189 163 13391
412 366 14884
377 277 28928
307 303 30043
193 176 10417
395 1 9688
397 32 7960
208 206 13506
424 334 21455
420 394 12817
362 276 22147
369 285 18718
367 325 8233
354 123 26731
445 435 18051
396 243 13314
438 430 2154
24 13 16118
420 406 8234
204 168 19924
308 76 8413
