774
22704
11696
115
30293
24544
16536
2459
25472
5045
29536
17837
29767
19367
24818
16385
12913
9972
13793
5096
10460
11926
6805
15935
16063
21363
2217
11588
22579
7381
3985
680
24562
6937
19584
15333
7774
29355
6536
13521
453
4914
14340
14451
15331
28423
31283
5142
22696
18156
12325
24733
12860
24059
23515
30230
26177
10716
28842
15762
12376
21307
8672
21811
19942
6777
1194
14982
20248
29858
2357
28435
31012
29856
3860
19251
7634
21678
6370
29474
3132
13327
25384
8789
32465
23807
25216
16654
10912
9962
27899
30765
21460
18652
4801
14153
2938
12345
27127
24831
31371
12206
20966
4490
24102
6759
29017
13204
6429
8066
29766
22348
32435
31172
19633
32697
15012
18315
31438
23118
31334
7940
8294
5310
15279
12958
25467
17682
25655
6591
25647
6136
1727
4533
18914
14686
31058
19183
11163
11071
8395
5741
22441
32445
5527
1909
16010
9073
1468
23944
1291
16639
30746
19092
433
20205
21745
26987
10584
24245
22436
30836
12058
19480
19901
11424
23410
18358
18224
12448
24225
28636
7140
9302
8785
27549
27247
12425
24185
15396
29730
732
30080
14408
31301
17921
23461
26209
163
27178
3486
10330
6474
20928
23167
28168
7564
13912
1246
25018
30793
23011
32565
17170
25969
22564
18311
25619
19140
11368
9799
31866
3548
16241
21621
18258
2926
4531
19722
7875
5069
21955
19862
2603
4271
3852
18984
29296
14388
2244
22638
28820
28964
14622
22045
27273
19576
25793
20115
29255
14365
5754
25532
6941
20212
16173
15922
14660
27165
4626
18600
16314
22389
28957
14984
12365
22877
32190
13787
20982
21438
8651
31850
8553
19018
9403
34
12266
5124
8468
21181
25698
26626
28198
14495
21170
10097
20986
25342
7495
2267
3974
5446
5359
2213
9506
14780
2795
17116
20288
10593
2373
6705
9047
11033
25956
20545
22304
28172
24797
29466
2053
845
19596
17403
5847
6842
25060
31580
27583
1827
18051
3630
13943
19886
28169
22628
32441
17529
20011
20658
6392
1154
6403
10645
21327
12996
29098
915
28343
25763
20233
5316
14460
9098
236
27025
22514
21459
2904
8892
9316
743
19487
21665
5965
24742
7857
27579
11978
26633
29237
14953
21584
31493
1497
5106
7066
30131
16230
6343
28134
31919
20503
6153
30049
2750
7083
10827
23776
435
5561
27033
14288
17043
2372
27321
9840
4343
32399
23472
2622
17842
13106
27529
24238
5300
22638
24401
2594
27182
3006
30822
15127
8951
15790
4082
9628
9263
31472
2994
13577
5666
19373
4092
1517
18030
7449
4864
15432
30057
26954
13646
2555
4797
4426
920
31100
11605
7531
1465
20686
6781
22490
16119
8369
6212
30071
901
21526
28453
16612
18252
21461
22247
31708
18924
4770
8898
27335
17405
5438
30915
16011
31130
19178
6258
20644
22048
18977
29873
25975
30003
17798
9447
26851
15618
19740
29022
22810
28108
12213
32490
21423
19108
4269
24012
30960
16241
1495
32725
6517
10296
20920
22991
25081
7582
3571
13336
31081
27304
23045
28304
17723
4038
25138
15285
18433
30480
21183
5901
20030
15823
2914
31429
23928
14143
9975
6295
6542
3219
11124
6641
5196
7738
30239
11091
15165
2657
14335
22264
22464
31929
5776
29370
21854
11130
17595
9520
16987
9640
10244
17945
16011
22165
24070
7677
19559
25255
13852
18705
14432
16731
29538
16732
2676
14474
27356
21528
13822
7403
20980
1627
31698
31706
20778
11510
12937
4695
12039
15261
26906
13650
10066
3913
6059
3878
17031
14299
21158
22115
16773
1282
13326
25040
29063
23134
28436
15792
31829
3814
16869
9797
2236
23431
14791
2963
16187
7437
32100
614
1791
27975
4453
18070
3858
22374
19267
12938
30671
11175
26202
20475
12441
13874
28480
26106
24012
23873
31060
10293
23284
27268
21146
27510
11581
965
10694
876
31275
5832
23190
11694
22155
15477
21605
11773
426
22328
20222
32713
24772
28841
16814
16631
20159
6760
20637
14818
5145
22091
9309
9888
6944
18876
24516
9606
13409
16476
10231
28398
32610
16877
29384
14903
19348
16238
3906
29710
1411
7047
7297
10732
1104
4648
25288
20192
19297
17262
17101
15759
5207
26054
12119
7033
13632
25428
25867
382
14094
26262
21635
3488
12361
6724
29345
16906
14336
8315
25379
21842
1285
1307
12663
22523
3418
12142
3024
21310
14822
5898
13433
17673
620
16376
7530
7497
1470
16917
25113
8293
29230
24505
5010
21258
21062
28567
2762
21294
4537
7652
13616
16975
20120
18620
3974
9468
19145
31681
17135
23447
4534
20229
6217
6233
9794
11562
13756
30358
19713
17607
23187
5955
18088
10510
3403
26293
3778
26028
28650
28587
29349
2545
11923
24463
5285
28465
15446
8185
12167
15978
21068
10613
11833
31014
25828
29574
27584
2467
888
9707
12145
7730
22052
28448
14692
21469
11735
9256
29478
29772
23210
3466
6318
19178
