705
26364
29765
19073
10295
7619
16710
31164
6408
3082
32642
16912
23602
32342
17534
12733
6791
16259
8116
2598
110
14507
19174
32469
4313
18505
13489
26046
9335
5278
6501
15560
26922
23892
7700
10377
30139
4194
8681
20561
17869
9775
14779
15211
12815
2298
2530
5023
14518
2937
29258
28923
10795
12992
16582
4820
3584
22373
23974
10759
21545
25058
9867
6276
9833
9786
27514
18958
28170
8928
16944
2620
25041
9940
9141
31684
12337
8975
2100
5368
6591
11041
29962
17809
4070
26905
12573
10668
11228
2213
4975
28178
4564
23930
8179
18876
5238
18678
26271
12439
11404
8964
22722
9092
6398
10817
2200
16803
15104
16221
1819
32465
650
28611
21533
9071
32520
4988
5268
31078
26708
592
821
19047
13281
9263
20292
4984
2617
24784
23978
4524
12457
12952
8264
3121
15162
24765
30603
32656
6884
9387
21056
3633
23551
16039
32682
23070
10490
15794
26578
11272
25935
32432
7711
2959
29878
9929
550
11454
666
7440
25283
22229
24009
18274
22377
10316
15471
3729
17334
23572
31813
28098
14667
29728
13062
4372
11226
27940
8995
18307
11136
24477
26807
19467
6486
12817
29373
10768
2627
16536
7297
16637
19476
7579
31572
11052
16590
20444
13444
3078
1090
12726
28555
2411
4067
21927
14471
29780
20693
5131
26346
25782
25670
9770
23667
19626
28161
29301
12381
18124
15680
28173
6870
9184
13250
14213
13490
31676
8990
20201
24417
17762
5207
3839
26910
14956
11696
19404
16746
2477
10946
14938
20921
7445
6859
1465
20075
30421
22857
13636
5117
27076
29896
18469
25729
12545
30712
10780
6475
10970
18690
25980
7406
15085
4892
13942
16743
6029
28252
25497
18071
1640
14793
32666
9463
19558
23480
30801
28807
21716
23638
5893
26631
21441
3713
21993
1130
26536
15068
12006
7304
32336
290
18331
28947
241
25530
7843
13516
2968
12684
7702
25846
13260
16916
14162
1547
8818
14260
27643
6319
1262
15439
26688
23266
6539
27667
4704
10617
23325
25238
13165
5583
4069
7717
7505
952
16308
11609
29198
25526
21843
23274
28746
23920
28451
19400
26890
32351
8961
17256
17086
16587
14700
604
11646
32502
9194
29479
27795
9879
12967
6479
22841
16521
19808
30388
675
8389
13183
23327
3904
21134
1928
21022
17213
5355
10675
8976
20555
31578
9691
6012
21154
1731
14486
31655
8005
19115
12198
3429
18312
29354
10640
19759
30160
15391
30858
25974
1947
14370
11418
7223
2240
27066
2301
720
29687
5200
26822
22546
23707
20068
22215
20631
26031
11391
23732
14677
10784
6249
19846
10356
31305
10395
3870
12381
4796
3063
10027
18708
12352
23991
3917
25543
9494
30116
5243
23719
21377
2184
17826
16118
12677
11493
13710
3937
14830
6119
5134
4241
28308
9880
25171
13821
20446
1875
18074
14594
28037
6011
17163
1077
29850
18796
21472
26872
24267
9906
14537
21323
9954
17018
28047
28645
9870
12357
5624
30852
358
21220
24812
6785
16683
6048
9941
11175
1869
29113
18252
8517
30641
10770
2545
32130
16562
22314
1690
9969
25702
4430
22705
24165
10018
14093
8663
18183
18240
21997
8141
13477
25119
2908
22933
13389
10860
29161
10196
795
21408
28340
7291
26447
22218
29475
3494
8098
29839
1751
18373
23771
6255
11743
11001
31133
330
32555
14273
25731
21282
32579
20181
28783
30242
4921
10322
32542
26335
8155
17944
14848
23519
10542
25968
19783
25688
1560
13299
22846
25657
31837
19367
3549
4462
22733
14954
9370
22112
22459
6292
11393
15804
29104
29400
23687
19318
24673
2923
24604
26381
28639
13928
20991
15120
28686
21876
22870
11745
23128
13982
7422
22457
32674
23176
288
6636
21119
26060
25349
15215
8612
16793
18219
11927
22173
12189
11672
25635
3262
21800
110
20349
5211
398
20672
61
13884
13261
21924
29935
19275
9071
24969
2838
31888
20658
16843
12401
16223
24551
15493
14716
25040
17432
8359
314
15216
31981
7240
13874
22070
27600
19773
30903
9145
1104
16362
11885
4767
23491
20568
12041
6233
23600
8584
11864
782
7788
7943
1923
10196
12162
15555
19857
16678
17752
26909
17709
4499
9872
25919
11178
7859
18861
30640
28484
6239
28535
11557
15529
16417
15520
7067
1464
25834
5799
23458
25992
18179
18429
11260
1452
30790
12135
29542
26805
3214
32419
5302
15865
11884
19534
18726
8851
27676
32005
29936
29611
20663
18379
10779
5624
7593
22954
