725
25318
5878
32381
6647
31179
2617
13600
7174
31730
31755
17177
25364
548
19615
18458
3859
28506
19100
12674
3067
9088
10959
9020
26395
19322
10268
26596
3756
29285
24507
11308
12204
14367
15777
2431
9706
20745
3387
9188
12893
13067
610
24356
27577
5081
20108
28463
7492
7285
5695
18364
2022
30198
23244
12080
14720
4999
11321
30913
28287
23986
14207
10715
12721
8927
1270
3778
11863
28951
31501
634
26747
15630
31038
28132
20356
31329
8001
16937
24327
2332
5248
29275
16864
7295
25548
12378
11138
32514
16206
28917
23435
22422
16576
31570
32668
21550
31197
1936
26471
23934
26901
12458
16137
14338
9862
15775
17307
13891
23848
1488
9731
24662
25671
29865
4112
13477
3383
28803
32711
26098
31043
10441
27895
15000
3046
3930
27924
28948
19774
303
18753
19909
20669
25150
15023
13808
29730
12446
16678
31751
2727
21227
18401
16683
18556
9708
3231
4079
629
3443
31991
5215
5632
3205
32236
5441
3417
10427
20929
4762
21505
7400
4111
11636
3948
7932
25620
15583
28665
15657
1358
13366
3624
5700
7752
16035
10248
29037
5557
13285
21230
30962
28091
19025
30060
7281
11665
10775
7553
24125
2380
17863
1806
4099
15350
7188
26249
17070
18401
18135
19445
28039
4410
31575
12818
4257
1761
24519
3537
22132
19832
23056
29194
30920
8379
15313
7025
27861
24335
28580
30919
6824
29533
2980
845
9160
4384
27948
31614
32026
30397
16865
24061
24578
10772
8690
9421
22219
25428
8094
10432
26697
6675
28663
14130
9916
26782
4326
12278
9720
14733
4208
16273
7363
29595
22839
2470
13695
6069
10308
22450
21001
1361
4099
8186
18144
22785
11407
30913
20874
6472
27952
19389
20019
9644
5923
24012
28824
7180
26009
32484
1059
10292
27393
30280
30551
29103
6026
32514
13935
7132
2276
26765
6466
3141
1863
12242
26730
27435
21431
9302
15781
4710
11142
28081
17275
24172
9498
1346
6178
5551
18929
30753
22430
23084
4577
1365
4396
22848
9125
27719
11233
11710
32405
32631
32399
10304
29109
20334
7912
29114
1009
500
11238
15445
12711
10626
5994
30330
9062
12538
13091
13356
16886
12182
1201
17052
19352
14622
9482
6647
20110
32351
12061
8579
11486
20952
438
31210
3412
25782
22690
16854
24006
20483
275
2237
19099
15898
11590
25599
20366
18526
11106
23086
17840
23851
932
6316
4780
16909
16825
10108
23887
1584
28011
3922
27464
31000
30336
9708
3116
31122
6111
29861
13757
12523
30197
27976
13675
3679
31831
24866
6939
5844
16041
28251
16680
23753
24766
22406
5543
13449
18944
31094
2288
30884
10259
21331
17754
29343
1205
21742
5189
15339
29417
26450
5214
11028
5972
25500
9502
8507
4071
27660
11156
19398
32446
23387
5221
11862
15432
15951
14097
2297
29865
2958
32375
28322
13404
3504
31388
8150
10269
13207
16296
32167
5126
15107
13873
10470
17912
26977
16572
8597
1852
18148
23169
31387
20842
4055
4975
30139
19082
20530
3440
7111
19578
23915
24302
9489
31632
8846
32406
17955
12415
29328
7260
13488
14719
21729
3007
30922
13992
64
9038
24148
5535
30675
13675
6843
28789
32375
1615
31457
21452
21589
25422
11610
12348
29366
16220
31963
31477
14872
30929
3823
16805
18048
11369
31468
13724
24083
14735
19750
29230
11744
23515
19042
600
18689
32217
1934
27047
7650
10508
10671
13398
21984
14130
25114
21174
21270
10442
31463
17363
16499
17620
1955
21333
26640
26072
3653
28324
17345
6185
15459
21840
31723
28011
31910
10415
18581
10579
124
7880
26817
11182
4620
23663
9212
15269
17007
15026
2612
6207
18461
31604
26058
29223
8613
12632
5096
12976
20642
24289
14101
13334
16618
4311
30726
20231
12296
30700
18615
24929
10477
17823
23995
12862
26594
20577
20945
22318
15041
17142
10167
32451
12645
23327
7747
17491
12895
31606
2735
28921
18410
5273
11573
19933
14626
10634
13275
27573
17264
29526
24465
908
2121
26613
32633
21698
792
10354
13958
9301
7032
6732
16200
16734
10151
12315
8710
13023
29495
9590
4366
29371
7687
12821
24393
23046
26482
30771
17682
8831
14790
12854
26440
8539
2552
25490
21666
8005
24470
4331
27971
29090
6396
17274
26767
14617
16331
23473
27964
26963
407
30498
28588
32255
8416
28061
19066
282
29252
10648
17747
18029
14834
24532
32263
87
32098
27198
26591
4556
7492
18964
21810
16798
19382
5448
16179
13051
12985
21289
16397
18232
24294
3136
29490
19660
16989
4472
12271
8096
25599
16003
21061
7814
3805
15224
1524
6662
