758
1730
20679
10870
11489
4910
973
17096
8450
3017
30276
17617
17376
2171
12161
27999
9895
16150
4640
18545
18918
58
30035
13630
8584
31606
26746
27513
5382
3759
21748
26068
20443
9414
29237
21955
30263
26485
16409
1154
4599
18554
31608
17753
19413
9720
16635
23839
17628
3610
21038
765
9248
26105
12502
24180
11435
30656
1156
9889
28602
11278
32362
18112
28458
29339
12142
11248
17453
7711
1149
8245
7745
14191
23842
22211
11875
3049
28759
3450
21119
31507
29595
26541
5420
18303
14404
26151
21910
28402
13079
8304
11195
19908
8726
9036
23771
4490
17561
6277
29737
16115
22944
7146
21447
20208
22632
24984
20977
10008
5948
4472
13945
29002
21646
31753
11379
5780
22086
3168
31793
24915
4954
7021
8562
2716
7071
2175
4566
14043
12767
15114
18325
9658
19499
29097
25713
6469
28274
607
233
14411
4947
28706
31664
28679
5936
31130
23901
6399
22916
1318
9316
25389
2166
3616
3397
19805
19118
30562
11011
11222
15207
26376
25560
572
27845
3960
9767
13493
25705
2464
27058
21579
17988
9343
20749
2706
8616
19943
32595
26762
5285
30849
30231
7366
14738
8977
3997
21710
4842
25851
26954
19907
26970
9223
21082
22593
20503
22369
4817
21385
17269
31716
7860
25568
5558
7575
2424
26674
7711
6776
19899
29435
24146
633
15666
19048
4567
14537
11491
13241
23548
14932
12692
3561
2015
11661
131
32657
3785
8043
18519
15370
22717
4529
5719
9169
27473
15987
7130
17456
31421
13526
26622
31259
4402
13079
27037
15449
16493
25039
19837
20708
4491
21621
3271
29073
10015
29476
16315
9203
17794
12702
2209
18557
13674
14226
11011
9448
13502
24090
8985
28116
27049
9864
20869
5042
3054
3682
3905
22241
14459
25771
15829
26391
9024
1124
10189
4611
6977
6227
17770
17713
5354
19459
14744
26413
11939
3596
6944
19435
25509
18324
24095
18534
24844
11542
29111
10632
12589
3171
26116
4682
12585
15334
11857
1308
1219
3883
21388
7303
31854
29859
11000
14097
8618
8353
25890
6753
23953
27049
2326
20899
28077
14826
12242
19246
6925
14857
5115
31076
26520
6432
18895
31450
9633
5639
13147
3514
11707
11730
1262
21093
9934
5018
28109
8540
5226
21889
14632
30816
8028
21232
31565
17112
19583
26659
7964
372
5589
29416
26555
5392
6614
5283
14987
12507
21768
21910
17754
14264
6608
3423
21722
2276
14984
13506
28497
32729
6609
1193
1939
11123
5419
1641
23598
82
32195
31047
22244
2687
5003
12603
94
25170
13968
21236
23582
26771
17033
4379
16566
3551
18603
20188
55
10573
7109
19363
29933
8786
25224
15395
17993
29154
9254
29853
31263
16088
800
2143
9746
6552
6744
651
21836
6899
12398
7193
30322
27211
13641
4895
26070
28407
15860
1872
26607
12520
29356
32707
10247
11405
9015
32247
3892
7669
30071
16915
1929
1844
25150
9330
32653
30215
29796
10334
16876
19643
32279
11292
30061
4682
14451
23082
22820
3528
338
16324
4329
12541
11110
11436
5641
5716
5253
16427
8251
5620
30275
18259
6869
13868
9414
20616
31295
31508
12246
6207
1448
22897
6708
13060
26873
20698
6957
6338
8967
28953
7790
30015
9229
20180
30234
25062
12377
11117
29466
27849
23365
21542
22453
4326
11881
31881
22624
937
20751
6151
7895
31667
17383
30431
876
21722
1277
10817
28831
13681
12263
29619
9456
6345
28227
17333
18161
25335
19553
2976
32671
25048
17980
26324
3826
24403
8367
24338
3763
10462
25317
20519
22414
12356
1042
11979
15464
10661
8544
14024
4083
19134
20525
17503
10367
3946
24691
23783
22035
10089
9095
10935
32444
29025
2823
28742
21797
10018
13325
13969
23912
7982
12969
15037
13348
18297
12687
24318
19408
15725
14860
8887
5198
10033
14399
26083
16579
12843
3973
31667
8103
23236
21301
20600
14616
24939
30606
9924
10100
4316
3821
12236
24102
14754
26435
785
21184
1754
7111
14656
15435
4155
28392
11862
23770
19795
134
12039
2406
19987
13409
5473
25557
23694
23762
6317
31580
27646
32185
21654
18183
30984
15286
19341
11926
16193
19356
26731
5515
26608
30242
17240
7297
5654
988
11756
3263
29611
9578
19093
8717
9259
11248
13113
9927
16465
9670
29468
5679
16162
13168
22531
14599
28718
10448
24218
28768
27411
20122
15891
8877
6210
22537
22288
32539
14086
24784
2499
2853
1218
1876
14163
11874
27002
30488
29314
12450
19860
30584
9102
24122
31968
21147
9044
18076
15063
10403
4539
18731
27680
806
27472
25677
31065
15586
8750
31425
20243
4524
15905
819
7966
27306
18443
22029
18184
15042
1158
3473
32736
32594
16842
11301
15167
14626
15570
31981
20874
29079
25018
25247
25969
8233
27500
2195
8379
1046
9851
10778
