807
31884
26498
11372
2367
31043
14892
5955
26747
9100
28057
18278
21780
20990
17363
25926
18949
30385
32100
10967
26311
2896
25881
20545
31021
879
18694
12505
24205
14623
1226
15439
32
1984
277
2088
28331
2327
19559
5487
24927
10401
12570
7848
7166
294
27810
518
64
14480
27668
7134
20085
19966
12773
9562
22891
3605
18676
27506
12690
8598
26827
29208
2910
27190
12066
22451
25837
8618
4773
3279
12010
28417
29432
13331
31921
26166
27127
15987
32692
9734
16962
6055
21021
2047
14073
30427
21685
5850
24772
10152
9220
16138
29719
24387
26810
28053
13492
29172
1869
4387
17009
31946
29412
12628
9019
22414
10100
4183
11867
25333
3880
2745
15608
1817
22279
10618
17373
30250
30417
6758
14973
1889
28713
674
29492
15926
2297
24454
18640
20947
1299
27050
17744
18632
8980
11844
9708
32000
24718
21169
24661
7156
18790
13905
3389
30494
22138
26264
23578
14513
8071
6498
29735
20615
25675
8583
26284
11611
12518
4528
5760
5688
8582
361
14540
14385
2371
10359
21265
15443
72
17515
23149
31192
7476
31863
22554
6301
24000
14209
14135
14295
673
6262
8139
27905
25264
5345
775
12057
31048
22972
15563
523
13295
29317
28268
30318
17209
26261
30389
20846
29418
16558
11051
28937
19803
13523
13973
16511
3615
22620
16572
20739
10213
8265
17264
27319
24992
6615
12491
10711
20198
4433
20154
31796
10134
6953
27576
4837
17086
13127
20701
7225
14524
26273
5400
23024
28835
15116
13753
26538
7392
18769
6194
17823
27421
15748
22814
31633
27493
12689
3202
26623
29321
5656
21331
3996
31683
7547
27193
255
19866
23861
5523
8348
26117
6509
3771
28915
29139
28362
22155
11015
21322
20106
4384
15122
31759
206
20189
30071
7750
8504
26291
6136
30969
18872
17824
27433
17342
24483
22390
6180
32148
14086
27870
1663
8975
57
17052
22139
4021
13239
3605
19326
3751
28716
13070
15044
24196
32464
1718
21073
11402
29172
17383
19498
19198
4570
5289
25028
9934
3018
21752
5053
16502
5986
29383
6602
11296
1582
3908
3825
23823
29049
17758
11768
16445
31330
14724
12829
27203
20530
22192
12295
23674
28908
23717
31485
9568
22566
9077
27222
24637
4120
14405
4912
22534
22771
14164
19045
20865
23156
1850
699
16554
5048
22894
23387
27990
32082
5131
29317
19222
4507
2260
20609
2142
12105
7541
32473
6374
2627
18700
8133
16209
7860
2791
6631
23053
23134
16015
11320
30586
28722
28934
32323
30030
2589
6990
145
12088
19748
26154
12644
195
25523
23337
6568
7806
562
9951
5670
2650
6618
20598
16635
10067
11719
2662
3912
12370
32334
128
30508
5714
32400
18225
12783
2498
18511
20485
28288
13099
513
1898
2082
24339
27427
32695
5474
8481
720
19820
25420
12930
31890
30907
12510
3978
30584
10312
16061
6303
11113
26926
1831
14931
183
14402
12841
24784
17911
12443
6674
14969
30737
850
29735
3534
20627
7302
29080
9872
3659
6563
27827
7718
11284
29924
30296
832
31216
2583
22445
9402
19543
22689
23570
963
13775
9921
30552
12606
32445
27161
7213
6760
20347
6506
22235
2236
16554
19359
51
22804
17866
18445
7363
11792
9736
27641
15440
8635
30550
2394
28032
14956
20417
8929
6614
9963
8447
10551
24035
1493
29256
7558
12731
15426
27752
15674
30119
8100
27665
6921
14105
30451
3701
18736
16869
5895
27668
30976
20909
7749
30163
13210
30621
4989
10319
4087
2137
27667
2416
2603
9780
15709
9281
24554
15267
7501
30463
5707
31217
30288
1904
3276
12340
21109
4469
16790
3711
25042
995
11011
10585
16420
16271
19038
20846
15797
19624
23530
4997
12163
31306
18469
29874
2718
7247
14925
16077
20178
23401
36
28962
1158
19310
5873
10602
20964
15346
2503
6395
27450
30491
1289
23099
25248
25265
17198
14938
6876
14197
14018
19265
24962
17076
5549
20933
29792
26139
10680
25633
30232
18893
2637
19619
5647
29875
9086
1189
28550
16147
11850
23487
25607
21349
32283
7995
29955
12642
18322
21961
24761
26461
17543
25460
1625
30166
22860
10709
21866
4429
7986
30855
19561
13908
30799
25051
19123
17384
4222
18380
14757
4097
28582
13621
20737
10856
320
22337
31379
16841
13587
11043
6421
24329
7490
13320
13905
27353
11657
19786
23685
12684
32708
27879
7947
22821
16817
27185
5689
32181
12278
7367
21127
26596
16998
26563
2799
4557
28032
1333
2714
28175
7480
9681
8632
9504
19707
14564
7600
15589
24813
28813
3193
24192
9333
22057
20295
11882
4603
783
16491
27329
18416
20862
28788
17379
20239
6611
16027
9019
5603
20479
20574
21595
17802
5433
11370
17483
21432
4592
31934
19233
30207
11268
15374
13266
23117
27957
21093
30280
18614
11740
25871
22453
4723
22489
23990
25894
29227
21964
27851
31835
16754
648
2856
22230
10128
11460
16115
19250
9603
788
10181
14518
9031
31768
5643
20778
25172
3827
12717
13545
31081
20479
29678
5432
15752
17856
30868
20694
15425
2582
27208
16085
11060
2998
3647
7079
28882
986
