738
2776
11798
30330
15137
14118
15067
1891
7684
7137
31163
17353
15615
1197
10080
22274
12827
3903
26423
8469
15961
5476
5482
4311
19271
30789
29967
26963
10960
12521
3743
30319
2392
18939
21161
29901
17929
9934
21703
12528
9575
15262
13010
8608
4651
6937
31826
399
24654
32029
11832
11324
18020
8900
5840
16920
299
15262
13809
22504
21860
12349
28023
13674
25569
30199
5618
26427
992
20455
19360
10232
6039
8501
1945
25763
3856
13463
22858
24649
3383
7448
21540
15074
25394
5145
1429
24441
22000
30869
1848
7565
25093
21417
329
29110
29109
1619
12635
16780
14670
1146
18765
3780
11708
16686
14970
26012
18775
12338
16688
2682
4863
183
17508
10959
7019
30059
23971
5442
25790
32178
7500
15627
26715
29747
24317
3228
12027
9879
16971
19335
12029
2701
7094
7068
25853
17426
29147
20817
23207
24815
23276
11112
4045
28035
20062
11723
31160
18114
16097
9147
3260
19838
4245
3369
1039
24294
16251
31588
23516
13900
18986
8437
12690
7211
13507
6343
32386
1640
14374
10380
24745
3544
29030
603
26058
23811
9595
18846
3265
31783
27959
24363
28947
7808
23932
14513
21705
21703
32683
18262
31871
18681
11871
12702
4536
26457
10844
25743
32628
6328
31682
16403
32005
29172
29575
25245
15134
31935
24867
22543
26413
32161
20621
12252
30954
23360
25703
15977
32304
2784
8309
3514
22797
9766
14420
16714
9237
3617
13929
28986
12539
16267
3863
16558
21858
15435
29749
13173
31216
11839
31935
1768
8100
10041
29899
4628
20330
8775
27071
28955
10221
10808
18114
32727
32173
18779
5488
26561
16721
9866
14034
17681
8254
29543
10381
10023
4968
4070
10841
28714
20584
1804
22453
22511
20688
18678
2522
5660
25531
17948
5613
30605
32168
20439
15224
25334
14984
25121
22299
4298
17941
15004
11647
31324
7782
24791
25228
17477
25792
972
28892
10245
12464
20653
13679
8429
6486
9952
25504
24636
26884
19784
30039
19592
12040
3270
27521
4191
9157
21503
29373
31791
4873
18528
16472
16227
16538
26720
15228
15567
31506
8965
18084
32334
20717
2218
15699
2985
7137
30975
31238
10427
22126
29265
30823
16083
28597
26124
26563
30042
4493
13950
16830
15798
3284
16861
14662
22125
24579
7820
5573
2446
3077
27802
20123
10829
11082
24716
31435
5613
32535
27484
26868
15331
26400
9153
29572
28984
30552
21681
25896
4911
8200
21796
391
15656
7198
3356
1583
5572
6600
19426
14287
30538
20802
21394
20392
30537
32237
15833
23870
4479
28064
7678
28755
31226
6722
1055
7957
23165
409
17854
15511
32549
12125
12156
21374
13900
11665
1059
14589
26542
20243
27882
19459
9930
2161
16117
13490
17548
19198
14876
14356
9256
5669
9453
29705
22345
13054
27124
6020
17771
19999
6714
27383
25221
25525
30987
15628
14572
12755
29948
1942
19060
9481
12845
24775
3288
29497
2508
3235
1372
22694
8922
17076
18352
11086
2098
31744
23576
14458
24519
23864
20682
8339
10029
4402
31383
9527
6491
10137
10446
7564
8623
19428
20574
1236
50
26756
29242
22338
798
2658
16642
12556
31133
6280
18911
25538
17364
13342
9391
30174
9248
21657
28514
16540
13727
29743
6307
8204
11251
24718
15803
26981
16450
973
8115
7068
28545
14755
29625
32309
28147
1239
4806
8794
29676
14583
19581
31274
18395
27725
24917
31315
10631
17935
26618
31203
665
31958
8689
17499
91
6481
891
4613
31423
20795
29373
23176
19619
3722
541
13754
339
30442
10735
16053
31568
1897
17745
11565
30800
6260
22099
6401
5765
24066
21852
7183
16162
14351
4041
17997
6684
26444
22998
6166
28461
31253
6082
30401
6175
1443
25134
20344
26695
32643
18887
23623
11600
19270
32292
16244
11578
20603
23537
26895
17825
11482
9806
31433
4163
22210
28530
7690
12477
17382
29844
61
12181
26691
28939
26991
1661
8533
11444
8472
16854
24970
18836
5432
23412
12279
5310
30630
12961
20553
24183
17829
17764
9983
7577
28089
3843
11735
25141
1977
12230
3206
23420
21284
16894
10668
29920
28600
70
18439
20086
1089
8457
999
5279
18352
2884
17634
31463
8300
18573
30664
24109
19949
22613
9434
20997
20614
18538
13878
7514
898
14015
662
27224
7539
8304
28730
11656
2759
8705
17443
2109
22172
3303
29058
10800
5590
30281
32112
30311
2158
8967
19167
28507
25868
29948
25297
11865
729
15744
3272
27177
21902
6449
19325
20718
28626
14580
4564
14669
32706
15414
17424
28369
31185
120
22851
7566
26066
2570
12553
8453
595
27158
29046
14920
12845
17889
333
29023
26713
25422
29299
9705
1541
24228
28835
