790
10910
2713
22127
16330
11409
32098
20591
9725
7072
28797
18058
9389
3794
4706
4772
15931
3795
22947
24415
2001
23795
16343
18240
23542
11121
10455
28430
7008
11002
18990
8059
28681
4461
9930
8711
18053
32225
29432
25888
29074
24041
29839
11150
11249
14359
13162
19214
27764
32702
3612
15933
16473
22012
1760
3512
8150
23544
23759
21634
28917
31337
17750
25510
11426
16984
23014
18717
23042
19238
3565
15857
21511
12752
16646
16291
3394
7538
16748
22731
17912
27914
21173
23806
26743
29311
3261
7156
32682
24290
9952
20458
31724
17395
876
19270
14874
20199
3925
10618
236
8296
18987
1834
26757
26078
2634
1425
24648
6125
20817
7457
18158
574
17621
873
18645
30851
8022
10300
30875
23733
11633
3600
21996
23200
11096
420
13976
31906
5760
29926
17897
32176
18329
275
3635
31897
26819
21536
16556
29839
7167
3417
12158
7907
26083
19784
11803
8720
12435
31960
19409
12795
31468
4026
7326
1401
2050
17928
1093
17682
8909
12584
14241
22277
18975
32756
26682
11403
22745
22039
19990
29792
32351
12986
978
22144
6985
10849
26865
7470
22108
30735
32371
28475
32184
10673
29097
32645
2130
27577
18761
21950
19365
14346
26814
5231
14757
27668
24001
24636
15093
2624
11309
19561
31065
10894
3087
28829
11886
24188
19965
3046
19097
3115
22954
22782
2109
1213
31415
30669
16177
23041
28619
4142
3185
14162
28645
4598
8723
16828
6641
13875
21373
17249
666
9649
12758
9755
21600
26819
19642
355
13802
1087
27442
16242
27293
26571
20707
7589
24941
4439
25477
3110
9715
2539
17559
12489
26560
8099
13137
4404
3058
248
19163
10307
32005
7488
28860
27307
11499
28280
1941
32477
32094
4162
14863
11309
629
18474
29202
17715
21365
25389
20536
4465
24042
3196
14209
31287
28407
381
16712
32452
26347
18195
11637
13230
19220
17439
8949
20868
10712
25927
21607
5809
1281
11766
23832
163
13913
23203
27186
8237
631
30807
1072
3370
19928
5481
3221
15716
10290
28556
17374
17076
8708
17165
27573
13418
8306
8021
22887
18414
9040
25781
3224
23720
12669
20323
7734
32542
24434
13247
7083
10076
9242
20443
8791
13977
28645
22075
20285
30743
14872
5593
22268
10571
30823
25452
23042
19774
13509
10218
18684
20275
13691
14412
28048
14474
27511
23185
27471
32228
6887
7173
19685
10120
29191
23747
29075
22790
567
13433
28384
31770
20305
5227
14987
4818
26937
19131
12483
29939
17334
19175
19098
31898
16512
24467
6328
26143
8090
10633
22092
26430
18913
4094
10313
16761
10726
1559
23758
21432
1785
18859
16101
28467
5766
32587
21105
29585
14245
20351
3170
30289
3308
26963
23339
31082
26759
3602
4982
29998
16011
2642
5398
14708
4488
16432
15421
27126
3422
9949
29423
6648
17489
25434
30390
19243
16991
24191
9880
21456
27344
31810
27974
28704
21520
22582
7062
748
5562
11090
18227
18817
15605
16116
403
1742
23299
4389
31530
27081
25111
3615
26334
13070
17511
781
12730
24009
2435
11793
25318
20439
19941
3979
14295
21800
24777
24729
20675
27240
29759
21210
344
6878
4990
32120
6573
30100
21371
7013
15225
23992
29114
32484
3971
14914
21860
24140
28505
18647
9883
24072
22341
6125
28682
31715
13437
27697
32448
16259
25498
5413
29758
21554
29515
29966
16078
28645
32587
16397
27671
11126
14224
13964
2543
12341
26566
24283
2416
24223
4859
539
22606
21101
30620
28764
9319
26577
4000
20482
32156
9724
24835
31853
18912
13027
12918
14297
16270
13379
30805
13442
23040
16866
3545
14604
31837
19737
3727
25635
14002
8591
25608
21343
24901
25415
23506
12650
550
11741
22952
28516
12550
14604
31206
11654
27980
9844
14400
5894
6758
23706
28338
13627
5725
4913
16570
32258
7853
29848
18118
8544
30547
30883
3560
23145
2087
23710
16337
18272
25708
23695
1789
3359
28838
4540
811
18873
6827
6765
25104
6751
22525
28403
28748
14464
24151
2025
13981
29236
19078
14778
30547
475
10618
26980
8196
2305
6045
32379
896
12934
27236
13936
28679
16379
6179
15635
30138
1614
21029
11863
29008
7594
1276
25941
12042
18585
13078
15508
14825
22124
23953
9096
11038
1244
28496
11608
3522
9457
24143
31973
10951
1827
30515
12807
20783
29376
1830
15385
28283
11405
22497
13753
2919
20656
12810
11721
212
973
22977
441
30982
16240
14710
11529
4367
15787
12029
12809
11915
18432
12004
32740
23950
28032
12804
31196
19163
25653
8534
983
11863
6590
13320
14363
14781
14137
29648
10838
24466
7270
23425
23521
1628
5640
17372
17733
31759
21391
4776
6399
15816
24565
24581
9088
26557
8678
1533
27768
24948
10019
20060
32084
6708
16168
12993
28933
27066
10509
25334
12548
26924
22698
1405
915
22611
5886
26219
20293
25348
466
2170
14272
23263
11929
19545
30658
14653
29851
8774
7266
32099
8786
31199
1433
15100
8724
25653
20480
27846
20979
7203
3035
24459
