823
20090
17515
616
21172
17909
30454
24086
11001
11128
27317
18498
1402
5418
30020
14313
21967
24207
8486
30286
17853
14765
2651
22850
5732
23405
26933
29347
8633
18245
16231
22819
4151
32276
23391
28234
5842
5197
9686
17855
20781
29528
28069
4547
3084
18997
9690
14590
5132
29027
18955
31102
23698
17920
23786
15613
4865
16433
13594
610
29232
18628
3137
139
27163
4628
1119
26186
28632
30765
5982
23469
2509
11313
9450
10371
27681
12027
4738
9243
14704
24321
12751
21071
15299
7551
24885
20929
10687
20178
6825
32613
19484
14881
25794
29504
5977
3139
23058
14959
3502
477
15030
29290
32067
31947
15404
10634
28319
2242
2917
10441
22371
4915
13595
2762
25912
23154
26725
17433
29958
22551
18313
179
2663
10917
15121
31433
23387
17001
31521
11969
17469
21925
17159
4222
14325
24558
25364
9697
112
12499
9386
10895
25421
19903
13463
8437
32473
11041
1953
29834
29502
201
28002
4436
11255
15765
17751
5294
23943
24142
2611
31560
2923
11213
10105
28783
10829
9314
19785
8847
12922
5238
13946
16630
13974
8814
5354
1754
21135
20947
6162
30622
1743
16816
16862
12369
21430
10812
32187
29304
10567
23993
11761
19469
32545
20636
9011
199
10417
27886
12916
6300
14759
13554
23805
14213
3750
30984
16061
8833
20032
9425
14048
5596
30241
26516
32419
20657
18570
15329
8806
31150
11778
4724
4354
16663
24392
9307
13662
25613
27531
12380
20029
29969
28381
10129
30810
3524
3302
3413
7863
19952
981
3684
17714
19404
27548
4925
24921
22908
30045
20939
13695
17368
16159
8773
25104
28270
4038
6995
8481
28874
3906
14706
24651
6389
20230
5529
11450
30523
14012
28445
9601
22321
10551
3282
26672
18935
30121
14707
11177
9659
26902
24387
32047
7806
5128
1781
21440
23579
6277
15817
28069
12677
5182
9977
11335
22864
31497
15443
25156
23411
30097
551
18370
76
6220
12899
2308
29924
1710
8957
9019
1141
22173
27537
926
2857
18468
3660
7356
1573
9579
10248
26129
25798
24295
27576
31192
32554
14286
27911
17697
22003
5838
32316
32291
32583
20222
9569
21715
25883
29973
27812
4534
14514
5338
4605
5875
16224
23259
23057
30636
23700
1634
2647
6542
32022
14245
20089
5287
18316
28221
3325
17784
13891
19417
28452
17740
32300
28468
8210
15560
26405
31556
1840
17602
31098
7861
463
18775
9388
12181
24590
9015
17265
12113
10493
23364
8443
19168
27138
19548
25469
11070
5500
6002
32748
10780
13479
7652
6915
16086
28864
30216
31625
14245
14185
3592
29142
4886
32334
28913
22676
3514
27145
25094
4803
14367
23619
16986
11007
10496
11548
29854
30726
8121
5069
13111
27253
11005
652
3220
26578
10187
31153
31166
22223
11422
5654
17200
16589
13541
24259
10218
11424
8370
5579
31425
5778
23734
4209
10745
10666
18029
23183
25877
7726
8342
10553
21742
24934
11238
24733
6659
27299
14333
12589
1296
24960
16537
4097
15842
31080
27402
3702
19561
9816
30694
21788
14351
3814
31997
17871
12616
24451
31631
2339
31082
25341
9917
2822
31936
1096
28222
10912
21209
7549
8531
8574
6438
14371
15869
26096
23493
8878
16493
3247
151
32581
1724
28099
26776
12232
7388
4260
15216
17170
1231
9120
4421
18299
20246
636
28372
9889
5997
4190
18368
28265
14773
26859
31529
11072
21298
11436
32385
14247
25590
27830
10907
9454
9373
31114
24325
8511
25659
6458
28568
32479
659
26829
4173
16561
23178
27877
13139
20476
12507
5535
3422
16237
31499
14779
13377
16224
4768
19709
3007
10075
10382
21970
29854
14555
3314
26167
29182
32596
7938
7127
14569
29043
31044
27507
24107
14246
11775
15239
5732
15326
10224
4651
15451
26260
829
23095
4501
11530
29359
938
27943
21715
1307
845
19656
4245
24353
30099
31786
23054
15641
26820
18059
11605
20811
4698
26247
2402
21086
29612
10288
22993
19988
12745
29024
11747
5172
9383
9294
24774
19911
24957
4192
5910
5254
17517
25920
13731
7828
15718
23602
13685
21097
25673
2981
30989
22286
6218
6407
1774
29840
11930
15582
19804
22703
29763
19733
21348
5078
1875
16787
31516
25168
19260
26387
14636
5560
31867
13359
25997
12977
10104
29885
2449
5848
1709
16223
20260
15095
3083
26966
30033
25980
6553
27799
28168
24873
11615
29729
2334
3084
1154
653
20629
21170
31152
26343
31262
27544
8894
29628
4572
26338
29072
11380
17003
26191
23610
23778
24097
4461
20580
20250
3475
6665
30195
4995
18267
25834
1254
3885
29977
10943
12925
17508
27064
9557
31137
2437
3315
7437
17024
8720
24599
27278
11640
28159
16394
16567
1334
9046
2188
21207
7199
17916
31933
11041
6382
20937
6367
17754
30367
19168
12638
16853
15245
10303
781
17569
11223
19604
6323
21761
31495
338
10694
20764
16630
10245
22134
18934
13802
5603
25838
23455
31234
19875
25558
21931
27604
2962
22044
18401
21076
22499
19444
18232
24056
4934
3357
32511
17689
12733
14438
25179
32669
6059
31858
4598
26067
19758
19896
18934
13982
31663
15821
27692
18646
27064
22502
31374
27627
26885
9881
5608
15307
27357
18147
21710
27654
11939
11375
