689
5390
5980
29828
24258
20753
1148
13032
22154
1054
614
16692
11212
15146
4877
24347
3773
22437
31730
16047
8569
2638
9636
30164
29602
28747
5250
9204
24906
1657
24264
8180
22803
26369
17354
16999
19860
1324
18554
8194
22015
23416
32048
18512
16897
16363
20651
23719
9450
21159
5203
4955
7182
15039
5568
31537
21611
9545
29056
4887
5004
15028
789
2578
18349
32348
5694
15223
25375
19548
15736
15198
1774
27043
29123
1876
16578
23115
24489
12112
24579
29222
1405
2793
9792
21401
1761
20165
22226
20653
22922
5717
27068
25187
12104
13759
26070
10824
16704
26652
9771
12874
24700
11748
3743
24266
28583
28582
29653
18162
10769
14589
14927
26441
23546
8127
28887
25220
28684
11127
27166
17568
30249
20758
6564
31789
1895
22245
14295
32237
11097
13502
29055
18077
8849
17532
9817
12051
14946
22192
31490
18057
3563
32662
16919
10041
22608
12359
155
31018
15435
28719
4505
5961
9444
19138
11530
2747
9084
17771
22008
20594
28432
29125
29668
7422
26812
28686
7014
4774
18814
30169
18963
7608
23869
11522
6563
27421
28426
32487
11860
11568
19109
8149
25737
8913
30531
28353
439
5300
3982
32057
27777
15615
23278
21402
12322
19733
3079
17794
20236
1452
18563
27272
10446
5414
24081
3883
30523
12318
18605
12809
9929
6209
28195
24914
3639
1375
13006
3195
18803
9409
19366
7735
15290
8894
29050
29347
32001
29321
22905
32192
13972
18509
5879
13863
13053
31100
19054
6136
9511
14180
16835
21524
27331
22531
28107
32652
19947
8476
20750
22361
2565
18826
19403
27725
6123
9429
26940
19273
1353
11523
4634
30129
23366
24240
18532
15901
22630
7009
20573
23889
430
1558
27348
21360
20234
3614
1191
26988
30445
7215
32650
26305
7479
5558
30725
20323
26971
10860
11452
15860
18369
8234
27379
11835
23145
4350
9297
19410
23762
20350
4580
6430
32538
25948
2150
644
31846
24635
25023
12762
28804
24769
8138
13852
12495
8174
11356
21345
11347
24236
23171
3853
5938
29607
3339
19527
25927
27486
9799
3246
22536
28283
9486
10567
9137
25183
4867
6074
28575
30722
10265
4031
13817
7418
18263
9427
18070
729
14553
10287
28955
12476
17688
26362
6756
21281
5483
6334
16678
15865
32205
4633
13778
21759
5088
4021
2492
20039
14130
11641
31100
794
28351
24065
22164
17153
16312
30284
13396
23840
24963
8629
23547
21445
29443
21029
19487
28225
5401
134
18255
7415
3691
20859
13814
25522
23652
29262
24450
15932
21884
16938
16070
13100
16569
7050
30109
2303
1653
20977
9169
20842
24163
14300
9531
16111
7885
16628
31531
30895
4383
5257
25866
24703
28585
9276
27709
32573
28833
6907
26445
2917
615
14387
14405
15839
7437
27456
19036
26907
19735
17193
4820
1632
23423
1674
6434
11617
14077
2001
19023
10770
645
2477
7070
9401
27920
18372
16495
4168
13983
30629
30563
21226
1661
22013
12993
23772
30405
5133
8217
8574
31013
14683
21287
9898
30945
19880
6137
7748
24091
24355
12372
15890
22097
14556
85
18894
1575
23931
28244
890
2151
6706
31245
30196
24134
17904
20226
19914
13545
216
22043
13391
9255
2033
2704
24815
19089
28959
5640
21695
27311
25426
30723
29784
28045
7933
15477
29670
28278
27338
1459
18812
13312
14476
28051
6571
14921
5748
463
21074
12927
16521
24491
26551
7078
26194
13016
26583
22677
30933
7063
22523
26434
5318
16418
4236
7488
23800
3399
2856
3462
22807
27222
22261
31602
11417
25661
10038
32526
14834
5106
12316
16017
1543
17425
17886
24873
28646
6599
29196
7927
4276
17646
29472
4699
22502
31609
23126
11891
14261
17427
15293
32478
30155
21507
9358
5318
29763
1107
19389
17693
1744
8753
12495
7206
10300
7829
7403
10808
9237
24868
14899
3519
2211
16981
13653
24195
29980
28882
7516
24109
6171
17953
30157
4615
29263
20099
12015
10755
12656
2076
30826
22783
14200
7509
8723
583
8719
7807
32519
24667
26183
32441
32503
2291
21641
22547
29122
29249
6352
15091
10569
23926
2836
3256
28031
19079
25610
14750
30399
22833
10762
15841
25187
15163
27216
18982
21906
7163
4712
1814
16985
8475
32228
15436
765
26781
3152
24177
16272
10269
21352
18597
20931
20822
16776
9505
6907
24552
17507
18715
167
13401
18424
2026
720
