836
30316
23436
31334
29662
848
10136
12377
11512
19303
26726
18674
24421
6067
20485
18129
30935
32372
15809
26081
30747
11152
29943
18140
31376
2104
13863
29714
15837
1481
28235
9062
27107
4080
28775
22937
14065
27154
28002
21195
17463
31723
7700
21566
12926
20853
21408
19294
22294
21003
25092
24062
6927
29390
6382
20453
23212
26696
16082
24969
22804
6991
16953
3098
7243
25900
5468
16066
17761
22269
26609
300
14569
4184
13125
8003
11181
26929
19595
16956
26528
29438
29043
6870
23828
5400
767
224
21549
18533
25235
11260
21142
13876
9547
27044
2418
15976
4496
29802
24470
10457
6894
20612
27637
1527
20512
20871
29787
689
28525
11635
17503
13205
5432
16624
28819
6968
14546
26839
23037
28632
27538
5364
1483
25664
3624
30731
7490
30700
28718
31000
10744
4718
3584
18907
25155
28176
24782
18068
6641
5563
29935
780
11065
31255
14968
10452
27634
25076
17422
2769
771
14825
26616
4601
12827
1850
30584
26455
26530
511
92
32597
11503
6787
19664
27194
17595
28139
5494
3570
3541
28184
6585
11534
32280
16590
4702
24331
18843
6677
12891
24023
2599
5599
10733
19601
31470
21740
24549
23440
7289
24811
21826
28072
21731
7138
26373
8872
24645
16079
25153
27431
9585
11152
7794
2433
17123
5632
4623
9244
26612
18531
5475
19696
20049
1796
18328
8774
26540
22300
18965
27839
5041
11510
17930
24217
29244
17745
28744
22574
9673
11782
32599
21949
6700
16874
18370
27245
9090
7158
29366
27791
2407
17829
715
14116
21097
9374
6946
9375
25533
27539
15536
9964
18737
4713
28121
8368
14690
6553
65
25555
10799
7382
26847
31036
2413
30960
24147
5595
28124
2296
12665
24813
21594
16037
5182
28539
15703
6646
17074
6436
16009
17433
16991
2589
23777
20876
11226
13942
17085
28546
12951
4767
9823
136
24321
13610
29854
27752
11978
17874
5083
10061
3968
23997
21303
13353
26466
15614
23043
9812
8305
31070
11129
26230
27082
2652
4777
16038
9010
22130
2741
29139
9971
9626
30529
25187
26087
7441
16678
3099
2514
10331
11110
21823
4596
29575
29797
31482
7647
23220
5974
7423
23175
29396
16883
11377
17816
4016
21105
16897
15116
27437
29107
8022
252
20941
7614
24497
17846
30840
14445
7121
17425
24445
28261
1300
509
26324
2636
15328
23902
30630
2102
25921
23323
26382
32096
17363
27761
30242
10273
22499
7822
4909
15389
19153
26715
16447
16060
10680
2713
17128
2011
13137
13871
320
15041
15637
27842
12330
19284
29602
20359
14042
25484
31328
20565
27541
15657
11876
30975
3512
17313
4245
15584
8444
4701
6925
2231
3576
8996
1474
1206
11240
16600
15973
15573
6060
4704
6026
9068
31764
20965
29450
8705
12122
1089
27557
11358
18928
17588
16876
2535
6780
30937
4191
18731
6946
217
2770
4537
19457
14303
19733
18485
5888
22732
31955
14507
8394
6955
17083
15138
11031
7271
24286
1653
27694
26939
23640
9566
32679
15211
10291
16852
21622
16306
3976
14999
15397
30715
26855
14089
32609
3540
27897
11583
7096
10527
612
3672
3745
7946
239
3341
20925
3394
12263
12938
27740
13668
961
13692
15939
11445
24320
18284
26541
13330
23130
19531
29327
19498
22550
12366
8480
23018
26296
20476
1433
28473
14048
9861
18233
3046
10352
13909
14477
27358
13037
24553
8942
12195
11560
6881
27467
2041
14365
17751
29737
5603
20763
32112
24807
13773
20261
14640
7751
29963
20377
4243
21546
19586
22031
28121
9371
29605
9092
6177
23567
24484
2232
19513
30443
17119
14292
22453
8263
8353
22864
27198
3570
18699
26644
4397
23990
20814
6365
4441
22493
23582
20707
4908
15091
18019
28601
21757
29902
3121
28788
22425
27852
31226
9743
14627
17244
32258
5902
12831
10944
11796
15458
26825
15633
21876
10125
3755
29571
7956
21510
31854
8938
12298
10207
16369
8573
17986
26533
20632
31194
12144
8584
24039
20299
11337
21435
27727
22344
5107
21022
13383
3133
19386
12059
30623
32141
26372
11213
16657
24790
903
29544
16922
18551
13753
9685
17160
9039
6536
30108
22867
27080
23372
23815
22576
7188
19706
11909
12132
30135
23450
1100
11350
31302
30971
21314
20841
16238
19877
9502
14216
6199
18191
15818
11779
1418
22034
12300
3225
4082
29086
9574
27606
28319
12716
23867
14239
8112
5747
10034
20491
21938
20447
23776
11380
24163
6463
7841
13518
26300
32062
22470
17720
16431
5652
19958
4049
2862
7677
16334
20685
27372
25578
22219
2248
9831
30839
28778
12633
23206
10014
653
8171
8767
4010
7969
2760
22045
29678
23294
25719
19328
3510
7182
328
13125
254
4786
15149
32360
15970
25185
1995
27591
27094
15763
13521
9001
6551
30941
16009
382
354
22877
29869
31337
24035
8792
24955
13051
13424
9762
9995
14786
15095
24126
18145
2
31797
20167
1983
30786
3113
14606
28092
32266
24777
24965
30874
27372
8947
27868
7253
31937
2982
6249
10232
28981
8562
20941
3764
31366
27181
29141
18227
29064
25832
7838
13610
26861
24609
6397
20782
1475
59
31005
712
16702
2603
7786
24779
30648
18035
22190
19429
26870
4180
122
6005
3501
25919
11464
13468
26180
2190
990
5015
9948
3953
29046
12108
25742
26923
