881 283 529
55 578
54 1507
27 355
59 1414
15 877
66 852
88 859
67 1742
30 403
54 1160
35 1753
1 1500
81 1921
65 737
65 884
52 524
78 1908
99 1816
37 1123
28 1458
27 1185
21 1432
48 5
46 180
97 1710
98 484
24 154
81 556
85 486
62 1261
89 647
15 759
43 857
42 1165
19 1334
48 376
22 1209
85 1199
21 1315
2 757
5 1854
14 1876
27 1905
20 9
74 851
71 1903
30 83
35 1073
25 759
72 1514
19 1027
92 911
70 1741
34 1344
63 223
76 1242
36 812
92 1184
98 1879
87 380
2 672
25 1360
55 304
97 1698
82 535
84 600
90 212
24 1967
49 229
87 67
27 1055
31 634
57 1984
100 1569
16 1987
5 1420
11 421
96 872
38 1926
12 1331
53 225
51 702
13 1935
95 1073
61 1704
4 1648
99 1948
25 557
12 818
80 430
65 879
58 1809
88 921
95 1757
46 1068
81 1594
94 1757
48 1412
34 1677
49 524
49 1088
51 1680
29 238
35 1868
33 186
77 1552
57 705
52 387
4 1190
10 1113
47 1820
60 1042
41 642
28 1171
35 1494
23 1240
8 883
70 298
35 301
31 813
96 543
13 494
72 819
49 155
13 290
70 115
73 540
100 1616
14 1050
15 1890
26 337
9 1070
84 1018
41 182
67 1713
41 1339
97 1466
20 1360
54 1611
69 1345
82 1174
11 1715
57 789
37 494
13 1499
76 1865
21 1736
54 1093
4 1005
21 92
72 1553
49 1547
44 1651
66 798
48 674
25 811
31 1913
40 946
97 1934
36 1011
58 94
51 1169
27 881
99 245
8 1940
5 1797
29 406
29 7
97 1682
26 305
96 1871
85 643
24 1701
6 1383
22 1777
17 663
82 362
53 1648
88 1541
7 694
88 1110
63 681
88 824
16 678
29 1727
20 384
39 1804
8 320
45 848
68 1147
29 1621
91 179
31 649
38 1233
44 1148
67 1537
52 620
72 1902
60 1631
64 752
30 1842
5 1619
54 1039
10 1019
58 19
23 1204
44 1041
27 142
70 721
2 1929
35 942
91 493
20 927
50 1166
53 1619
54 1278
73 1202
81 1907
43 1185
33 74
43 1766
75 764
28 814
48 369
48 1628
43 754
69 1362
46 51
64 1908
89 256
47 1083
57 535
79 568
87 919
16 1818
38 1287
97 993
3 1883
42 1988
7 1602
59 144
76 35
82 1585
60 1321
73 1030
89 1965
14 1056
33 1731
82 124
36 1175
39 1714
84 618
30 1724
27 1927
9 1114
76 747
81 1557
83 949
46 1828
50 1578
81 108
20 1931
30 842
36 1003
72 102
15 1436
86 224
81 954
35 1102
41 1274
20 1178
18 403
72 1349
20 1678
61 736
56 1323
5 1613
1 1109
36 177
8 1878
80 925
21 77
92 365
65 111
57 625
42 1915
97 1738
22 1331
78 583
21 488
99 768
77 1222
50 834
14 224
2 1837
49 1116
57 1066
85 18
88 194
97 1601
86 443
77 83
63 19
99 1986
22 1442
55 1419
25 43
2 98
26 483
24 1318
33 566
16 102
37 422
88 1188
44 1733
61 329
64 1525
24 1625
38 285
54 1752
44 1231
73 1358
5 1256
43 471
3 856
66 974
34 1379
57 987
35 471
78 1130
59 1278
32 430
45 1494
7 1397
42 1536
10 942
68 374
24 201
72 1536
71 1326
60 137
48 1856
39 1261
79 243
79 1045
10 396
97 1095
75 1432
3 328
87 336
27 1507
88 27
29 415
39 692
23 1515
78 733
92 1325
56 1173
50 700
74 342
49 170
16 386
54 182
45 559
57 1121
72 688
9 1904
27 711
17 17
52 1352
20 97
17 303
13 845
80 1444
1 1384
100 685
9 380
38 1509
94 1045
91 1196
78 90
69 1712
72 1469
92 554
36 1429
3 779
61 1386
64 1497
50 1473
16 965
58 1576
30 831
67 405
17 252
77 922
48 1191
84 1803
98 1509
32 147
7 1117
68 1556
9 584
73 1757
50 245
79 1105
5 113
19 438
67 501
83 91
76 1184
100 1325
45 1782
78 1484
85 1497
37 154
83 1351
82 883
62 1220
79 1555
32 634
92 1221
58 1806
14 1704
37 645
33 1335
73 1111
85 200
2 675
40 404
95 867
99 1673
93 1137
26 1325
57 1689
77 1396
57 449
97 724
65 1047
74 311
52 1610
9 224
44 459
93 1298
58 1733
38 29
71 123
99 1162
28 49
68 1609
99 1534
54 1864
30 401
18 567
15 609
27 1931
89 1433
48 432
62 660
81 802
82 1749
52 1405
59 1082
47 1043
9 1825
89 1582
67 1612
2 1047
46 130
27 1895
78 1814
33 1739
76 1548
8 1981
79 760
71 705
97 1209
46 1933
79 103
53 477
43 665
83 213
46 858
9 536
58 668
44 1897
98 829
52 417
68 1386
59 1552
14 1281
53 663
84 1995
33 901
28 858
59 128
31 159
64 1126
32 1216
31 1125
74 1816
41 1192
55 831
76 1379
10 1771
19 177
100 359
13 907
14 1219
39 716
42 332
43 931
29 365
58 761
88 710
88 1876
61 1693
71 1979
39 1843
29 10
69 920
94 1240
40 672
73 1335
84 1383
77 140
64 1284
8 256
84 1963
11 1446
90 1909
32 1358
12 1955
68 345
81 1665
35 1198
74 280
66 1244
11 678
52 1649
14 690
72 1051
79 1322
29 509
68 1631
14 628
87 1460
84 107
74 115
81 1195
51 1409
83 871
72 227
37 583
100 448
98 1986
11 265
98 1218
42 1831
44 67
10 1443
74 877
35 1020
90 930
52 1380
11 393
62 1500
27 620
72 529
22 1231
32 1527
62 290
79 1398
13 1993
90 1505
24 810
62 1630
17 1111
29 1859
3 1068
9 654
41 1083
65 137
20 1846
6 1419
85 1821
75 1842
62 937
7 1839
91 616
90 1587
37 1354
67 1657
14 139
74 259
4 338
98 1002
66 1065
20 1136
15 382
61 57
74 1337
100 1561
45 575
79 1503
18 1446
27 626
87 1818
94 379
21 352
46 580
7 218
99 1951
100 490
61 1786
30 1098
49 1761
85 1114
92 1700
91 1355
34 1227
1 1197
85 1256
74 292
99 348
74 1568
95 188
26 1996
43 421
38 167
94 990
83 1602
76 1549
62 1610
2 1052
12 630
1 1549
92 1699
91 348
98 366
97 1508
61 1649
84 837
72 626
91 261
23 952
35 196
89 240
99 596
1 1167
95 1256
21 792
36 396
90 1441
50 1927
91 1137
28 1804
14 1884
43 519
88 403
90 1782
85 1893
73 629
95 554
73 542
10 1250
6 193
60 1433
14 161
17 958
1 719
17 1669
22 1803
53 377
45 1304
20 518
17 1456
63 1622
3 1128
51 665
36 420
81 139
80 1358
6 417
71 931
72 1444
97 302
41 65
64 1002
11 1424
5 1042
43 1972
31 683
49 354
63 5
68 357
88 957
22 1538
100 1255
67 343
68 650
3 1977
57 1100
89 863
100 128
2 601
44 1196
65 965
57 560
51 1730
94 1188
58 1222
86 578
90 1502
60 1236
52 549
53 798
74 454
50 1007
59 869
66 533
91 907
57 239
58 736
38 806
90 975
50 1150
65 1284
78 1865
55 440
21 1662
99 1105
1 1176
34 195
12 769
9 1628
86 1265
91 1695
81 1186
62 191
11 1910
4 430
23 138
33 838
99 1564
7 648
93 1740
14 1588
41 351
9 1336
22 1210
65 956
43 1069
64 669
23 1901
49 808
36 214
46 330
77 1249
70 1686
78 1651
48 6
88 454
67 1077
97 1516
80 1901
64 160
53 1101
9 848
56 189
36 24
23 500
28 528
20 1258
18 586
16 1594
34 1492
32 1818
61 869
64 622
79 1557
71 1033
36 765
63 1350
85 1970
57 199
44 1740
52 219
96 588
11 1381
29 1101
79 603
44 1385
57 668
5 1055
4 773
26 1060
63 1766
67 1017
50 1728
23 427
81 994
78 80
4 885
71 1056
17 1060
28 1522
31 1184
39 90
77 867
24 1935
55 51
96 769
42 1946
36 1146
37 995
34 676
15 295
11 1084
16 1386
42 758
24 703
80 658
77 1619
12 1757
23 1240
93 1738
52 16
6 354
86 78
89 234
10 1879
91 101
35 1406
22 873
18 1649
88 214
62 1374
84 324
19 922
11 1468
75 1571
28 1706
93 196
99 1185
82 1785
82 672
24 148
17 1012
96 1215
64 878
75 1571
46 1638
45 489
84 1952
95 542
39 1534
65 156
86 1926
45 87
8 1558
69 277
12 629
63 770
65 651
4 802
32 308
20 1784
44 1408
36 583
98 1983
3 1735
60 124
73 1019
99 263
68 224
52 1927
69 648
51 816
11 216
42 1185
78 1295
