946 643 364
70 261
53 220
50 139
70 456
96 1670
44 712
1 931
23 1589
3 1337
60 544
55 901
1 1687
15 1172
82 1220
16 592
46 678
90 1487
79 1092
38 536
2 1919
20 1624
98 487
99 1508
94 97
66 160
13 1768
56 351
58 994
74 1116
13 804
84 1352
72 504
13 36
29 1997
74 98
71 752
82 1015
62 1946
15 1668
16 1914
36 965
62 357
6 681
96 1755
15 1140
12 971
29 1057
84 570
39 524
34 1600
95 879
32 451
20 1083
68 312
32 649
89 1191
13 1345
66 1823
95 43
22 970
61 773
25 1410
45 357
55 1684
37 1679
51 260
15 824
45 1057
39 107
75 506
84 812
56 161
64 556
41 607
33 1405
85 1256
32 1511
56 1505
39 858
32 1503
37 1588
91 961
68 229
15 1153
44 337
63 1607
18 1173
33 1295
91 126
65 1308
38 1159
9 1932
80 354
96 334
99 681
68 1154
40 452
91 688
65 1277
50 171
1 1219
5 1927
66 1564
77 217
89 319
67 222
20 1281
21 1471
25 269
98 1139
97 905
22 613
43 135
79 280
37 1738
33 552
80 1546
29 1635
72 473
88 23
22 1670
6 1806
98 1330
25 584
83 1730
2 1319
21 660
99 1937
8 1541
6 1345
98 34
57 47
15 237
90 129
32 739
69 1890
86 1148
60 211
39 1059
34 63
38 1479
7 1971
39 496
7 189
65 6
80 580
39 174
18 488
4 790
29 1740
90 1556
33 1073
78 1529
33 517
33 1036
100 1244
38 1461
1 653
71 1014
93 513
41 673
3 1911
4 1286
55 1484
13 1899
49 185
6 2
99 605
56 789
86 1500
79 949
46 1544
99 1891
97 1552
49 1006
82 1366
96 655
60 965
53 1153
80 1954
72 1766
43 1650
88 277
28 829
13 1640
39 561
93 1605
41 154
34 955
67 1313
25 80
37 211
89 1032
70 1987
26 377
14 898
12 93
23 478
61 167
56 1401
41 1833
99 1867
75 470
24 1578
53 1107
38 746
63 500
31 1360
78 1156
67 1691
15 1444
85 1093
93 552
32 1477
63 879
54 1753
33 1554
66 1907
73 1054
76 1633
37 5
27 1122
80 1345
75 437
86 1115
15 484
56 731
60 1857
43 321
98 848
83 436
74 166
75 25
34 704
16 294
53 678
95 1575
78 337
34 352
54 843
37 1732
31 1398
5 198
80 129
54 79
42 1718
94 751
38 695
25 439
12 906
50 710
82 1154
69 1250
22 288
75 1609
27 57
51 569
27 1466
66 1693
28 1546
86 473
44 1679
82 88
75 708
69 1491
43 1321
4 1477
100 507
1 1661
51 726
29 1092
31 568
16 1456
34 1575
92 183
61 1670
31 1656
71 484
49 1367
24 886
61 615
53 1990
86 589
50 1035
66 482
10 635
6 1129
6 478
85 1426
12 614
17 222
42 1532
9 1284
84 812
78 1091
63 451
20 1209
30 1112
93 1924
48 1577
67 1351
7 1160
33 399
31 1670
40 1782
75 861
91 1016
77 1476
13 1748
99 1503
72 886
8 1942
30 482
15 1047
63 19
56 1518
78 645
1 372
49 1471
31 1797
2 566
29 1526
48 1358
75 1463
61 1410
55 630
45 726
88 436
74 1306
12 1852
54 1458
68 785
70 1476
13 39
80 1265
1 133
51 1320
34 745
70 1464
22 924
74 900
52 888
96 12
2 327
2 361
76 1278
72 1481
60 154
79 1228
86 89
97 1357
46 957
72 789
47 348
51 1597
14 907
73 1587
11 205
5 960
24 1318
61 1527
92 469
75 1215
77 177
73 20
53 1379
24 139
41 629
43 1989
43 1097
9 679
46 1005
72 1575
44 1133
68 905
67 1658
67 1419
31 1034
30 605
39 1183
52 1174
5 460
29 1123
7 1286
78 208
60 679
3 1980
63 1817
25 1704
22 1457
29 1073
21 138
96 462
90 740
25 251
41 1115
84 1816
59 1581
32 12
68 1143
24 1166
51 943
77 661
13 1559
47 318
6 1584
52 1038
14 1630
29 1976
88 283
95 1105
51 1694
33 275
87 845
69 255
23 960
56 854
70 200
58 1466
14 224
85 1264
11 1923
9 265
18 318
40 1857
6 55
58 1239
47 415
100 1615
84 1892
56 1796
44 809
52 770
89 154
88 562
33 1115
21 1591
82 737
28 1802
40 1395
42 1201
44 609
81 1845
42 1622
11 403
71 1450
62 1091
48 75
55 1144
72 206
26 1399
72 80
34 155
83 290
49 1352
100 132
7 1839
61 960
12 466
95 203
63 1481
59 712
65 19
55 1918
5 1408
37 1450
44 1615
40 280
68 1476
69 702
97 1437
55 1881
12 1876
74 749
52 1303
36 1591
53 887
17 1333
66 1582
61 808
42 804
35 1912
67 1203
24 1417
3 1114
56 94
74 1999
5 1771
27 153
90 847
43 1372
69 1761
71 166
36 825
78 362
100 1299
6 539
96 240
61 507
13 1278
47 1364
14 1977
70 567
21 241
94 707
6 286
82 345
75 1537
11 366
65 701
27 64
83 486
69 1788
16 1849
51 223
42 188
76 27
36 23
87 1021
52 1507
47 1389
45 1026
49 1478
6 752
31 1270
80 1864
27 1816
60 10
67 1232
45 779
5 1702
16 253
30 872
77 1137
79 665
17 1402
92 478
84 1956
5 682
21 549
57 1400
76 146
4 793
55 821
68 1823
56 1998
40 650
82 424
49 1168
78 1614
12 386
45 765
96 61
95 891
56 1454
89 920
76 10
9 1076
68 61
2 417
44 1713
16 171
58 1121
29 197
73 926
6 1446
4 1890
3 1748
95 1891
69 1343
95 1946
49 865
75 1861
25 1877
74 1802
2 374
60 1325
78 889
41 1060
85 845
7 1657
19 1553
22 607
36 584
88 760
58 985
99 1126
18 697
44 1217
89 397
66 857
6 1274
82 1053
57 672
87 1531
17 1719
53 840
97 1016
46 482
60 511
41 964
71 416
87 1850
52 40
2 310
68 948
63 114
31 1320
75 791
23 969
78 413
70 715
81 996
45 1379
72 883
30 1620
85 1999
72 700
30 862
46 1828
1 1643
40 1539
7 1117
8 485
72 708
100 923
9 1780
59 1810
57 1077
95 1576
48 297
46 1772
84 1632
84 1526
54 1257
72 1543
25 922
81 338
17 529
35 522
68 1404
77 1070
59 1286
9 1987
51 307
30 1009
2 798
14 1681
2 368
20 1813
90 1252
7 1976
90 121
24 439
61 1368
88 32
90 518
94 410
90 172
19 1846
93 1413
31 1237
10 344
43 1530
32 215
20 641
94 1415
3 1231
13 1953
25 1868
60 536
84 1391
36 1660
82 104
77 1102
26 228
17 1861
61 748
100 16
56 655
68 1149
7 1250
98 202
51 421
40 634
95 344
12 522
47 1053
29 1940
34 1008
12 323
78 820
86 1081
49 1727
12 1246
11 633
35 1882
37 1345
86 1652
20 1041
84 347
38 979
2 470
72 20
96 1207
29 904
71 1205
26 1086
96 778
75 517
6 1354
76 1119
61 165
83 789
90 1231
49 828
93 782
84 886
94 1107
32 1835
63 813
72 1738
42 1002
99 1339
75 624
46 1159
87 1243
60 1546
3 183
81 1143
58 1217
51 828
76 361
82 1032
37 283
38 1355
53 78
23 1149
33 555
64 898
51 562
26 619
77 1242
79 960
47 1160
18 589
86 547
50 939
11 1013
43 849
61 500
11 747
54 593
37 1705
64 1360
30 1163
16 506
69 795
14 1728
88 1883
19 288
11 82
22 973
5 1297
8 170
65 1466
44 1847
75 1955
54 1151
54 1671
72 1729
44 846
98 1870
52 975
84 1730
52 1219
5 263
31 427
26 1670
88 420
74 463
4 634
12 764
65 1771
41 352
43 1934
43 629
99 1668
85 39
46 1213
57 171
6 878
59 517
39 1666
75 632
9 302
48 1566
9 1337
79 346
21 1532
68 460
28 1383
78 918
90 196
1 669
8 1887
83 786
63 86
32 1217
23 462
95 1273
49 1782
40 349
52 1488
35 43
60 1581
85 315
24 1528
30 730
90 1078
2 152
57 909
64 1198
74 610
76 36
26 1479
96 1826
3 1781
85 1957
60 390
22 1653
70 647
45 1653
36 347
61 1930
75 435
45 847
99 1277
15 1688
32 1067
7 1382
49 1238
32 411
1 1458
55 1502
54 1811
63 97
46 928
29 1553
60 744
89 1662
64 2
12 156
98 1993
68 584
5 1848
8 399
15 1490
45 268
83 821
86 368
41 1680
98 951
93 242
19 1992
83 1781
45 493
18 828
92 1445
43 1448
35 870
32 1121
93 502
40 147
21 988
94 1191
46 1907
58 1620
15 607
55 181
97 1522
49 220
72 577
36 967
2 1283
14 963
80 1418
94 1902
9 1541
66 50
34 820
90 1662
71 974
29 1415
18 112
82 1647
41 1127
59 1748
36 416
27 1325
93 45
14 1553
15 1915
46 1752
5 1170
87 965
3 61
98 645
25 1162
33 1313
27 99
69 858
65 831
73 1446
12 707
70 1813
80 77
36 1162
100 1474
85 774
55 246
91 359
96 1196
18 1857
76 799
46 187
42 1089
46 1806
79 1089
6 393
60 1426
22 1960
45 1689
32 662
11 1255
46 385
4 1897
23 621
29 300
28 332
20 485
61 140
83 1952
22 1329
93 1398
31 1061
