976 75 70
64 788
57 1464
72 1671
74 1125
93 312
89 1065
4 149
10 1297
17 1773
49 606
50 1255
26 1623
56 805
8 228
39 1668
42 1177
38 1989
38 1535
77 1841
56 1049
38 1383
89 85
7 970
17 1522
95 1002
37 1377
46 671
81 399
37 461
5 929
41 1684
82 1905
28 1960
80 1065
95 657
6 445
53 275
25 414
83 1504
52 1995
51 1772
15 1051
71 546
79 217
24 1062
50 799
86 666
7 1575
69 1125
4 253
28 1104
30 1176
78 771
41 203
34 1504
49 1783
19 1885
15 996
84 664
28 1535
36 310
47 310
49 1549
1 1762
90 355
86 100
90 999
77 1363
7 798
36 1781
8 1088
6 972
90 1284
53 451
89 105
12 137
85 1431
23 1805
15 101
16 1835
78 508
18 85
9 1452
27 150
70 1038
32 1811
27 1210
60 211
53 969
1 64
67 1085
46 526
44 560
92 108
83 1690
39 1417
21 887
79 793
87 713
68 936
18 154
99 670
29 1652
55 867
23 548
78 1125
76 348
51 535
80 1817
84 1612
25 1748
99 1157
63 1244
71 1448
74 1092
88 450
4 1721
98 605
94 1496
30 869
76 685
65 327
90 1006
51 716
93 1769
52 885
61 844
56 727
13 548
12 217
30 967
78 603
35 1301
73 505
80 1724
70 1168
84 1420
90 1009
57 1772
74 948
3 1738
35 670
92 1304
10 358
74 1749
43 1140
25 617
67 939
51 901
56 666
93 618
56 1437
48 1082
69 1913
4 1884
16 1831
35 1187
59 352
25 1361
61 235
43 248
55 899
77 1314
88 188
53 1281
66 791
12 1289
74 212
95 1373
38 423
71 1719
8 526
32 1100
34 1650
48 543
12 637
10 1125
62 811
81 233
6 1636
67 113
8 456
66 1217
48 1212
49 1054
84 1332
6 1254
55 1217
39 141
25 765
94 1979
8 1333
65 213
62 1143
42 1384
28 363
20 286
6 183
26 1946
36 1485
27 1030
53 72
74 991
29 807
27 191
84 1769
74 395
57 346
88 1790
41 1261
79 70
93 170
25 1438
72 825
40 1084
37 336
8 1419
35 714
46 572
6 1065
24 344
83 1837
40 585
75 1029
21 1354
69 709
52 731
80 185
32 122
2 953
36 607
46 861
33 327
83 1507
74 931
66 942
94 913
10 626
29 171
46 686
38 847
70 904
69 336
34 1023
48 1642
48 1469
55 91
100 1643
36 1072
97 570
55 142
89 1487
90 1891
76 127
52 1147
21 1948
39 1431
26 670
15 1755
7 1093
73 215
45 989
80 1640
39 1059
15 1424
96 200
28 1572
94 468
63 20
47 1740
29 800
26 1703
14 1480
100 1006
89 389
19 1826
72 1575
86 1234
40 1263
34 1277
61 830
89 1796
13 1420
70 212
89 493
5 1043
65 786
87 1864
21 1820
7 784
64 6
25 911
4 1140
79 1332
5 1494
35 1952
95 257
73 1703
74 256
41 536
9 183
19 714
3 825
33 135
11 1258
20 750
58 439
87 1827
89 772
56 586
65 1238
20 1300
96 355
58 1369
88 1479
3 1047
22 1481
12 1145
35 236
63 939
29 282
63 125
37 1118
99 1079
8 321
96 637
48 232
74 1026
76 1451
12 1953
38 1785
51 1913
92 922
30 297
97 405
47 29
82 132
11 936
45 309
62 659
36 82
73 836
60 1810
17 626
4 161
57 952
93 238
55 1256
8 1332
31 610
34 1852
91 1413
2 1728
30 917
32 642
76 1886
13 798
73 408
23 1838
9 619
10 1245
31 37
92 734
17 522
57 910
68 859
73 1623
4 1354
90 438
2 1212
68 1279
48 1568
3 735
73 1216
1 83
74 550
92 1447
28 289
59 769
46 1415
15 1376
41 1996
51 1135
98 676
32 382
96 534
60 979
88 1539
35 300
69 533
100 376
43 986
38 727
94 1891
26 1904
50 1896
26 130
6 383
46 636
21 1693
18 1360
68 1611
65 1637
38 1420
97 1117
9 1039
42 615
17 752
95 1494
62 740
70 529
77 1717
27 1323
38 1482
21 438
25 506
28 1156
62 1202
14 1679
47 1862
71 330
92 53
26 1063
32 464
43 138
15 603
14 637
42 421
81 22
99 469
45 1990
29 245
69 1235
74 548
87 1896
35 231
71 1227
43 1535
29 1280
28 1761
22 732
31 353
90 1053
34 1040
81 1272
3 1625
68 1266
94 294
45 1043
83 1992
73 1144
53 759
36 616
2 1623
6 1962
13 1307
65 565
64 574
11 199
5 400
46 1338
51 637
49 612
80 1829
88 1246
94 823
71 647
63 863
98 1449
65 1554
21 1101
34 23
67 1675
27 489
100 565
51 346
92 1700
99 602
60 1202
83 281
59 954
95 665
29 157
55 55
58 1431
44 747
18 289
72 621
20 1016
52 427
25 1469
100 217
63 750
86 1256
54 1814
39 1642
77 497
26 85
35 98
94 566
3 1480
7 24
90 718
48 68
77 754
91 1659
67 1369
83 211
64 1169
6 974
21 518
83 1393
94 1881
51 291
26 1886
48 1189
86 1733
73 81
68 1644
15 1125
17 1811
47 1330
81 1712
70 176
94 1779
41 1541
40 1756
57 38
19 636
81 1900
49 842
53 971
21 1239
19 1791
65 1155
100 1576
80 786
46 1991
3 1385
63 361
13 158
88 148
56 799
3 1872
90 1969
86 632
60 348
49 1217
50 564
1 1898
3 1708
62 692
39 726
30 835
82 1806
7 1430
14 328
71 628
3 1751
34 1448
78 1535
52 1150
32 621
11 558
77 1958
3 1321
20 1053
100 1073
89 1897
32 1230
77 454
78 142
44 763
26 221
52 1548
65 1109
40 976
88 1991
76 710
20 347
32 884
20 853
60 80
83 808
90 1314
68 1183
88 1481
55 746
15 1149
48 1270
24 1958
18 1456
70 379
85 635
20 29
92 1727
9 1253
10 693
13 1435
47 1009
30 905
41 1039
99 31
60 513
4 1928
15 1063
14 1117
47 880
19 280
25 897
33 524
11 868
95 963
7 450
85 440
100 579
58 1350
9 389
71 1616
11 1276
77 1683
61 297
98 457
45 1262
64 1967
74 769
98 1273
1 959
7 357
40 371
88 941
85 1911
17 241
46 1162
39 884
65 1586
65 1750
3 772
28 1010
40 1810
16 408
85 1652
75 1422
53 986
20 1763
21 113
48 1156
16 724
80 1154
85 693
20 244
82 1324
57 681
80 1231
37 640
64 451
75 1788
98 354
37 946
28 653
74 421
14 1204
3 596
43 227
77 1649
6 1727
8 1238
25 322
43 708
86 1523
68 812
85 1674
5 737
5 18
99 957
26 992
37 323
2 1347
100 1909
19 1884
74 1735
45 1648
77 1475
96 1275
66 815
63 1671
73 588
74 222
67 1872
18 269
21 1559
47 521
2 677
94 118
100 1039
100 950
59 1098
25 1247
75 164
29 64
7 130
44 1108
53 793
72 1864
80 1026
36 1834
12 1527
95 1091
60 1603
46 39
6 298
13 9
47 179
87 1956
64 575
97 664
64 837
13 370
51 1692
92 159
92 1709
44 850
54 167
45 1732
96 1973
2 731
70 1294
20 63
54 1099
95 1848
18 1582
76 1772
8 496
42 1704
23 1307
79 1388
80 1418
82 1324
77 1919
75 1572
89 1875
94 1997
85 771
19 205
84 728
29 1171
89 1655
78 643
28 651
87 1695
2 32
52 695
47 98
74 209
21 517
31 1997
11 1078
6 1507
57 1
47 1326
42 84
25 1276
71 564
86 1558
14 367
59 1870
99 322
29 407
29 908
64 1097
5 1298
98 644
66 100
73 341
36 1392
8 1495
22 470
3 1996
74 1212
18 1517
49 1314
56 1629
70 1768
36 1412
51 991
83 683
25 1198
59 1716
19 374
20 988
86 1416
78 1651
51 1333
70 1195
49 566
60 1615
77 1454
92 550
84 1724
31 392
36 1173
16 608
89 449
8 130
61 1317
91 1344
78 146
100 216
82 1643
55 752
93 892
41 1668
39 1193
40 1311
52 1445
79 280
100 725
99 1151
18 1188
3 1369
76 328
82 1176
64 1716
24 1870
61 1279
38 1347
49 1125
85 1285
66 1389
87 768
66 251
44 1039
91 1671
92 1233
75 541
42 1935
17 486
8 428
8 1095
100 1086
99 873
19 1373
37 1961
59 634
22 1345
79 1954
62 758
29 115
46 483
3 413
36 310
87 588
23 1321
7 150
19 388
81 128
1 1969
86 1094
54 1696
29 1066
64 348
10 237
85 1486
7 1820
36 81
64 428
22 1589
42 1881
66 1880
1 332
48 1458
26 747
30 863
78 949
10 1762
65 798
10 904
61 1928
62 251
55 883
22 601
54 1654
32 308
13 622
78 122
31 1606
91 840
97 488
14 1531
88 483
95 119
76 1534
7 1196
4 1979
62 1701
15 128
95 627
14 1570
42 762
42 1410
88 457
61 477
60 64
20 1150
41 1469
96 1415
73 328
38 1233
96 1392
27 752
32 85
3 634
75 263
64 1369
41 542
75 1102
83 812
71 393
40 1329
65 1862
96 1549
2 106
87 1547
62 415
47 876
69 1708
100 1249
73 505
42 989
48 114
96 842
26 345
16 27
64 1137
99 130
34 936
22 932
90 1092
61 1769
2 321
23 712
28 1258
2 338
11 103
73 1038
61 1509
83 453
44 1276
62 158
61 205
43 29
31 779
60 1688
67 1244
95 1819
8 287
17 1484
18 448
87 97
75 1577
3 1392
53 1900
26 999
52 591
29 1246
70 198
62 953
70 55
76 1106
59 1914
34 1351
69 1600
83 1920
72 198
50 404
27 1338
