917 212 427
8 1734
80 976
95 1375
67 1787
100 1028
67 1590
99 945
36 1112
57 1670
4 483
60 546
76 518
6 771
25 979
93 285
51 947
10 1754
20 649
31 2000
80 20
2 1865
8 889
91 47
40 673
5 550
89 159
66 31
35 1588
44 1002
20 678
26 1787
62 335
98 1345
45 930
54 1539
35 291
10 987
99 1479
46 1064
80 1833
20 158
8 1663
40 817
81 1292
6 1986
6 376
72 681
93 797
9 691
32 1715
29 654
65 958
62 163
62 1654
62 1027
97 1368
74 806
16 651
6 655
17 1173
54 4
4 511
9 1932
9 374
83 234
15 1652
40 1417
81 1983
71 184
81 1231
60 537
74 582
6 1061
30 763
8 706
59 375
46 359
21 1972
95 846
49 403
96 1435
65 1837
59 1773
35 924
49 867
94 171
76 1137
39 1147
62 515
97 551
10 1233
71 1338
84 147
69 1328
15 439
29 891
60 785
3 1815
10 1842
32 1407
16 1052
11 1185
2 244
68 1567
88 89
57 552
64 1445
22 407
2 722
81 666
36 62
14 837
22 1794
55 1112
68 1151
79 655
23 602
28 664
50 218
46 410
69 655
46 1284
37 1653
99 452
73 1690
20 985
12 1244
42 1915
36 1766
100 1705
98 1101
68 1491
27 1174
39 522
51 1754
68 1380
57 876
29 1413
90 1114
95 1178
4 1219
78 1271
85 921
4 788
88 262
86 1251
53 1731
68 37
24 679
2 46
55 493
10 710
7 745
29 1889
63 188
84 1425
41 1734
44 955
48 1436
25 1560
39 1866
50 1692
30 26
21 780
74 518
32 811
100 714
25 1766
16 1438
34 578
56 1410
52 562
98 682
29 1453
17 237
51 1326
81 185
27 350
92 1305
54 272
45 186
10 75
11 570
76 446
77 225
25 558
48 725
95 1859
60 1769
9 1092
56 181
33 320
45 1852
77 832
78 1369
68 201
5 1900
7 1541
95 1156
7 548
24 637
45 895
77 1180
19 350
47 1256
24 490
21 1836
4 373
1 522
60 121
83 818
77 15
93 1667
59 129
18 673
39 1170
57 1688
98 1868
33 1536
46 201
83 897
39 1638
51 1337
7 614
51 876
61 1491
60 731
40 298
86 520
94 743
30 1497
3 1470
18 1723
84 1901
57 1656
40 414
96 236
45 817
40 1765
94 1769
36 617
92 1893
41 61
26 466
28 515
5 1967
100 643
75 1746
13 1805
96 473
45 45
7 820
81 609
35 449
66 71
1 1399
64 1706
27 1495
50 399
49 767
67 1963
11 370
84 535
12 1125
24 327
57 442
13 1383
37 546
39 71
88 1711
61 1384
37 1432
18 1431
36 145
94 1210
71 1514
23 1737
25 1734
58 239
13 1263
61 1632
84 951
60 989
61 626
42 1238
84 227
47 704
57 1093
80 1031
18 1211
71 437
60 1385
83 1428
89 1524
50 688
22 1719
45 929
20 520
11 1592
56 619
26 519
95 1606
95 1206
29 1204
68 1075
30 205
91 1593
66 1125
4 725
41 1188
11 1765
64 1351
63 609
73 726
38 559
41 1221
35 1042
90 366
96 706
66 1422
7 850
26 927
59 366
83 1847
82 499
13 623
74 1220
69 614
73 1161
11 519
69 1131
52 1656
16 1262
64 1780
63 126
55 1004
89 1741
56 553
27 1851
51 1190
13 487
64 1707
63 981
20 796
1 561
63 1604
20 1491
65 1052
82 1892
73 1569
60 863
100 1269
74 1851
64 1780
70 552
84 1929
65 376
81 2
18 81
38 18
12 1040
20 901
91 928
69 1065
89 1131
38 1900
7 1888
78 1904
29 309
53 1750
50 79
12 1674
41 416
15 1819
35 1728
93 766
74 159
34 1779
1 441
99 1720
89 1740
38 1692
39 1878
16 1895
24 35
23 824
77 981
7 96
15 1108
43 1613
25 1769
32 57
55 1429
18 820
23 599
100 1103
74 1502
81 779
18 620
14 593
29 204
34 1043
88 1685
87 1698
29 1518
3 130
93 229
11 1275
94 459
83 1058
53 1682
94 903
7 458
36 976
50 840
53 182
17 552
79 1197
35 1253
82 1354
32 198
99 1793
92 235
3 173
37 1576
29 1507
71 1841
51 409
18 440
69 1314
68 1602
59 141
36 304
5 992
90 461
99 1999
3 723
21 1938
27 324
19 261
62 1669
57 865
40 637
51 971
41 1535
7 507
56 915
3 1856
97 476
92 419
80 1654
23 1401
32 1694
95 957
61 1975
19 1725
18 1114
58 579
82 1501
84 775
49 1623
67 786
49 195
98 6
54 1571
80 845
18 1352
85 928
5 1503
40 618
73 1773
76 507
57 846
88 1008
35 42
20 835
46 842
35 1295
5 1961
38 1336
25 1422
6 392
37 250
93 780
15 797
69 209
62 941
37 921
34 1290
28 34
92 507
7 1305
11 1581
86 394
34 910
94 1724
35 581
66 1163
54 916
99 1989
58 1248
20 1930
49 1649
94 1645
11 661
89 1680
65 1321
35 863
26 331
25 428
33 378
14 347
44 927
82 1406
76 560
36 420
98 1089
99 1965
6 1166
88 1889
78 200
43 1490
86 1244
10 559
37 762
86 1419
82 1875
95 749
47 1828
76 1657
94 1331
79 303
39 504
2 1250
93 942
34 1228
4 938
90 688
6 1979
79 1504
33 1874
63 144
52 20
8 1771
14 1677
27 1364
19 952
84 1631
16 1772
88 98
53 297
60 838
21 1396
59 1714
30 1871
71 410
38 1692
48 291
65 371
2 1387
11 1890
80 1191
84 389
48 1069
70 1894
9 339
56 1494
6 423
69 1117
73 1456
82 671
21 821
7 1728
55 1533
63 825
39 870
79 906
69 1786
5 178
82 575
49 430
49 254
84 1134
89 1591
87 206
49 786
42 772
13 1881
74 1285
98 756
75 989
93 1861
26 1726
96 710
22 1032
42 943
97 1195
17 1340
10 1529
4 14
53 255
1 1793
6 437
75 798
1 1460
53 834
81 1111
84 527
100 70
53 1809
23 1071
61 563
66 261
84 1539
58 94
28 660
81 647
36 243
58 107
80 380
93 1604
18 781
85 1777
70 939
80 1448
27 1076
19 1054
50 1893
75 1029
50 781
39 1653
8 1633
20 1791
55 1889
1 397
11 1499
54 94
59 1903
38 49
29 1235
20 399
2 1720
43 382
65 1756
82 851
8 1905
87 440
44 1869
25 350
24 932
60 260
65 1396
24 1561
68 1647
18 95
12 846
6 1249
22 467
76 630
43 272
13 406
49 1270
16 92
76 1601
18 781
34 1554
11 824
12 1373
50 1198
95 213
51 1492
84 1108
99 583
28 191
87 1247
27 1464
65 631
21 150
99 123
25 195
93 1795
37 1621
18 160
74 335
45 1221
58 248
50 1224
20 653
90 8
19 1746
3 1088
9 350
69 1485
36 568
92 1453
54 1549
79 665
81 212
28 1909
79 19
30 1797
32 1618
83 1378
72 176
81 1389
23 1974
63 1650
57 1849
31 1953
71 996
39 410
39 229
76 1383
79 390
15 654
1 991
55 726
54 1402
69 1754
72 280
2 1917
32 1394
98 1837
52 945
53 42
57 1586
3 1961
69 1029
84 1268
99 1669
29 1620
26 1885
12 226
23 360
18 26
65 554
27 737
31 1741
89 1960
85 223
12 17
91 10
2 1714
7 947
11 360
7 776
51 1438
54 468
95 142
31 772
52 1735
70 31
94 320
100 1969
8 204
61 1097
88 1934
100 84
70 1454
97 1209
64 1261
97 119
73 1381
91 1803
2 741
2 295
20 604
88 1503
80 1395
45 245
7 160
58 280
61 872
32 376
32 69
96 942
88 824
92 1626
79 129
59 556
30 381
53 1639
22 527
93 130
32 946
4 1185
29 829
7 1620
83 936
71 671
96 158
34 1338
100 1700
9 1369
68 1465
89 990
19 910
27 893
74 968
12 1905
100 516
8 1389
36 618
73 1030
41 1253
26 1199
57 658
26 1188
49 1559
59 940
97 1654
58 665
41 737
64 1665
51 1872
42 882
70 1137
81 1905
42 1040
10 20
28 1208
32 1873
33 1448
25 118
90 793
82 1611
74 527
21 1509
36 1758
33 12
10 1055
29 1487
99 1635
12 230
48 1319
9 936
73 1976
21 894
22 1513
33 1047
14 659
10 1102
59 861
10 282
19 1660
61 1668
64 204
64 974
11 1855
16 1074
10 1782
10 184
1 990
22 1836
17 781
29 799
48 1597
44 1117
68 71
37 576
40 1620
40 1891
10 416
79 665
2 672
70 1902
67 1397
62 1774
19 242
86 1797
90 283
70 727
57 1374
71 577
33 214
23 815
81 909
55 1311
35 1730
22 1478
71 1212
44 1554
13 78
59 1312
26 443
97 319
68 1995
90 1317
73 783
11 848
41 753
71 1023
67 752
85 850
42 523
18 1167
87 395
73 1159
30 838
12 472
97 1633
68 628
69 1766
71 1586
68 871
45 516
1 561
90 56
53 164
6 1875
22 1346
35 315
55 1398
50 291
15 872
66 525
9 574
