963 849 149
14 298
18 1782
81 1161
98 1716
16 1293
40 600
88 1181
45 742
23 1647
61 82
60 380
59 1925
89 1601
4 224
96 711
70 1792
36 1766
49 1219
37 1158
62 650
19 1542
2 1135
71 576
41 1385
66 1004
67 13
6 325
87 1911
79 889
42 1882
82 1604
10 1556
48 63
76 1205
96 597
35 770
21 775
22 325
71 1680
4 1703
84 1243
66 1169
76 1684
24 1807
76 1404
55 1046
46 225
70 1368
94 157
92 1621
39 1534
82 68
40 1302
94 1363
41 372
59 1179
57 979
33 1175
45 1585
15 310
51 1490
99 1039
51 1446
2 565
58 1080
25 1675
73 169
59 1945
4 269
5 1232
23 1444
54 1467
75 123
86 1750
86 836
88 1523
21 1859
70 1739
22 1515
78 354
9 697
75 526
98 686
70 1673
47 419
86 1173
24 1672
52 863
44 1261
3 1335
66 229
95 655
12 520
64 978
46 968
90 1352
18 1702
10 1431
14 485
75 1467
55 1327
2 1913
41 280
39 304
11 736
41 1698
77 540
4 626
63 1847
12 1453
35 485
13 1582
9 392
33 1133
14 183
86 1880
23 635
53 277
40 1708
85 134
37 1260
88 558
79 1458
2 691
58 281
52 1044
65 266
16 1709
15 664
53 633
49 842
2 407
56 350
10 1808
40 1612
51 104
93 1145
3 1731
53 1421
35 1050
26 631
90 1726
9 655
15 1805
11 1708
83 258
35 1976
8 1953
5 544
15 1075
61 864
45 1839
95 1999
16 522
14 551
61 545
74 231
67 196
30 284
82 581
53 318
32 289
49 1079
76 1294
98 889
78 1206
84 784
67 1138
3 566
25 491
34 1718
29 653
18 323
62 1710
57 698
73 157
74 420
87 1102
94 865
98 1845
43 1122
12 816
12 1141
32 1674
26 118
67 990
50 1940
42 1497
55 674
93 1779
8 1887
99 526
53 936
3 1792
38 492
18 430
93 1345
69 314
86 1685
46 63
11 1831
14 1161
57 1751
54 602
60 187
42 1707
69 1364
57 1856
46 1457
67 15
42 1570
67 50
11 959
69 363
64 1386
63 488
23 642
38 407
47 137
71 907
85 1064
98 1519
84 786
63 954
54 103
40 917
61 458
63 809
70 1732
99 1420
76 890
96 381
32 1389
86 1150
40 1297
90 1218
94 1104
21 1335
91 559
89 37
24 129
54 1431
11 427
44 1754
24 1033
57 964
6 1599
73 743
60 209
8 838
85 343
23 1287
28 939
71 1994
24 1541
91 1193
44 1321
5 1520
5 735
99 1806
71 756
1 1500
36 591
77 1518
35 839
50 1176
58 675
70 1204
42 1569
12 897
15 571
76 1917
18 598
96 934
49 1853
71 1757
87 1167
32 1020
76 164
46 521
31 1845
37 1660
61 1836
87 766
1 522
11 1699
50 1400
10 649
27 944
68 145
46 701
26 109
58 896
86 75
97 597
66 977
2 629
24 1577
28 125
45 879
12 462
5 1545
83 1302
39 1398
94 176
30 1722
57 183
78 1705
18 1873
34 242
64 1082
82 286
12 189
5 1704
50 1515
37 623
99 1349
70 442
93 1692
100 1884
24 476
92 185
76 1651
32 327
43 856
86 1352
72 1562
22 183
67 1591
78 608
19 1503
44 182
26 279
14 815
89 1506
49 930
31 1789
70 1381
18 138
44 400
87 975
52 1030
9 1199
33 1348
25 1498
77 1882
84 961
31 219
6 1645
85 1952
74 128
93 1073
74 1499
82 646
67 1426
22 1451
84 653
49 387
60 832
53 1870
81 174
36 1374
88 281
17 198
26 669
98 1860
44 622
62 417
58 1983
50 1110
64 516
30 1489
45 682
61 1864
67 1285
100 1709
48 1947
95 723
72 304
77 64
86 944
7 340
59 804
2 777
65 1519
32 154
12 1321
47 89
27 1454
8 1388
72 1831
19 1464
45 1977
32 593
70 1084
98 97
67 127
34 215
40 1402
82 1841
54 1685
54 1725
43 503
78 1772
97 1121
81 1144
43 188
34 680
40 1024
25 674
44 358
29 288
56 705
72 566
34 664
90 1938
33 1655
81 1253
86 711
43 929
67 1275
42 644
75 1597
97 1236
41 680
56 907
86 1383
34 1734
89 1533
48 264
54 1751
65 804
51 1439
80 1194
24 1970
86 897
93 500
21 1351
92 674
3 1957
41 137
11 1031
78 790
97 170
79 1997
96 1974
34 573
37 1582
35 643
89 565
77 591
99 116
12 1284
83 826
14 324
78 307
39 1883
11 267
38 266
57 1509
17 1383
18 311
44 1955
84 57
25 941
14 1102
22 1333
97 433
71 179
67 116
54 361
92 1157
80 1542
47 1938
38 1645
3 302
71 1509
51 756
12 1474
7 652
73 836
64 1100
30 1870
81 1105
26 1034
79 1294
55 587
6 483
86 35
17 1314
48 742
84 1278
22 558
71 1509
56 1921
26 1968
8 1200
87 1880
69 161
39 27
82 1599
61 687
85 480
100 1974
96 648
15 1459
66 1821
58 733
29 778
22 1793
98 231
12 1708
37 1737
99 1017
100 310
79 1736
18 924
94 1952
77 1042
5 1654
19 735
46 1998
51 1897
45 210
96 1553
84 625
50 398
95 521
13 679
83 1112
82 1173
25 1711
62 887
26 697
90 1416
11 490
49 478
10 1275
60 132
15 1589
3 795
76 44
82 1789
85 927
99 930
33 1325
63 1286
61 1001
83 970
9 1857
12 1497
88 91
52 431
51 193
4 1205
90 1392
11 16
51 1579
32 1291
15 853
3 1922
3 767
91 1937
82 1902
64 251
67 624
91 399
61 1937
47 1672
45 681
63 1477
84 1848
91 328
33 86
95 242
37 868
45 687
58 646
75 558
45 1509
65 1108
23 1216
72 913
10 1683
55 1187
71 155
41 1290
87 1528
92 1676
14 1908
32 1657
91 179
90 1089
62 891
50 1637
22 630
59 1052
75 870
94 1815
34 1625
82 487
14 1821
71 669
20 1174
40 1602
94 1645
58 1304
33 939
81 593
50 758
13 270
37 715
93 123
17 1085
90 329
51 700
44 220
26 1450
16 1622
82 1402
77 947
36 1994
25 631
10 1635
38 1493
60 222
22 610
37 1081
63 728
53 1915
55 1663
31 20
99 329
63 1528
96 605
31 541
51 920
45 835
5 1070
19 1700
94 150
34 1820
31 183
56 1227
42 1645
21 904
13 1937
99 568
53 360
53 336
32 59
41 1255
24 791
26 1375
3 501
44 1205
92 1293
81 1575
24 806
76 1287
12 177
28 1389
80 791
35 1969
53 1456
23 1945
35 102
41 1615
70 970
88 1847
86 1253
25 864
89 480
17 1304
7 440
38 37
40 1228
85 962
37 1546
35 22
64 826
6 1915
45 72
47 1870
73 1623
10 1970
46 1636
18 1258
83 569
25 1383
54 1795
98 1662
95 71
37 1774
23 1968
82 1168
56 1276
70 368
31 55
59 139
63 56
75 25
4 1179
98 685
20 1551
59 139
97 1265
35 218
99 40
4 234
11 578
82 487
79 447
23 446
24 285
64 1951
14 1172
34 548
11 1091
98 545
23 1481
9 1997
30 761
47 1472
79 536
38 237
59 809
57 466
97 811
37 1245
80 513
40 241
45 402
8 1098
12 1330
2 877
93 481
100 1332
43 338
52 1529
79 95
94 240
29 75
16 233
17 1672
92 1494
88 1403
77 586
21 316
89 1027
9 770
78 1898
9 1806
64 1849
51 806
19 1900
84 550
34 490
9 546
91 325
55 1935
67 1104
95 1138
24 434
81 1545
73 409
40 1033
50 1232
95 776
33 1507
35 652
40 1042
25 1331
20 1956
9 1765
97 1150
7 566
15 1317
9 48
49 944
49 321
87 1409
100 1425
93 1606
87 7
42 1291
66 1116
59 1746
78 1936
17 165
43 1563
72 59
18 1671
56 1626
34 1980
3 1613
54 1708
37 1686
78 1
5 1924
98 19
33 1208
48 350
71 1749
64 995
29 1671
46 686
2 1509
71 1880
82 1785
39 462
96 112
38 66
89 381
93 496
100 499
19 628
44 1523
41 1258
94 658
14 438
59 1279
87 1093
64 900
98 1427
84 1338
47 1470
86 754
59 1659
20 737
57 1096
15 1515
55 1714
56 292
6 1192
30 1491
40 1792
53 823
89 1496
22 1967
39 911
96 1621
83 965
18 26
81 48
38 1480
15 1968
70 1331
21 1062
85 594
26 1184
36 669
63 648
85 695
44 1519
87 926
51 1460
80 689
94 121
60 1521
15 391
91 826
66 496
8 948
73 982
46 534
50 555
87 490
14 968
72 1239
100 1538
33 794
66 105
77 1926
60 563
64 1006
49 1145
94 321
42 1280
59 1238
51 1387
97 1239
20 1231
13 194
41 775
98 893
38 841
10 1835
90 1176
23 205
53 363
1 890
83 671
100 1762
35 1832
1 1247
72 558
60 94
39 197
28 124
64 1693
51 1588
29 1468
27 648
81 1832
29 190
42 346
64 1757
98 623
33 1207
34 417
3 1434
27 533
32 274
72 582
70 33
52 178
22 1042
74 675
48 1242
70 833
9 800
54 1014
65 526
49 723
85 1272
18 1281
21 1357
88 26
41 1212
13 264
25 1849
84 1518
72 1696
4 630
17 264
70 1771
9 1516
13 553
68 1830
36 593
84 61
67 1585
26 289
8 1043
54 131
49 1573
34 603
17 1065
97 853
75 254
1 75
67 1838
82 1305
40 201
93 172
8 851
30 1469
18 1705
16 1837
46 1658
45 49
64 1283
