930 437 348
57 224
19 1426
86 1885
42 1195
76 1280
16 55
15 1913
1 435
52 1796
92 1774
50 190
43 216
72 1975
61 983
4 1241
23 331
12 1977
9 965
71 683
75 420
22 1706
63 1840
27 440
16 810
66 547
60 755
6 1610
98 76
2 574
83 1726
85 1868
66 683
78 1241
49 789
52 1599
6 1966
42 1256
34 1567
58 888
97 125
19 688
58 1545
3 1679
36 934
22 876
1 128
12 1122
30 1004
53 1659
43 1578
51 224
13 66
99 1631
9 1262
56 159
18 1204
68 1712
30 1240
13 502
97 399
71 824
83 1014
7 35
7 1572
15 1509
76 845
26 1479
99 1401
75 1946
45 1012
45 181
58 87
22 221
65 231
12 743
82 989
11 1930
74 38
56 1433
18 652
33 1247
39 1396
70 539
60 633
72 1487
40 809
80 675
14 494
38 991
94 1280
79 89
54 1978
16 188
29 1690
20 1162
46 956
95 1970
72 1177
83 69
25 1644
79 1878
9 1173
91 1617
84 130
99 670
62 747
95 1253
69 316
87 691
84 824
26 1326
32 412
8 646
24 194
29 61
81 1224
4 1688
73 992
72 6
91 1913
8 80
92 286
16 1202
48 477
7 1178
20 826
76 1822
82 165
34 418
58 1289
79 1994
12 1687
74 125
2 451
24 1867
87 444
48 1920
16 690
26 697
2 1075
82 1094
92 215
68 1569
30 1341
19 1071
46 901
42 372
27 255
71 1036
11 1636
18 247
21 1076
28 1060
82 1279
21 753
39 712
70 1458
36 343
43 1744
4 1214
28 1028
73 1534
27 261
33 1674
29 909
88 396
96 1219
32 839
8 1013
79 510
92 179
32 1203
80 228
1 625
9 83
90 1806
17 890
34 828
11 1442
62 831
1 1178
6 1716
96 1414
92 1983
100 1162
42 901
5 39
8 1580
44 1236
9 79
10 1041
42 1127
58 1128
37 1414
81 262
78 1366
63 841
44 642
35 1417
66 739
40 1835
83 1805
62 420
63 1323
46 27
35 552
26 1635
72 863
42 855
34 134
20 1319
70 135
75 146
94 591
93 372
13 250
43 466
95 1407
32 1971
49 1127
22 945
56 724
8 1136
18 1920
19 1359
22 52
83 1773
89 906
48 910
29 1508
90 1214
53 1950
18 660
13 257
91 1291
83 906
95 813
34 107
45 1377
50 417
51 1335
76 1366
99 737
84 1735
84 1124
96 472
50 1135
71 646
89 668
85 973
14 1845
40 1020
42 1560
40 1814
25 1677
31 922
59 1816
49 645
28 1419
26 54
69 190
55 626
60 1585
73 666
36 144
36 234
83 280
61 1811
60 522
22 555
76 1613
86 1219
46 1545
39 985
34 514
19 1583
8 145
79 1948
54 569
70 18
91 616
37 1088
80 1341
45 1304
30 1209
77 1571
62 89
34 1076
74 1907
57 1082
21 974
59 954
28 1671
51 781
26 1586
59 694
37 557
36 646
58 491
52 275
55 240
8 6
82 728
23 1941
85 1389
20 1
24 1081
75 16
75 1624
63 765
12 1922
2 366
15 775
25 390
9 1755
6 1645
26 1173
32 1069
37 483
61 478
13 1424
98 100
20 1832
50 599
79 1963
91 1908
50 1889
22 1458
82 1789
45 1863
88 1413
92 1388
14 673
11 494
4 1025
53 1335
72 84
66 109
53 790
68 216
30 825
84 1514
15 824
72 1306
79 1224
43 1441
29 768
89 89
52 811
19 1459
88 587
98 1608
2 1312
12 818
3 1769
38 364
94 522
5 1255
82 1087
94 766
9 111
48 332
94 149
69 1389
52 603
8 898
36 888
21 841
29 1996
5 1853
54 841
31 521
100 1701
95 403
100 525
66 1607
19 1659
99 1344
88 907
69 1071
50 1403
4 581
31 209
44 1795
59 130
19 1204
25 639
47 1545
23 1954
5 758
53 314
24 811
80 948
80 118
47 1419
52 134
1 1505
53 179
24 1854
85 444
26 1879
49 161
42 51
47 115
97 1515
31 24
93 1888
94 1347
17 1697
19 1124
47 1852
42 332
79 1077
70 1892
36 614
88 750
12 54
60 379
63 988
86 1519
36 1253
49 1202
11 933
38 1400
38 1034
89 435
99 1863
28 1864
10 928
20 751
59 1073
23 1583
54 100
98 346
53 387
48 1332
81 682
44 890
65 929
44 65
75 265
77 188
84 900
88 1842
43 810
46 926
21 1609
60 569
75 876
86 1846
75 207
78 1276
88 258
83 985
53 1613
22 1957
76 1795
11 885
54 1434
1 1665
77 346
68 1880
85 83
27 1011
17 644
29 567
67 665
50 1358
33 5
38 56
72 512
18 1374
44 211
100 1560
97 962
68 111
34 1032
82 1141
21 922
14 964
10 1540
38 1957
35 537
99 1730
47 426
66 1662
94 1412
3 1059
68 1502
63 1147
69 3
23 1011
53 542
33 141
31 803
7 1398
3 1878
5 1368
20 86
54 528
79 1897
66 498
54 1886
10 1739
92 767
96 1880
66 102
61 341
93 1953
76 1609
56 665
85 32
32 1839
34 1448
2 136
5 1872
66 1899
78 862
98 1768
98 1360
76 44
44 822
47 1826
35 526
35 988
76 335
72 1234
57 1498
53 1786
6 1677
61 1000
7 1562
97 1624
95 345
68 682
23 313
36 477
58 636
49 1232
27 276
11 1237
44 248
27 1030
26 716
5 716
48 672
85 14
72 1847
15 1367
80 138
13 507
2 1438
7 1691
38 356
8 471
19 448
72 1236
68 1340
36 63
20 1982
18 1504
96 1575
57 1073
77 493
83 1601
45 1035
85 148
45 327
10 1342
61 773
96 1648
15 1114
60 1394
16 900
20 130
67 1880
74 1196
99 1131
6 1562
57 1413
16 205
46 1891
72 1533
63 1485
54 333
45 1815
89 195
81 1099
65 759
65 118
67 1289
88 370
74 248
20 453
24 656
13 40
47 1396
52 1930
29 1149
85 1398
32 673
29 1010
34 1031
83 905
32 1786
74 252
69 156
30 468
70 1757
27 1179
43 556
35 716
68 1870
74 1672
53 1436
77 539
27 1777
18 1950
13 869
77 1486
93 340
43 1085
58 1603
6 567
5 1923
41 855
63 1718
13 1771
19 658
37 1237
72 932
62 292
38 934
6 291
44 676
45 544
100 924
17 1840
62 1989
50 577
41 657
53 320
87 1621
62 748
28 968
7 1114
22 1658
60 26
52 1144
56 57
47 445
5 1465
24 1451
22 735
52 1002
64 91
88 976
39 1245
89 1538
95 1638
74 1417
67 1085
39 1897
84 1091
42 974
16 1337
52 728
97 80
23 1704
61 1889
65 1819
44 686
15 839
48 904
79 1764
15 1651
63 493
6 535
63 486
9 1289
4 704
75 1353
50 1564
23 1741
39 1644
11 1950
77 1408
76 1616
74 1311
11 1400
70 1620
58 1978
77 91
94 913
1 524
71 98
82 488
36 322
72 17
49 1943
73 1871
2 701
32 992
46 1355
73 863
100 1669
77 1145
17 1955
93 1516
14 1569
2 129
71 984
44 1115
43 1901
55 176
66 936
5 392
33 1224
77 356
66 1126
3 144
67 247
54 1244
51 1206
70 711
22 849
14 445
32 626
41 1556
57 272
35 689
31 1415
74 320
57 966
30 3
42 1832
46 1674
45 1734
23 1540
76 1035
22 1029
59 999
57 1641
42 919
46 1416
45 453
52 923
23 1292
70 478
29 1440
45 998
44 827
32 612
41 330
78 1914
72 426
15 462
72 333
19 909
85 209
51 1410
55 1059
17 807
54 159
67 795
57 1756
79 660
67 678
46 295
8 1067
76 806
16 1883
2 1641
53 761
59 1696
38 1287
4 728
80 1537
44 524
28 1129
98 606
53 1859
92 102
4 705
95 1930
77 578
20 911
7 1590
91 1375
42 1493
70 779
41 1697
1 130
23 1705
15 51
46 992
11 1424
50 1757
79 692
6 372
5 1670
24 1557
77 718
78 1411
38 1575
88 872
20 885
24 1895
93 1321
32 1906
19 852
3 221
74 1864
15 595
10 1589
21 663
18 2
37 301
18 970
19 1498
59 1098
55 538
9 1303
17 1089
53 1413
68 852
76 182
87 40
10 1487
100 43
19 210
25 1010
68 1591
49 1171
17 668
20 1380
49 671
45 1731
41 1113
11 167
74 621
1 855
13 1857
51 890
28 189
2 910
11 994
55 1757
37 1277
3 1661
20 139
93 103
61 431
44 1291
91 882
22 769
97 1338
50 1523
28 414
38 889
56 345
92 1301
98 1406
78 1537
65 1003
87 1797
71 432
16 1165
3 1921
15 890
69 970
63 680
21 131
72 1600
83 181
92 1375
10 1900
22 919
56 701
19 1124
42 1657
2 1969
24 1155
27 1740
63 1790
31 264
89 1994
77 1970
97 1905
77 1126
83 509
46 1666
90 509
89 1835
68 392
32 47
78 465
27 635
66 1403
26 1758
21 398
10 749
100 362
97 856
28 1740
12 1741
64 1775
31 1532
52 933
100 651
20 1014
35 283
71 360
82 1386
84 64
71 362
8 1208
50 1281
57 273
21 307
71 1659
73 1918
70 147
3 1956
3 875
7 334
66 128
40 254
3 153
71 342
