901 6 410
63 929
47 181
64 353
39 527
80 638
39 933
44 1927
14 727
38 1360
35 1713
55 1835
18 1047
31 343
4 742
13 166
27 601
32 1475
50 522
64 147
20 1289
4 1947
4 242
20 979
94 1386
37 938
36 1146
84 1290
7 671
39 461
90 1601
27 1535
55 1282
63 550
98 1722
32 1040
39 273
70 1228
71 1100
89 1052
93 44
4 1880
4 851
38 1815
53 472
13 1722
63 301
55 745
7 1999
23 1058
73 1693
85 1999
14 573
42 1944
4 604
54 1304
27 1380
30 1172
81 67
24 1114
24 1834
96 1286
62 883
2 843
61 1494
62 64
41 237
51 72
67 1094
7 23
83 1738
21 1906
76 508
96 726
54 1620
55 43
56 108
57 778
7 1738
12 1421
35 1552
92 327
12 272
29 1316
80 404
45 17
72 1373
71 639
88 1578
9 1380
58 524
51 163
17 1384
20 1981
2 684
36 152
7 693
14 1535
84 1072
60 634
7 111
94 943
47 431
27 297
75 1480
66 1672
51 1076
39 1417
39 20
64 1144
67 351
98 1715
23 636
88 305
100 1027
60 1474
26 1327
79 1512
4 22
50 983
49 300
54 297
32 1764
56 1526
54 345
97 1138
70 492
67 406
26 143
61 643
52 1649
48 293
23 363
87 1061
19 843
43 113
86 1934
50 1648
85 1892
77 752
62 190
48 835
63 1515
15 762
27 1172
42 1328
84 340
56 1930
9 1804
24 157
84 710
83 1184
30 712
58 276
46 1883
51 1905
24 125
73 1731
79 1412
89 166
36 1492
26 221
20 1315
53 233
32 970
90 1528
71 1790
90 1931
58 1233
1 1661
27 1587
1 641
70 220
79 251
64 527
10 546
60 1767
2 420
32 213
51 1594
35 1149
74 830
73 141
19 1707
40 1600
64 515
28 130
92 391
61 517
71 50
51 627
41 1142
39 5
82 1948
12 259
65 486
64 669
56 1416
60 1705
70 1638
86 1886
54 639
29 1601
63 1899
58 94
73 176
21 1529
83 971
45 1877
33 221
28 565
56 692
62 1057
75 1261
22 1243
16 166
98 1667
68 600
26 600
59 453
19 1696
68 1838
100 1241
47 1896
50 96
83 1120
69 1059
55 1773
70 1346
92 1109
25 1403
37 1043
82 1255
61 359
64 1454
32 653
70 642
96 1475
2 1819
82 1558
58 574
49 220
37 628
35 600
30 72
58 1561
59 721
88 1795
8 1697
78 34
69 541
9 412
34 686
54 151
85 1975
48 140
37 263
71 954
49 673
12 1357
47 1275
50 448
54 1317
62 32
78 314
90 211
50 1355
91 186
66 1850
98 163
27 1540
76 1906
92 83
48 1520
74 1555
37 1540
61 1427
67 226
32 1198
63 673
59 1627
90 402
100 1281
53 509
56 895
39 1966
83 1931
3 432
53 922
37 1512
94 1680
74 1190
76 807
34 1815
56 1493
98 1183
19 1194
30 1509
25 823
76 159
59 1317
14 1408
97 452
44 303
21 1475
14 1914
75 1344
24 1658
65 1665
67 1832
74 450
51 1569
90 1007
49 1670
83 69
84 295
59 116
82 338
20 295
52 1718
97 103
18 1708
95 1501
31 840
26 215
1 1053
50 1901
47 383
4 868
80 1645
45 1762
72 1086
76 259
60 458
62 236
86 1885
7 206
9 504
88 1917
78 1945
29 482
100 412
64 1566
82 1793
89 1775
46 1424
62 1768
76 11
26 988
55 1475
6 939
51 1325
85 1920
72 373
29 250
54 724
8 1386
54 543
76 1820
63 1440
9 1466
60 393
76 765
77 1862
61 1045
68 1714
92 1419
87 637
57 1349
15 316
46 506
27 241
29 1190
100 541
66 320
67 1347
60 1947
26 399
2 90
91 743
61 839
87 1969
37 1813
9 965
53 404
5 1956
83 1349
68 1641
91 1824
13 126
58 1682
49 1779
34 1962
39 683
76 198
45 1767
43 122
91 1191
7 1377
10 1230
32 1894
31 1685
31 261
53 1075
22 1486
79 715
28 1338
2 1078
91 993
83 180
46 667
4 429
85 309
85 1260
19 1255
17 430
18 1203
40 1752
1 1377
7 775
53 649
50 187
68 1072
26 903
24 1254
35 1522
80 1887
43 465
32 1858
28 521
5 174
71 880
39 915
37 1635
14 1952
54 285
46 1449
31 1815
83 91
64 1451
55 1699
95 733
90 443
75 924
97 423
73 1941
82 752
15 1433
14 350
18 208
7 59
29 1694
96 597
86 1797
95 1653
96 1004
10 782
86 1070
8 503
24 1701
22 1469
95 488
8 1955
2 259
69 1099
34 807
72 1194
41 401
95 775
2 31
10 1204
16 849
7 1232
89 1180
15 1819
49 1700
53 124
95 219
1 1872
27 1301
92 1492
93 1391
9 1205
73 1583
67 1093
92 109
78 1009
81 1122
36 208
75 639
1 1567
87 1906
60 555
61 1957
83 479
55 1352
69 1055
32 1920
74 1523
14 1263
72 8
23 1781
73 451
34 1735
83 1912
9 720
79 506
81 1078
53 1668
8 1918
36 1335
94 978
85 1125
75 1746
100 1005
28 473
99 872
56 193
41 804
17 1913
34 1742
7 854
42 1286
83 824
71 1101
40 479
82 658
27 1293
60 238
1 382
37 1324
18 1861
70 845
6 1257
20 1690
82 192
40 139
48 938
96 1369
51 529
85 1231
87 479
31 246
75 1025
10 1665
83 1803
19 38
64 316
6 1054
82 1971
89 1854
22 418
17 1511
32 1026
3 412
15 888
1 1938
34 918
6 1788
1 373
88 951
53 1681
92 595
83 341
96 1364
80 569
48 1160
36 985
49 1002
17 568
97 118
83 1141
86 1838
92 493
47 556
42 385
4 377
93 1545
58 29
71 680
22 1912
91 978
45 592
34 60
48 492
52 1779
4 385
100 1840
44 1050
26 827
74 1246
9 189
76 957
18 1690
92 490
59 158
38 1264
91 1751
39 254
61 196
30 900
44 1964
59 387
54 1618
7 1664
31 936
59 1369
87 1154
82 907
94 268
25 20
88 446
26 1796
54 1135
13 1833
40 648
7 1579
54 426
49 1493
40 114
11 38
85 300
54 1095
68 263
68 1789
14 663
67 1009
74 224
4 1854
70 610
92 442
32 288
91 153
73 1093
76 655
90 1049
53 501
28 96
95 1406
51 1508
45 1289
93 1652
45 1737
4 1485
87 1748
59 1512
17 9
76 1300
90 982
75 358
59 1177
18 1454
63 117
58 891
66 1943
8 1729
56 1673
4 474
35 1302
42 764
18 831
94 410
84 1118
14 1645
16 1162
96 1540
30 250
70 905
74 989
60 950
31 233
56 775
43 403
78 1762
93 991
57 677
15 887
10 1263
97 1937
62 594
78 60
98 119
5 956
70 1522
78 1655
13 231
43 622
15 109
49 448
36 1379
27 139
61 385
89 1508
60 495
49 521
81 731
82 1014
26 1271
48 1189
83 1506
40 921
50 88
96 1340
13 668
46 1511
57 1813
93 739
69 1590
48 718
28 691
42 48
3 1185
34 94
90 1101
39 1502
80 1600
18 1100
34 337
3 1741
52 1003
6 1570
42 1248
96 1135
10 79
4 1580
49 130
65 1276
31 395
72 109
22 640
43 1567
6 1092
6 472
43 184
97 295
11 978
69 1031
19 333
54 1559
47 177
97 360
84 484
91 390
50 113
70 906
10 1848
34 1871
49 583
95 821
53 839
85 594
4 1465
3 111
71 339
4 1826
53 1990
71 360
20 1890
35 390
43 1868
94 767
97 1614
41 1096
100 1216
40 666
61 598
94 1352
24 1417
12 226
39 1771
99 1641
43 469
62 85
34 1411
32 163
7 35
82 1010
87 521
9 736
96 983
99 32
23 523
70 96
34 1097
33 1064
86 1291
37 1829
39 342
47 1542
89 1039
100 950
9 766
69 156
41 1314
92 1408
8 884
27 1679
82 1536
68 1313
42 1314
96 744
37 957
3 1564
34 418
60 245
46 159
6 1416
94 758
87 1765
11 895
68 1616
21 464
12 335
75 1020
27 772
26 186
2 1964
3 824
62 678
30 1280
6 440
85 154
30 1503
10 1553
68 1829
68 170
55 984
55 882
6 536
61 1288
73 1665
7 1611
52 1850
21 1573
93 1053
71 56
54 1880
77 1800
67 1347
48 938
44 148
81 1130
31 719
9 307
93 1714
93 347
77 768
80 333
72 1803
19 347
59 1991
72 259
38 1517
19 1265
67 1902
40 1078
79 1721
5 536
11 1919
51 218
93 644
11 1597
91 744
11 870
64 1959
48 1682
74 1150
94 1336
60 111
30 718
57 6
56 383
69 1053
85 1771
3 798
94 1407
22 1767
46 902
19 610
76 1056
86 421
17 579
97 536
33 655
51 85
87 950
82 1621
78 572
74 1384
60 1147
54 693
22 1210
60 1795
86 287
13 1270
92 803
100 799
25 965
72 813
59 1057
10 1673
93 1986
