989 301 223
13 1279
64 1914
31 182
81 533
69 564
38 298
21 1117
7 620
12 667
37 1129
41 899
93 554
23 9
44 1464
50 1856
15 1793
40 212
27 1083
17 523
51 680
90 457
45 1803
10 131
93 1659
55 231
39 741
87 250
44 886
28 34
68 745
32 533
87 254
76 1088
84 1692
93 717
77 120
85 543
60 1270
96 560
69 1520
50 302
65 1701
34 1409
34 1859
39 720
45 1320
26 1876
44 1013
13 1324
84 117
50 675
78 284
15 239
88 1811
28 635
38 1619
14 24
29 1584
90 1743
9 761
21 1131
94 812
47 421
32 959
53 1631
79 1293
76 1060
95 781
79 1327
100 1561
92 1500
90 478
5 1213
89 1919
92 142
35 751
49 1003
8 638
76 688
85 1316
14 1088
92 1644
20 218
52 1859
93 425
10 449
31 1515
35 1558
30 677
31 793
68 1941
29 397
8 1832
51 470
19 413
56 715
24 73
81 1387
61 940
29 1173
50 980
96 658
50 257
2 198
34 1128
83 551
76 924
98 445
64 1018
87 1003
15 1780
85 1964
17 97
8 530
35 1234
90 251
85 808
76 165
47 1284
75 372
15 111
11 1329
2 1323
100 1509
59 25
51 726
25 1421
96 1745
79 1199
70 569
10 1860
22 798
14 1484
36 434
20 1837
22 232
76 464
46 286
61 1354
13 845
49 846
81 382
75 1184
37 143
37 557
71 22
15 490
95 1926
97 1258
64 1488
57 372
66 1803
1 1396
23 1303
62 449
71 1118
97 911
51 1740
20 1670
71 1889
32 1410
46 740
73 1548
99 1082
7 1673
22 1607
40 562
48 517
55 948
83 355
7 488
20 1167
15 646
6 1591
8 389
51 1885
47 1830
37 521
1 370
15 195
91 337
4 97
19 61
97 1981
73 1990
2 1675
30 567
68 169
91 377
26 1752
48 71
17 139
10 1489
22 494
45 277
70 1528
78 1226
44 1283
66 207
94 908
43 228
23 214
59 231
73 1780
26 962
95 1831
11 194
25 1604
29 123
46 1274
48 571
86 290
7 1149
8 1288
15 782
10 185
94 197
100 1021
13 238
9 1223
62 392
100 923
97 384
87 336
89 605
29 501
75 1005
29 793
94 1744
37 1717
64 324
96 1341
65 32
79 1864
8 1334
42 667
94 722
98 1916
35 552
34 1334
21 1565
55 377
60 1012
24 1524
3 252
38 1973
5 1816
27 1775
44 703
18 1070
24 1941
22 1687
51 842
50 1492
12 753
51 702
66 772
16 1819
94 774
83 1147
7 441
57 1246
24 689
32 600
27 1241
74 1223
98 469
18 1732
15 1239
49 584
12 1029
43 1490
42 1595
35 1846
29 925
66 1895
57 752
40 216
35 1593
91 32
91 1814
10 1932
33 1772
53 890
77 465
98 387
79 1403
63 1847
15 1928
45 656
14 543
25 480
49 1383
40 1356
81 391
4 926
87 1886
21 1061
89 1156
5 1424
38 672
32 1883
90 347
58 104
29 1573
10 545
91 1926
95 717
92 1672
77 162
67 1395
59 315
48 1753
10 1801
58 676
68 238
45 844
54 1080
44 13
59 1995
34 856
34 1298
99 585
65 1831
5 1017
75 1921
24 901
27 1870
17 79
46 1297
57 67
91 877
90 333
77 1779
38 1305
45 360
64 475
21 491
3 1248
11 1686
52 420
94 642
12 1653
69 1136
14 824
37 21
2 1515
78 1061
77 251
77 500
63 1575
57 984
31 1188
78 1955
65 1859
29 321
42 1712
65 1660
87 843
65 1368
7 316
59 700
63 1187
17 845
19 382
70 1090
71 623
47 291
21 125
54 547
72 42
35 416
62 20
53 1800
34 1648
47 1391
5 1716
60 1086
46 1235
16 1998
43 1039
8 1653
42 1466
95 576
68 477
93 1682
9 1405
60 1756
44 378
30 1678
60 922
35 1740
31 1478
87 1188
82 1955
2 927
53 132
78 1783
53 1102
60 1544
83 1036
51 729
19 772
30 1837
96 1113
68 933
9 1042
100 824
17 731
30 1574
96 1931
24 1145
98 1174
5 398
7 212
92 1074
23 1890
12 1152
10 1415
51 26
43 1385
43 230
46 1761
36 1691
44 1596
43 1531
74 1891
18 1876
73 510
49 674
36 1461
93 919
87 1031
67 1134
82 590
84 1564
49 1954
34 488
34 1885
53 1564
35 559
51 444
34 1316
4 1911
14 547
10 44
33 1191
52 239
55 211
78 187
100 465
8 634
92 1180
90 1651
30 1600
16 308
22 1246
49 1649
84 132
22 1291
74 60
52 1731
85 500
77 833
51 318
43 545
19 1961
61 1293
94 1951
63 225
20 1840
76 890
54 1808
39 1040
63 1484
99 1623
80 1891
46 448
76 930
28 1909
44 1072
27 229
59 444
61 1005
90 1828
41 200
50 759
7 1991
54 1228
87 1540
71 965
84 1923
4 1711
2 1003
51 1707
20 1316
45 1025
33 290
1 1267
49 1105
24 129
84 592
95 956
63 162
58 860
98 1091
100 149
9 921
31 791
58 155
13 38
54 310
82 794
3 333
52 1463
17 641
53 543
20 210
60 246
26 596
47 1655
48 1894
43 294
94 911
24 5
31 457
30 1115
86 786
56 593
11 1921
16 511
81 230
80 359
44 885
8 895
22 1893
12 325
13 1940
14 638
11 1133
91 1520
68 1020
99 1041
20 49
14 1008
7 1940
26 1410
37 1432
17 159
61 1939
63 1150
3 60
57 254
9 1478
28 1639
55 1468
48 1872
91 445
74 1442
52 43
84 1149
69 766
5 1306
40 1982
89 1664
71 17
50 1707
7 978
62 122
19 547
22 200
72 436
28 429
86 1588
10 85
93 1351
3 1266
17 104
77 862
95 1185
99 1891
86 489
79 478
56 1934
24 209
64 212
34 905
92 1964
6 623
14 632
16 258
13 733
18 901
9 1610
23 1653
62 825
27 1455
45 515
32 1055
60 1161
10 91
68 1024
27 625
68 620
35 254
3 481
2 930
62 54
89 1968
67 267
54 9
85 1020
98 571
98 1815
13 550
49 1690
5 480
91 96
58 378
40 1150
78 419
85 600
71 1515
81 890
57 442
89 1316
42 1169
64 837
51 753
27 1595
21 988
40 570
35 1385
97 1564
14 1163
99 1400
79 1348
28 1477
51 182
94 1152
37 667
37 252
87 1893
50 1978
66 1880
53 1322
52 375
32 1649
6 1948
49 1819
7 1196
22 1394
58 570
35 1087
71 1547
16 1697
89 1514
16 364
50 1853
81 20
4 1432
32 1018
26 1168
51 1718
2 610
21 277
49 1141
78 1797
48 1214
83 1199
50 1139
77 1252
22 993
25 732
22 705
15 1946
67 185
87 964
96 1040
3 977
85 1876
51 1380
9 879
13 680
60 1238
16 1372
100 772
63 1186
50 1175
10 1923
56 1322
97 149
10 515
52 463
9 877
85 1499
61 920
12 1357
18 272
99 1988
82 204
14 191
2 1176
47 1042
72 500
13 1529
26 1022
22 1196
90 398
89 611
69 17
45 764
82 1912
19 1467
5 865
30 609
15 502
61 960
59 293
85 1005
93 1937
47 935
10 1574
44 1992
13 1410
35 1994
81 546
83 891
42 155
54 1684
56 650
13 1302
70 1822
76 310
35 1285
56 667
99 1588
64 1317
44 1499
65 1616
98 1655
62 986
40 698
22 945
19 1016
35 80
57 1140
47 1468
35 1755
85 1130
27 1294
26 723
85 1622
16 570
90 227
10 94
5 374
78 1755
6 1456
36 1558
28 1001
83 216
16 1989
81 1914
46 421
46 1331
90 378
9 814
95 1807
26 1919
74 1944
87 1015
75 869
94 1958
64 1019
51 1841
70 1605
90 1908
7 375
19 89
16 307
56 618
40 1344
46 1987
14 1976
56 76
16 1280
60 917
27 45
91 1811
61 37
16 10
52 1764
84 763
96 384
16 849
100 1967
46 1414
90 1448
25 1627
73 1559
32 776
30 1317
13 1744
57 1639
54 1017
41 373
31 154
26 174
29 950
15 90
18 1225
71 1088
90 1472
79 1162
58 61
48 822
23 1547
26 350
13 79
6 217
5 1072
8 1571
15 841
93 1899
92 588
18 780
51 585
72 1118
22 799
43 1406
72 1794
60 1627
29 174
44 1890
85 379
93 1181
32 1266
27 695
10 206
59 835
10 1126
91 190
32 474
63 642
20 428
10 1548
89 898
40 1904
89 1001
78 1435
69 508
82 762
97 1604
93 489
74 98
82 1710
91 267
13 40
97 1380
80 1074
61 1647
73 476
7 1924
32 411
13 1091
26 1392
97 504
50 1559
30 1425
27 145
88 700
94 852
47 1972
61 961
34 1358
72 1895
96 1535
83 1222
51 529
25 1046
79 1301
43 153
81 1050
16 702
64 1551
11 71
16 1141
38 654
54 761
70 1107
51 177
98 953
76 965
89 1570
28 1008
86 1464
100 1046
78 1326
24 696
12 1222
3 1366
91 660
45 421
2 1106
63 641
36 309
11 1476
95 161
52 1528
97 1753
4 601
91 1225
64 463
10 503
48 171
83 1447
19 1743
7 750
49 483
22 1034
95 1413
87 80
27 1536
45 261
54 1377
13 449
25 1654
96 1185
23 247
11 1420
27 842
47 537
56 578
94 863
50 839
75 92
39 1900
8 986
35 813
42 1599
40 1687
69 323
29 1917
38 1800
68 120
17 101
54 1950
7 1252
57 1558
44 1037
61 251
52 1538
52 1951
50 1436
55 402
94 1349
38 659
23 1256
2 550
60 358
92 519
57 715
12 446
4 416
8 1396
17 993
82 276
53 690
33 1669
22 894
63 503
47 1521
54 1517
97 39
84 122
87 1747
96 1982
22 948
35 851
64 757
59 1827
66 132
97 957
91 1238
45 1719
94 505
82 1798
31 953
