1863
28516 20911
17991 2881
605 214
1743 47
24668 24469
13487 3713
16732 872
4049 1169
28093 2564
30137 20279
4667 1786
29974 7184
4125 1668
16279 15255
7598 104
28160 3406
19185 7777
19069 1411
16017 1018
5430 3764
16151 12990
30499 30034
23647 6909
5922 524
19789 18301
1351 434
21948 10969
28787 9025
18615 1186
23080 21299
31468 3104
15515 2744
14685 14489
22283 4791
6233 3098
5202 1695
11947 11164
16314 9283
4369 1254
31761 17973
8688 4719
12544 11041
2373 97
25240 15448
26847 13286
10030 5762
8396 6892
12137 5528
14353 12088
5273 2707
15774 1721
24906 1628
13696 8567
2074 1394
26201 17782
15559 10371
6925 195
25484 23994
11455 1335
2734 2505
26876 2954
8786 1473
10293 5151
26257 13279
10355 8263
12238 5405
70 8
7495 517
15870 5527
19947 6406
1822 1129
7020 507
19470 6137
2964 976
25616 8308
27612 25177
9589 5719
19259 13158
19985 3448
17980 1910
20460 9740
22867 4603
22074 19911
11633 5252
5774 1462
4822 3742
16970 3164
7719 4618
11354 9856
7104 348
30498 12274
19787 776
24244 13077
9617 1022
29511 21657
30353 26444
22501 10669
17871 2148
22883 17183
15087 4833
29078 559
23682 13789
2756 2751
3872 3234
5977 3874
2743 2420
20955 15544
14882 4691
14624 5260
14590 766
7359 4534
25529 12011
19908 9749
11755 7727
18344 7012
13034 1220
25984 4963
13465 9392
30580 1466
31872 31096
19571 1482
21282 3699
1061 300
394 19
15649 1122
4392 3835
29537 5777
15835 12288
8946 2676
20047 15715
752 396
18057 3863
27826 23654
10432 705
17218 13095
14447 11811
28432 28189
29608 16991
16871 9019
13995 4230
22303 5316
15799 6827
17429 11235
31008 26530
11480 1346
26530 17416
4389 2803
27381 5251
26006 8982
19105 7499
19734 11831
22804 2518
1688 1064
28402 2112
25353 6536
12460 7453
22402 15637
21076 5667
32707 9392
19888 5066
9437 4975
16013 1063
7214 1115
22869 7113
4754 150
12260 2034
6104 3465
14488 10581
32371 24841
19367 8311
25458 17981
2742 205
29363 15679
26279 5650
15187 5634
14258 7643
10344 3374
7095 3160
29171 4941
3794 1318
6672 4380
29233 5563
19056 13123
29986 18156
9737 2325
5232 2001
25356 1685
9200 1387
16664 10994
5719 1312
12205 2441
30542 25947
14563 10317
19401 15600
1116 756
19604 3334
1655 1289
12078 3504
12230 3491
28891 13624
12483 2729
22517 498
9662 3202
8067 2451
16154 13603
269 245
14777 6036
4270 2322
15285 1541
8042 7594
26961 536
6082 1644
17967 13062
2182 58
14019 6286
20971 8640
13831 3533
10461 4088
4976 1274
25750 15781
19745 1921
19056 12058
23136 20067
19447 11981
31302 26589
27459 2046
23226 20143
14725 2512
11168 7229
9183 7227
29261 24468
633 320
12606 3537
7633 6825
14346 4789
7762 3668
12182 211
6697 5870
13960 3821
13652 2343
8702 7808
2043 509
13951 114
16132 9342
27954 20897
10978 1250
6477 1820
12461 12197
465 264
20856 11501
17269 6206
15327 1850
3807 417
7135 3258
5914 1886
7403 2229
17477 5558
21051 17809
32392 12713
31080 19769
9549 6609
19254 12446
1708 573
20144 12306
27430 1070
25211 4192
2455 1030
28772 11408
30566 26308
32571 16276
26879 22093
5860 5415
22147 3398
10923 8417
22717 4252
32216 7694
21081 20641
13955 3097
14672 7346
4778 3977
5287 4820
29569 2438
601 489
13065 3805
22930 11195
30692 24806
15645 9140
31592 6741
12832 6393
30194 5610
3847 1384
9597 1545
22206 3852
8819 4679
21539 28
30402 6025
2491 2409
11059 6153
18851 4762
16120 12970
2506 1956
15747 1431
18526 2036
26271 4808
5252 3091
7353 2741
3916 2497
3454 2096
30948 27764
18604 8210
7692 2145
14625 5539
14793 5755
13369 3428
8030 8001
4950 4340
16504 9797
3008 816
25513 6231
14512 5355
7959 675
2983 1975
27510 15019
5892 3441
25395 2465
26326 3885
498 47
23535 177
30779 10266
15674 5912
26480 8060
29518 24172
6659 1108
8770 311
3045 1841
5571 4861
22338 3953
13157 7240
22891 12125
26423 6412
9236 4914
16026 784
3775 2354
9555 233
31864 20173
30942 30441
10691 4529
26117 5766
5843 579
17586 3639
25084 5285
26114 14434
9835 6338
2202 1258
13077 12829
26430 3871
11757 10856
5536 4974
30554 8321
8053 1995
25064 4648
7630 941
4670 3257
13990 2532
6992 2486
15031 2741
10965 10308
21907 1843
23036 11739
1007 215
30298 628
17474 760
22311 5012
13711 847
4779 4015
6270 4460
10227 5106
26290 14762
28872 17996
29783 16612
28642 6891
20474 13243
20312 10619
21662 4346
9051 3692
8716 5104
17700 16745
28522 2918
23083 1956
27663 2491
23450 583
8854 2325
12801 6129
4657 901
14667 7403
29248 46
16625 3079
21539 14928
23661 1193
5964 4771
6130 1102
25496 11278
25946 2817
7647 4142
21856 19296
2762 1589
28943 27530
5092 2073
18298 13943
25332 23073
942 602
18315 3990
7909 999
6873 3531
764 332
5572 5092
12583 10256
19772 2758
16612 12460
18632 17880
19245 11365
26469 4849
5618 4803
1681 1677
5062 4709
8099 718
3033 913
20317 11847
32294 6285
31684 26697
6125 4737
3119 781
19556 14412
26527 1015
26026 15185
11598 5356
8700 4876
23435 5781
12587 229
22724 2218
9805 1215
4837 2579
12723 12577
10465 3297
14108 2981
21133 13756
5160 4588
31413 21135
11024 10035
16234 10741
1427 1096
19609 6643
9268 4211
17634 11646
19874 3733
11430 11070
29304 23480
2914 402
31014 1773
14140 13268
1583 1466
32476 11486
5270 4965
9597 6861
29330 22549
25924 14341
30345 26006
27600 9589
60 51
1298 598
6720 4354
26719 876
20397 10709
23491 13613
2586 711
8601 7430
3016 2759
25688 17080
23069 822
5296 5131
11348 8198
28118 4141
12916 5802
5148 5056
18558 10376
452 276
27115 10467
13846 3719
31061 29236
23216 8038
12405 4776
21278 9981
19533 6017
27306 24657
18854 10169
5237 5001
17853 12777
29127 2167
22330 12650
4772 866
29537 20154
9376 6992
13196 11157
1012 850
3801 1940
25296 20548
23584 1753
31475 25667
12328 2716
32122 25265
27674 13730
13557 1715
4149 1005
3520 2731
9924 4126
30865 8230
23373 22032
23373 15479
4620 773
1056 780
5023 239
21196 19407
8451 412
3137 734
959 311
3183 515
28255 8276
19032 12992
16676 4837
25193 4903
1786 1318
6922 3769
16042 9044
6004 2285
17489 13190
11458 3897
28433 13184
3403 2575
14086 2628
15920 2218
30588 27557
2865 2754
8543 5400
27845 5543
29170 25641
5225 2250
452 25
4920 1901
16353 12139
20156 6667
11589 1946
14340 7465
27798 1287
30966 30477
31250 3099
3047 2388
8134 2690
29033 13518
31232 21813
30820 4319
8200 3252
19561 16269
17675 12726
15938 10308
25944 18113
31438 12096
21455 17764
9228 5696
15253 7048
117 25
27149 17499
13455 13435
29956 27328
15039 1822
4396 625
3422 1581
11468 7334
14096 2022
8885 5109
15697 685
6520 2682
6481 4960
25302 18608
13058 4574
28536 5898
4719 1956
10977 7763
15183 7553
21408 5927
26330 18009
9162 8350
4059 581
23975 3204
1287 548
4268 703
30093 12914
10921 6639
11246 2079
10564 8065
27407 623
32678 7659
8589 6060
1140 83
26448 12052
31745 28287
31075 9997
4802 4729
10242 452
23554 4774
27381 14531
10454 8553
4125 1006
19284 12936
14413 948
6656 2232
5723 1997
18311 15859
9334 541
25264 2523
17337 9893
4751 4353
31233 10176
25340 7374
16892 6389
13635 1385
8579 2485
10525 7508
31274 28072
4575 309
18453 14500
19442 7186
17165 3478
1667 1091
5586 4283
21883 11610
8115 7556
8114 7536
29789 17787
15711 10118
3569 3178
23252 11781
25945 10262
29544 11718
25819 7035
30900 24497
26862 9222
31234 1333
17229 88
24578 9367
29771 5191
4287 1924
3686 3621
4050 1578
30750 28997
28373 9221
8 4
8731 3193
30494 3429
3486 2523
17753 10447
24121 2626
11394 8571
792 296
11589 8488
23404 10947
17031 10577
27747 2918
26361 4281
13143 10640
6381 4135
26694 10103
20585 10862
17538 1358
7034 4531
8617 2837
21707 1388
1240 354
10358 4107
27164 3154
23322 17566
25641 18742
1838 162
25679 17912
17557 977
16041 5291
28274 3254
16024 4588
31549 14856
24431 11729
6935 5961
32112 14117
4186 2096
4856 1757
30325 17086
22006 6402
27383 12351
18849 12728
19689 9086
6251 2709
1633 712
18992 5136
5204 1368
10932 5234
16556 14355
29772 21573
17050 10314
4827 4480
14638 7022
4864 1973
13349 157
4494 3912
16130 7827
16189 10964
8800 5762
19615 10510
20358 3546
21077 1502
10812 2351
2434 239
9437 4921
26752 11508
25262 2305
30674 11492
21614 20483
29530 16642
814 385
3020 2595
32099 31271
23651 19464
6714 3786
26835 5059
1835 563
14206 12638
21457 19254
23530 9747
28665 409
1395 964
20473 14765
26173 2677
11075 5032
1645 143
2361 1560
22425 20481
4163 1515
7292 1383
19231 9441
30959 10850
22649 20819
15893 4051
14524 14408
18133 16982
11815 4132
30861 22563
25379 10316
15364 6702
19156 6622
673 569
28654 3981
11227 10844
9674 5462
24305 6132
20409 20338
11483 7413
12952 10534
3712 1163
1188 349
4905 882
12176 4928
21302 11826
30933 16788
31504 10851
1098 133
606 114
25844 20585
25468 1757
12319 3704
26408 22904
18093 4966
22655 5717
18607 8144
13609 6348
26418 19838
11728 8330
2139 469
2774 1903
29111 910
18759 13648
27852 3383
1036 606
6644 6065
32098 2252
25963 2559
23691 5935
21158 18408
29635 18491
4582 3667
8822 8680
5134 1580
10160 4331
4273 1846
30933 6698
12912 11729
28818 14656
23939 5825
27155 19547
17557 35
7287 4620
16341 16205
19073 6659
6730 4199
6800 4408
18790 10021
10961 7223
17119 2166
13747 3731
25786 16198
23195 11170
9129 6669
24282 3197
29590 17585
31452 26077
7808 1425
1953 837
32134 21318
8305 7241
18497 10514
3276 1966
28247 27161
1697 944
12109 7819
12480 3234
25757 6998
20880 11724
12809 4577
9733 6477
4142 1723
24781 6180
25948 21867
10698 10344
8357 1374
12741 321
2868 1880
11873 7419
17377 3491
21069 200
6402 714
5566 2099
13443 11992
25373 12402
20025 2249
31740 24057
22643 3624
10831 857
23250 14391
4569 1138
28507 25330
13796 5081
5579 1576
1845 807
20778 5826
3647 1262
17315 16179
1431 256
15507 13182
30888 5978
27872 8939
15016 12832
13708 7235
18891 9301
17546 5109
29366 3774
29648 28043
18486 4184
7853 7755
17202 6394
24925 2687
7902 4016
30427 19484
17714 10323
10486 118
24475 6733
1703 614
24560 3092
21666 10920
5543 2850
27691 3359
9033 4831
31787 23216
26659 21682
24707 22536
12863 1979
928 25
19602 10281
32335 26252
15735 7503
27091 24618
18780 17683
6198 5883
3515 2104
9948 1504
18509 7234
8030 4837
7802 2941
6805 5098
30995 1273
6644 4927
18499 7069
2843 742
17347 11277
10666 5601
31566 14532
13139 10222
19285 11295
8756 367
2547 1824
24931 11890
35 9
12234 3211
817 199
9525 4491
17006 7781
3497 2186
7464 2129
3832 1567
5337 2134
19602 12175
12191 8180
32158 21048
24300 1612
10569 937
15999 14094
32094 22758
16275 4638
29464 18704
5206 914
13876 5306
28572 21381
585 65
27861 19853
27228 16759
13372 12697
16047 13655
12114 4394
1243 9
24971 5670
13854 8264
14663 1737
14326 13775
27907 22330
17135 6712
14545 7112
11193 1959
4101 3892
17021 1426
5938 3653
15473 12030
31317 1355
23467 7305
29519 16583
18739 5607
5273 5028
21851 14320
11315 1572
4691 2453
21213 19399
31992 1804
31626 25296
10221 9294
5906 40
7405 1768
8231 1045
26719 17723
9098 6118
811 14
6270 318
3789 2989
7550 1188
6056 2393
27947 22530
20892 11077
8072 1297
730 517
2921 1526
4343 2294
23593 1374
25664 22407
12188 11408
5454 1051
20548 10289
6362 4868
24520 10403
24018 6565
1441 1326
4523 1148
30231 10768
32506 19502
25964 10512
14910 5077
15191 6552
4352 429
6836 4609
28447 26090
4473 114
11877 7059
1260 1037
1117 823
11795 669
617 449
14956 4396
23567 5473
25823 2539
26516 12294
6897 377
3276 1499
570 175
5680 4853
29209 7972
6193 764
13734 9366
25292 10632
10728 3370
12639 4979
3145 1016
3259 808
3398 681
4986 3872
31595 120
7315 5360
6783 5584
26667 14252
31484 30853
21166 4177
26050 8788
15903 7590
12299 6350
9644 5103
2978 2082
3974 2509
10064 6961
20719 33
13207 5737
22677 19165
8099 3612
29470 7029
8830 8749
15876 13900
25731 20369
15523 1833
23829 15044
17296 17169
14481 1497
11821 947
23168 13799
4730 3694
20498 1359
26414 1339
18120 15098
20487 10085
23408 22479
1118 581
21846 9787
1022 780
8633 6099
3638 1840
9084 703
3885 3160
11038 4136
30582 10078
10988 3718
12772 5961
31605 21799
11168 7676
17471 14624
8824 1326
23736 13833
11642 4973
14703 4187
13250 5807
14724 8975
17808 6911
26718 3618
2974 784
1947 195
16560 8392
30029 27959
26988 3684
16995 11936
15980 2542
3429 3319
31890 431
30053 4694
3995 2948
14642 12958
19191 9601
22222 15640
9432 7508
16162 4444
10122 7766
29169 7026
3330 1917
5643 780
14521 13963
25027 6464
955 233
26530 14729
3834 689
7005 4002
4073 3164
8965 5502
19270 3011
18558 9261
12855 5519
7986 4453
21913 14960
12806 478
9109 896
19854 3370
9076 4033
14972 14232
9140 5660
31839 9951
3675 2533
26762 21067
22411 1827
10577 10385
14935 1449
380 28
14293 13028
25589 25081
3188 3109
13252 10202
3984 3769
16445 13780
12612 5439
20856 9263
2688 2359
22786 19647
13147 10790
6866 828
21418 14840
25215 16518
8657 414
6320 1883
17369 13621
19667 1866
18115 1132
1810 743
8220 6264
30338 23552
28114 5868
20382 2778
26694 3130
28405 2045
15010 7527
5151 310
13677 5416
18677 5692
3933 814
18690 648
10348 7008
32052 22097
813 580
24535 11785
26721 1284
23748 23156
26822 9504
470 29
12591 2744
5022 2662
25817 15362
23128 729
29181 20748
15133 288
5282 4842
29018 3528
31669 28839
31872 22743
17499 16291
5629 1881
16262 15068
17260 7309
13767 1899
22792 4479
7523 2601
103 99
30376 23412
5989 5152
17025 16869
31582 23033
18249 9572
5280 4114
6109 4390
13855 102
4341 3853
9579 1267
16564 10277
24288 4215
27773 5846
27164 4677
10505 6006
21175 7829
14518 2812
6446 4367
9250 8583
12319 7535
16633 7426
22972 5632
6923 6577
31098 17280
29602 10253
11785 7499
19218 4485
18313 6093
10385 8296
28155 5869
5193 1693
3061 710
30636 22757
20890 18760
22536 14559
25546 23720
8027 533
2966 936
26472 4041
31223 25395
31498 82
29631 4764
457 75
31183 23230
2475 1148
16779 10431
25420 4171
4491 1900
1073 413
22163 4189
25434 11279
1222 349
1046 571
6422 3508
8988 7573
20223 9604
14806 6870
24181 19756
19456 5383
22043 2619
13170 6690
26037 25858
24122 5995
11488 3535
13038 2752
25089 4986
3905 2107
25979 3856
5331 1247
5413 3427
14414 4654
29691 14396
18094 292
31251 18757
21728 4334
8403 321
19855 6859
32610 32000
4411 1624
2908 550
23691 1882
20938 10600
26852 22654
15441 8932
31546 18297
13993 12867
21798 6106
18513 7459
15417 6535
30337 5933
2961 2109
609 200
937 693
22392 13823
19573 2912
15975 12783
23983 727
10199 4701
16748 14029
9136 5169
25842 3405
22667 22526
27597 15963
3947 2859
14624 5770
10151 3038
9018 7598
1835 1769
1385 654
23265 3687
9235 3595
15209 609
5890 1653
2576 1188
11776 823
6656 2636
932 52
31156 19495
12907 825
28847 2206
24586 7040
1390 392
4867 655
8091 266
1655 826
6787 1059
28731 2369
23498 18074
27950 12248
16989 16942
1993 270
425 104
3319 2819
15627 2298
8999 6138
30599 14018
22432 12487
11196 3799
5653 5608
8215 575
15994 11860
19272 2007
19734 11523
23794 492
18648 5622
16039 13502
27630 5241
8467 3918
14996 1701
26999 4322
31786 25128
4954 1588
19082 3007
23163 651
11160 9102
16649 10913
26907 15936
17942 2478
6859 5796
24650 1703
5802 5088
4308 567
15256 10953
8870 5275
18978 7878
27106 3076
16284 15278
6031 1326
26479 24
30097 6586
5811 4213
7896 1952
17921 7067
2007 996
32130 2730
27448 1393
18252 17303
28366 7125
7151 3204
5323 4874
32074 23198
19763 10932
13220 12521
15248 14485
24824 13885
1256 897
24207 3583
14828 12727
6356 2592
12658 3950
23909 20441
26405 16691
20326 6953
12923 9118
30234 27497
27112 9495
6580 4380
18002 11752
25194 1164
6852 2536
28108 1779
13414 531
20052 6599
30381 46
10558 388
1999 1228
26265 14161
8570 3852
10143 5277
22981 9428
30530 7064
30823 28278
26887 7302
11302 990
6679 4516
13459 1931
18580 11174
21493 7537
29993 14350
7555 30
17125 5047
29654 25594
2377 1873
19357 17312
19615 3419
1683 1094
4238 1606
31406 29882
14572 11738
31129 2280
27859 4095
27749 11622
12279 3843
22396 2248
9782 8576
23254 21992
13681 8709
623 21
31131 24378
31480 30171
16143 2376
32460 4259
30503 22006
3879 883
23306 13466
19858 18079
12485 7705
2466 871
26270 1732
22242 4034
30884 5608
16142 10157
21643 12806
25730 2233
12215 11012
10481 7289
919 590
11354 11212
9268 5428
14392 7952
9482 9481
27386 5197
22 12
14258 5267
13104 7132
3601 2481
18331 16011
16019 3923
30683 8101
28407 17886
26566 1759
13042 3151
8926 7197
7460 1117
21726 4061
23627 18611
28819 19227
14519 9345
14573 7590
1534 182
24662 22488
23792 6350
12866 10843
12749 8753
31496 30700
6838 5859
8688 6286
23138 14844
10637 2859
786 313
2637 1475
17863 14938
6990 4747
16818 8360
32115 24184
26604 19964
15544 6266
18279 16587
7106 6238
21797 20070
15803 15331
1191 1114
8796 4560
17577 15474
10315 7822
13324 9634
2472 1701
8980 2254
1762 886
13523 2113
13264 2889
13541 11386
6909 813
30046 59
11075 802
18689 4427
9115 6491
28083 23346
28979 2799
31535 19051
13249 5769
10746 6338
23576 1444
1690 623
6392 2423
25859 4921
1579 338
10322 1851
20941 16814
12989 7601
19436 9780
4554 292
5201 4619
15040 7437
23196 13565
27483 15279
25751 6930
708 442
20164 4934
26304 13116
15160 6446
18728 9670
25260 17584
24985 4595
15314 8461
28524 8595
11493 6953
6121 700
31620 25650
29879 29801
28352 11240
26263 15365
22388 5629
83 26
29397 37
7664 759
23369 33
31787 9542
31613 18614
25636 3162
14257 3341
16212 3580
16727 1470
10180 6700
18653 10329
18561 12814
455 221
8779 1697
11520 1385
2189 105
7538 2661
27282 5036
27348 22448
15605 1186
18115 7381
5977 5949
10261 8489
23131 19436
16490 6498
29125 25449
28675 15121
1796 403
11224 5646
14301 1326
2532 747
9563 2124
26564 24250
28428 20586
24448 6681
28269 923
32425 1759
18082 5656
29604 20133
7274 3399
9541 754
2643 905
26784 4651
9514 4612
18715 9023
9398 5268
5832 5359
1190 893
12018 6371
12743 11852
13046 5242
6010 2817
8532 5482
8550 2898
1286 116
1386 379
12049 1044
27093 4845
11865 187
15322 4786
31161 18134
19006 15292
83 52
30804 6104
5157 179
7467 3585
25310 8095
25350 1467
28911 12473
15116 1774
19172 4000
14657 6097
24821 12670
27829 25224
16600 1021
2044 1205
8666 6411
28125 5160
30510 16346
30286 12411
31877 12074
32673 3835
28895 9418
8184 7830
29600 7772
2814 1683
14310 3930
32729 9405
538 434
21338 3860
9157 902
27255 17400
27045 2687
14588 11611
12289 10561
6269 5962
4409 3785
2959 964
25249 6385
16696 4729
29583 25220
27811 16703
17075 13629
17688 2545
7591 2790
16940 2349
24263 1606
26677 21953
15683 14713
14593 10770
25459 13577
7368 3828
16234 4126
22366 311
16845 15694
23981 882
32486 29368
8035 4329
26100 4985
6376 1508
709 653
16787 7710
32135 9628
10781 8978
19676 8302
24406 11039
20012 19771
25878 13658
14399 10928
23927 8
7179 5691
12353 3287
26570 4279
18086 843
8272 6022
12080 800
17564 12424
15863 9270
4013 1843
32023 25056
3223 3050
353 256
12501 7946
30545 25149
28897 15664
31808 27909
770 592
6107 1005
17509 3329
27092 8747
29808 19253
24536 4619
14931 5957
1984 140
10464 336
21003 4283
13468 1753
22668 14417
20502 3835
32096 14307
8823 3557
30243 8440
3163 2615
5987 4523
28383 3823
29781 19282
26875 16273
9927 814
32531 17036
21334 19780
24776 20421
15841 7526
16660 13859
574 6
29846 20633
17707 10090
18986 567
29063 18599
20925 9349
21954 10815
1376 100
13714 12424
2202 959
9191 8729
29187 1919
14626 5306
21262 11187
31105 16553
29223 322
32734 31791
27390 20160
16538 2560
10530 1633
30932 25820
28881 20024
7646 6835
27151 526
24817 22420
25077 16226
6943 5036
13900 1558
13706 1994
8026 2872
25044 7220
19452 12377
14038 7314
1013 19
1429 916
17542 4443
31345 19037
2879 30
24224 8360
17172 7072
3547 3173
1971 103
29783 9685
13077 6296
10487 4633
26963 26191
30656 2866
5820 2800
28813 9464
5156 1155
19972 4033
25982 12759
18632 8690
18094 8849
10992 5786
31384 28190
14265 9810
4221 1677
15223 10088
4999 2505
22482 8554
22690 9295
24622 16105
24206 3216
23147 11560
29746 17598
30671 28530
6452 5314
6720 6565
19654 11428
14775 6066
16067 1810
15857 433
5882 4430
8296 762
18122 6344
27265 21544
6383 4587
25607 6299
29595 25791
1496 948
200 194
1246 865
12493 6314
2369 2226
19248 5668
26075 24670
444 140
25581 4574
14803 10306
30480 8003
5 5
28014 18077
23009 275
28721 7589
27146 3326
26684 16394
6798 3696
6937 4447
16756 3127
5171 2101
29588 4695
11846 2613
31148 10311
20755 14530
7087 2237
14168 877
13920 10225
20735 8034
20256 1187
5526 3898
6660 3300
23295 7755
9771 1199
1129 841
9295 385
7551 827
31641 16054
13790 7130
8378 8351
4301 267
25399 12754
32040 2206
9476 6375
27038 321
12373 11922
2333 164
8113 7327
7049 2030
3144 1839
11956 10637
30342 11649
27531 4720
7400 704
17293 1891
13583 3388
4738 3458
15123 13675
2153 2097
19225 3443
28594 25344
14632 12993
9133 4658
23352 7818
19267 2902
14732 3057
11236 9297
6466 621
10432 9770
5417 2602
16954 4371
