1954
1792 916
3635 228
12249 959
18083 8848
16362 3966
14720 1010
21277 16393
30764 26752
19712 16381
700 333
12149 10218
29775 22852
18859 6124
18846 145
21324 4869
30165 28419
18424 13461
14754 11450
5875 1551
28811 2263
31514 1481
18564 620
3868 2675
6081 4108
29158 28492
17609 14065
3935 539
29900 6380
24918 18599
29750 9074
15544 1511
3460 2973
32519 12163
16982 10014
12295 10355
6854 17
27579 4122
32505 8404
10383 3657
20211 2437
11735 2021
11440 5211
20088 2229
11376 3198
15333 11083
24402 2994
1358 109
27684 25522
5908 3952
10874 1932
20095 10302
29693 3389
30131 25252
8198 5549
15328 431
23916 703
32186 15510
24218 11572
29225 25838
3044 189
3905 1995
12315 2001
15220 10793
21342 307
7942 1412
14388 3336
10690 3676
11992 6291
8428 1452
13012 6331
18806 15720
1745 146
630 295
17070 11726
25560 18283
1999 679
13648 1487
20408 3752
20883 6866
2266 1887
18887 5987
30124 1769
23864 21288
510 369
6476 5501
651 623
13753 1370
4813 2686
245 143
1301 1011
28911 26610
6362 1107
11260 2943
27473 1849
7700 958
22079 3502
28222 15592
12556 12194
26697 7648
10264 6120
11965 5025
7762 2578
18705 8268
19718 2051
25118 7280
5622 2146
19156 1912
15277 1096
5420 4930
29712 20197
23389 1439
2358 2096
1875 129
31865 8924
11869 2417
24525 583
21798 20630
22865 2156
12262 10503
1316 812
13017 7913
10618 3059
1777 1299
28911 10874
14024 7993
7963 5840
10200 8463
29542 13398
13294 8925
11805 1132
30428 27324
27590 4635
9326 6254
19121 7058
31392 3668
3792 919
9230 7639
14280 200
7852 6720
15688 1611
31415 13828
26010 2873
1516 350
27256 25999
14071 4269
24608 2932
27950 21616
4779 193
22655 1582
19866 8900
7591 4857
16818 14064
2725 893
32010 9387
28527 11803
10594 5406
28387 10643
1206 130
23552 5091
18451 7532
30550 16553
28842 18734
8379 1153
7971 2045
20800 6686
307 50
29028 19902
31089 14722
24455 3130
31077 29167
15009 2799
16866 3864
17715 15094
32150 14442
29822 23684
27104 25331
32756 3380
481 66
1260 1244
24534 24231
4761 2952
18597 7434
12861 10605
5557 3416
16282 9226
28931 11179
9641 622
6003 4213
21391 2164
5476 1890
32205 12018
12678 12590
32695 16524
31216 5768
28967 28676
10093 1184
17522 6573
19223 5626
155 74
31272 10682
27591 5188
27660 22887
14833 4226
16059 15668
5087 2234
21829 1190
2645 1954
1198 551
18824 507
765 108
8405 3109
19600 1958
12979 1142
29618 4783
24807 4773
3696 497
18679 11705
13992 3
25824 4976
20578 8983
9227 4314
2659 89
4222 2274
19712 6111
21584 3271
2865 1267
13151 9458
10726 2470
19781 10587
29086 9651
15239 6590
15925 15034
24592 5535
24829 13056
30686 21633
26897 26472
17916 13415
17894 943
27312 17625
30755 27236
15093 12345
17587 10800
11307 10423
7704 1603
10254 5220
14338 5518
23781 13535
31008 1341
24059 1391
16182 12983
10323 3436
10608 1771
24472 12580
23798 7822
22355 3658
30656 14780
15457 4920
9644 4271
29347 25530
3021 2399
31479 7016
32262 23750
30055 29394
13016 11402
5025 2625
27001 19195
4007 595
13862 13223
31432 11622
26809 15273
30927 4464
16766 882
15226 9909
26691 23520
21038 5061
22958 16213
8680 3767
16084 10725
6519 880
25350 16486
30185 17772
15342 3522
11075 2547
14300 5028
17781 16243
18010 10606
21900 1415
20230 16134
16170 13336
2721 274
31283 19102
29283 24438
7370 533
14737 9698
16764 13898
1362 50
7610 3130
22207 11671
23693 5266
23353 16619
4485 16
5887 3430
22515 19451
7679 4875
29271 8732
20205 14478
32284 28174
17555 4306
3971 329
29032 5110
18910 13185
6499 3175
18430 18417
7697 4098
26862 5958
20710 18819
21730 3375
16337 7447
20074 6383
12306 4094
9195 8707
15184 12572
21840 14301
17126 9794
16893 12193
11647 4600
29444 27237
8930 4863
21916 8254
14863 10004
31183 8239
19850 12148
10610 818
27127 14347
27482 19129
2791 1544
18125 14912
6642 1852
23351 13779
25606 22217
8222 4595
30974 22528
24920 12324
10614 1764
19324 10045
5854 4607
7318 931
2510 1723
19743 3616
665 628
17708 15903
14373 7358
29157 17947
30970 1362
20281 18872
8856 2335
14800 13900
8974 6295
7489 6881
14536 4265
21126 354
25769 17330
17069 3434
16986 7465
8655 8417
15073 12281
22086 9194
17781 3438
24603 13531
10896 7390
21694 10579
32071 29635
17146 7495
16087 14915
4903 3742
24704 10385
14242 1518
6038 148
16762 7122
14293 518
11628 11579
2037 51
32018 226
17534 12664
28759 2506
17630 5359
29486 24173
30392 24364
4996 1731
9088 4239
4978 2265
13381 1681
27576 10513
26573 20402
21095 5290
12007 5001
6621 2597
8957 2075
31734 11726
19177 7460
9601 4396
8713 814
5617 1275
5526 1788
10069 1236
27697 16128
21131 12791
19391 944
944 75
20855 10579
4826 356
28729 9343
13578 6727
2338 144
31068 22391
29277 7029
9857 2638
24636 8100
3183 1999
25735 11262
7767 6994
30740 29472
26840 10505
17047 10847
14450 10023
5308 1122
1085 500
18547 17712
28891 16167
31627 16116
32683 32422
22659 14322
15935 14968
24989 7062
2577 1550
29235 374
15473 6068
27214 10870
21186 3461
14453 875
26342 14413
13763 3405
3063 2485
2109 370
25400 9378
32610 22680
32075 30753
7939 3743
23460 22766
19540 8303
9789 9005
20804 1285
27019 22409
10762 9600
28850 24113
20736 11032
4085 1585
31925 9941
29552 22687
1085 101
17929 15618
24012 2238
17572 10252
27524 11150
4502 2147
2698 1520
23644 14519
6239 4784
12686 11495
25198 229
1806 1029
13281 4
22661 4406
30137 23774
26640 18570
5406 2417
30518 3725
9203 9
3102 1099
26542 21692
5886 1516
19047 4689
3031 1156
25134 6227
17504 13521
674 322
15935 9470
3264 1527
2431 913
28920 19064
31551 3335
6022 5594
30887 13196
8959 8115
28193 3631
16682 16438
18117 1266
32274 15405
30740 18852
19801 127
30186 19461
15823 1677
8878 5758
2883 1655
4044 2598
666 644
8805 8470
27678 3756
28741 23110
28696 22928
26901 12461
10656 9668
8145 507
23476 19455
18557 8791
31880 23730
15892 3897
2845 1457
9410 6569
25365 13716
31826 11861
710 158
14058 12273
30605 20315
10230 7439
25700 8464
24418 14688
22199 10101
17676 149
23924 15796
2169 1774
5730 3679
14535 3860
9651 6652
6370 5572
19420 4301
1019 424
3492 963
30262 395
8827 4791
3491 1504
7438 2704
6000 5968
536 464
32093 31954
16763 13659
10095 1204
17807 15321
9705 1526
3258 1959
14200 13821
321 33
32686 19592
861 689
433 376
22930 5175
13109 8313
31548 6166
15271 1156
26987 11695
13227 12957
2544 1789
30921 4783
14520 364
26979 23011
857 529
7403 4894
17131 5502
27731 1308
2073 1626
24260 3181
3447 373
20114 4501
9239 2152
23152 534
20055 6682
30432 30028
31996 22911
13294 189
8837 166
2846 11
4281 2836
18851 1679
21635 8322
27345 9314
1023 195
30421 963
13013 2514
14756 453
198 194
26161 17884
30340 22272
31203 12582
9415 2184
29766 1870
14749 6123
14081 7856
32769 7518
8712 6062
32176 30732
16402 15248
9016 7701
5966 5357
16978 4306
29265 24271
15985 10296
13651 10236
11163 10089
5020 3558
20344 12345
14649 11360
14505 180
15603 523
24666 7961
28290 21322
2587 166
21757 6951
21995 359
29077 25433
14486 13492
6787 5897
20034 4829
575 431
15172 1818
16115 12412
3896 545
26159 6568
24144 23183
4318 4029
1260 147
23417 20896
18795 1868
13946 3643
20545 6118
6932 255
5706 1443
30753 18501
25951 19439
27484 11692
30502 21221
6864 5655
14894 744
17040 6383
27963 10637
19113 8207
1246 1105
31061 17798
3913 547
5489 5275
2658 663
3377 1783
24598 23986
29971 1347
31984 23457
29457 17446
13546 3637
27163 11912
27267 20284
31172 18429
11281 11016
9788 8009
15193 153
15486 13639
13149 4357
18122 7684
16501 196
9558 1119
7841 7822
8001 264
21022 9888
32712 17372
20023 17615
5052 4379
32350 27361
6963 6298
25979 7945
895 822
18308 2994
32092 27941
4430 2690
17261 3165
29347 13574
9450 1819
24212 19125
10387 3586
26128 16333
23528 4527
8374 8075
8859 4849
6120 954
6726 444
26657 14742
26202 6458
3208 1385
30807 8813
2245 1380
10307 5660
25875 17996
12629 9914
12438 4897
26353 9376
32240 342
13785 8262
3599 765
17825 1823
7496 1871
20067 2464
1706 360
30389 7478
12684 7647
19928 655
32105 3526
13874 4436
8174 7368
21502 12700
10576 7166
21571 3386
8931 7934
8194 1590
31721 9030
20404 4039
14503 5928
29428 12698
6079 6014
120 47
8633 7090
581 197
22243 20967
21027 9311
28507 4961
31311 4211
24938 6096
3697 1375
8723 6116
4301 1717
21484 2302
14269 2766
22573 2254
10079 2626
30215 17632
29579 24792
3127 2415
32264 13708
218 212
1279 73
25475 5821
30127 8286
30091 12747
22371 5918
3240 2607
25249 17492
961 61
6309 5680
11777 2502
28430 10593
43 37
25558 15209
25645 21981
3463 193
27383 2704
31660 8365
20621 1066
31622 24867
1627 470
5377 1848
14282 14050
21478 2015
32016 5019
12626 10516
12364 2822
12647 5616
6354 2885
2369 1493
24771 16735
24876 8916
2274 126
1812 448
20130 11180
9533 334
14468 11358
20788 10356
15519 12487
1797 735
13696 6841
25774 9955
6453 3033
14804 13859
9893 2130
16309 15218
32035 17352
3422 1478
21058 18564
7197 711
14826 698
28730 6238
13483 12378
14818 11929
30802 19542
612 48
9914 2816
14752 4753
26341 1307
14267 992
5195 21
1816 1634
30834 16288
2692 2656
17087 15066
21425 8948
12940 2302
15846 12900
10107 7424
8436 3771
3081 2538
12396 6514
20070 12608
23311 14404
23428 2583
16006 5664
20589 5431
852 518
21979 19309
13576 4647
23042 2333
27319 2400
7345 2166
21417 17508
16793 3487
31827 525
23788 3731
24453 5480
11819 8070
6117 1665
32057 1586
17820 4781
19891 17554
31823 23290
23684 12729
19793 8574
7091 834
16919 2723
8320 4367
23276 5948
14256 4307
26085 1603
5157 3554
16920 7096
19377 8289
25353 17884
5676 3918
10341 7988
708 389
24051 7439
6037 4791
30663 2088
3962 3613
24249 4567
10786 8862
24853 13174
16998 9936
7060 5679
7897 5159
28299 24912
12449 1343
21347 2545
13446 3434
9801 8079
27209 781
14374 9625
22071 15340
15570 6657
16637 13786
27013 26805
27070 17218
22414 21527
7779 426
32583 31337
11827 897
24392 12341
27299 17704
9179 4662
10863 4181
25264 2253
745 585
16082 8246
11153 8641
2266 824
16359 4140
12131 2718
21373 6555
5053 4386
3152 2445
5862 4153
14168 10857
29365 20295
2910 1777
13145 1467
3598 212
25858 6721
20301 8689
18910 16280
28365 17016
11335 3529
8158 4501
8507 610
8071 2119
20236 1649
20693 19294
3160 226
29555 12416
27452 5965
10363 9543
1221 178
14732 905
6311 3591
22045 16078
21810 7772
15120 11299
23425 21091
30858 4894
21493 9399
18947 11764
9954 1527
13465 10903
11655 7185
24490 3288
28484 13585
23457 6521
16135 5647
19216 2610
19720 9918
8704 8036
182 51
28549 27037
12016 6672
26005 25038
121 113
4889 2826
7334 1247
1093 925
27738 6905
15653 15094
2356 1161
17017 14694
11527 9314
9411 8653
13707 2129
16798 1798
4178 2280
12113 61
8957 8747
1700 746
943 688
32499 5141
5570 2662
4224 119
24249 2158
4365 2634
10102 8568
32427 22650
15790 3442
27853 26154
27033 12454
18336 5663
27630 27314
24991 5531
6158 2896
32610 24260
24191 2069
21942 1258
23453 21864
11763 535
16012 12744
9354 1364
7281 950
13790 10353
994 596
3413 2015
25755 22860
19118 13542
8050 6054
12693 5803
21133 5150
30580 27418
13778 10189
9101 4890
7071 6224
13638 4132
27067 7501
1219 104
7821 286
4538 3316
13964 3069
13443 2355
1527 963
25967 15503
23238 1416
3675 1590
31456 4267
6789 184
21134 3614
14494 2490
26416 3716
800 437
25135 791
737 251
18482 7960
16361 9699
12437 5800
21632 5938
4375 913
13964 8747
29138 2716
11034 892
7537 5827
6203 46
8605 1481
10513 9330
13240 6086
30761 3702
19918 14330
13323 633
6088 5090
29200 2435
28899 9865
9076 1329
11617 3448
24748 3092
23679 4555
32506 19748
10918 8206
9278 4910
13285 1004
19727 3696
23199 20748
30986 19121
30337 22451
29034 27342
28599 4088
24026 6806
6752 1526
7047 3903
26175 15754
2680 687
14003 8428
17698 13874
30441 23
30263 26508
15952 4783
16576 5301
6477 1687
28267 15278
18993 6839
22566 4380
5736 1905
15596 3084
29682 24928
31455 21881
11032 10730
24216 23695
16471 9956
31931 24878
15009 12243
18894 2760
6597 2707
25675 19242
4395 2878
17651 15220
23236 4236
18790 11880
13889 7176
19697 17645
26755 6161
17319 13977
20307 10510
2995 2723
23892 20578
26860 9377
4661 794
24234 10256
17195 5345
23512 8983
18335 16172
27979 6155
24100 18371
27218 119
23979 1144
20367 8257
1786 359
15365 14134
2650 937
17521 14798
5520 1566
4318 2834
32271 17980
30836 14081
23404 4982
3985 1665
9746 7992
23579 4987
11831 5156
9236 748
32527 4756
2670 1221
575 344
28193 22743
30612 30388
16252 2723
5365 4943
16312 4945
25238 13666
24275 19058
10095 6909
11164 8223
31213 18327
2570 2418
18663 351
9169 3929
28883 18977
18231 10029
12602 4955
10276 188
5737 5663
14201 356
11114 8440
1187 1129
2098 143
23920 8042
4124 2671
8225 1921
29846 24485
29632 13063
20506 16150
23220 485
28001 3122
21394 1969
3795 1203
31798 2373
19009 11393
27411 2071
19670 334
12999 1450
6987 1762
17394 8959
8795 1228
8521 6085
11127 4942
6630 1358
2490 1459
32226 27443
4895 1558
294 137
14834 370
16510 7971
23172 2015
7408 6479
4387 612
24907 4121
11337 1894
26114 17935
3860 212
10043 4393
6134 5722
292 45
24494 961
1670 201
25719 10053
9628 6082
30079 3245
3877 2375
29338 1073
5048 2308
13368 3892
27480 16581
12181 9276
6984 1013
11055 2550
28192 7942
6013 4764
12833 2688
24542 869
12742 8400
18384 11029
6811 6514
10338 5572
18002 6018
8684 982
6676 4858
5629 2196
28693 13908
32149 12235
16235 9010
28564 21560
30240 22878
27507 4678
14726 2480
15410 13928
202 77
1937 1157
15820 11522
23939 5413
2094 1094
23520 13584
32428 27078
14938 5603
21163 18585
21170 3067
12820 12103
31020 8181
866 20
14656 13405
10234 9714
19090 1403
14523 8455
21028 20621
28887 1757
17354 9457
15073 2389
30687 15996
5159 3525
18743 16383
14913 8732
20308 8001
22250 6185
2269 618
7695 1248
2635 1602
4646 2779
1254 461
25281 21272
14832 13779
6499 4223
11808 5332
2194 1449
12626 12239
12589 11774
3708 3238
4608 3942
30692 1101
5526 2780
912 732
4686 3259
19454 3256
4273 4199
2326 159
19459 2292
13661 5882
8472 3333
4971 3241
24426 24040
10143 9010
12392 190
31249 30613
2320 1902
13512 2826
22975 8688
29230 6134
28744 8895
20416 1978
16452 298
6410 6107
1450 584
7891 6806
30112 13710
3733 1893
29072 19948
24112 9546
28797 21707
8158 6594
4760 3948
21098 10992
4878 2536
413 397
3109 2092
19194 16410
16775 11845
6827 481
25821 22646
13498 8187
2208 1147
24196 22990
13612 8865
15467 10498
21527 11174
14284 8638
26048 16185
305 122
13611 2485
711 171
32268 19170
22290 3914
14625 10837
6111 2853
709 409
6522 1173
20419 11775
26146 25304
25704 2217
3514 1543
16860 3217
7617 2650
32178 5868
21892 9042
14269 13862
27282 1405
8741 8290
29041 152
20411 3051
16015 8756
15498 14462
21371 3179
17582 3327
11349 4106
32106 13122
388 278
9332 8418
20902 9849
6547 4801
18381 10742
5740 1010
20968 2129
6297 5236
31615 24297
12796 10821
24740 16601
13139 7606
19750 11739
25868 6264
23559 1453
16986 999
11056 3650
27272 19236
30564 19289
15502 776
13427 8141
20706 4975
30128 26492
17808 7112
15012 1915
4237 2182
29700 12618
19528 2383
21729 9258
12931 7245
17439 11753
14689 13096
552 141
1728 252
22241 9619
11720 3882
23518 22137
27332 5880
14034 2777
20785 3610
22601 5911
8213 5939
4761 1118
12435 1495
7445 3304
12987 2647
22405 18617
11431 520
25043 5279
28611 15153
23559 1806
30828 17238
25205 247
27581 4832
6709 944
10149 6918
25044 11913
6461 2585
31305 8287
19801 7977
15403 6081
28510 25306
11553 2758
10835 5518
2457 108
8250 3165
5821 629
27552 14465
20642 480
24435 6218
18627 11910
30996 9233
18607 1540
14509 9084
3326 2725
21445 3593
11401 5806
30225 1198
32731 13884
1165 216
7394 3297
5836 2671
15082 8741
6796 5686
4813 3228
21902 21766
3939 37
14757 1104
25152 5529
16140 3230
20639 12356
14588 3661
19609 9299
22654 3477
11931 4356
20863 10634
8982 2067
22050 8814
8312 5537
23642 18081
31068 12905
25015 6618
24317 18400
8576 7481
26609 20754
28931 10917
28436 21688
13865 6446
24258 5451
11341 1021
15433 6263
27470 1475
1949 1526
25827 4455
17230 11145
19503 18598
14520 1183
7062 2208
19578 1780
11470 2455
30505 54
5945 4270
13893 9015
18546 11002
2411 62
2854 472
20429 7232
28709 26053
6624 5294
19896 18441
17236 14934
18742 14682
26953 11862
7890 5095
4288 1182
7095 1099
4431 2783
32343 17190
6170 1443
12543 8248
22270 1868
4783 3341
13327 4491
16938 301
3397 2115
8009 1019
25714 195
30356 20292
1911 1542
2835 2475
2232 360
29282 12439
7117 3433
30468 25788
10875 9861
29945 2416
13794 311
25747 3070
22519 5267
1925 6
31029 13090
27709 11192
3728 3723
15220 14713
29611 2107
1027 644
13642 2361
30968 12204
24586 7527
21993 17900
10064 1838
23944 11051
30847 1856
9848 7760
20078 9234
10847 5689
22809 13602
19261 440
19862 357
17148 1503
29259 25279
12616 4321
15199 12617
15264 6345
2926 2317
29613 2320
27777 3788
30675 1564
21821 15456
519 143
20058 9071
22752 1774
3159 1187
22256 13277
20844 9899
31828 7576
11201 2519
16010 4728
25565 6416
2691 1649
12129 7295
11513 4920
31734 1600
5379 1089
26244 3361
9447 3795
12965 8691
1327 537
22105 16759
11775 1583
28155 18547
6821 3864
11379 6550
23410 11471
7086 6085
31176 6973
16715 9165
25205 1891
31639 9455
19007 7352
10940 8091
16576 1858
31285 17123
25973 9308
24197 19292
29457 12470
6953 6944
5399 646
25803 37
15271 3030
29624 16580
24984 12196
6804 5824
30920 19272
13645 6561
28848 24012
1101 341
2876 215
18420 15754
29657 38
12357 2178
19663 4780
29919 24426
9937 6227
10543 2334
5842 66
8421 3217
24091 9267
30884 11030
22683 17647
5886 3235
9598 5260
14751 3362
15873 671
25288 23855
28292 1372
15104 8322
26080 12933
15110 297
20220 1851
12809 6881
10395 1225
31771 28639
20344 10490
31972 11619
28309 20062
12947 3340
18896 11770
29978 26315
5815 4787
13723 281
22429 19846
21021 1846
27886 15836
20868 17953
20671 313
7104 1024
12457 6115
580 363
23000 1553
11450 9143
11103 2624
15861 171
718 607
17703 15105
22279 5033
20308 7313
30029 9772
11526 11267
5278 2441
16451 13975
13123 7536
26300 8071
29349 921
21575 8353
25954 16929
29071 3238
928 698
4874 3101
14754 6512
7212 6707
17561 4195
25307 14047
20924 4311
26402 8538
5018 4499
13097 2180
16815 69
30565 4678
13878 994
14092 10313
7743 7266
6348 1306
28673 6581
12220 5047
7025 329
20627 18994
10516 4216
18200 9267
15121 2045
32729 23327
9354 8568
31264 7973
2860 492
5667 3300
18181 8314
4987 3403
29846 6385
21463 18226
27946 2416
13810 1518
6502 3719
7362 4798
21024 16744
30451 26909
17269 9818
23187 20252
1557 1226
2319 700
25314 5959
28510 27792
29882 23147
30332 9162
7312 2794
14362 2689
31682 29041
27540 23182
26790 5047
7971 5006
4454 198
4436 2980
16655 5939
16056 2143
31460 14385
30685 3345
24568 16941
4990 4018
4860 3316
4343 3629
3669 378
16123 13978
8306 7232
14985 12671
604 41
23068 9096
15502 2093
22819 2286
19976 10830
22448 2345
18847 6656
628 135
23959 8513
30443 14621
31091 20764
14292 7091
1548 412
17892 683
25569 6448
12475 1600
9134 2724
13335 9615
11584 6998
13640 8132
18567 8710
13540 3626
15597 13159
2235 295
31462 29361
29197 5553
968 707
25595 17236
990 550
3644 446
21175 3563
17 6
19908 2641
30587 10622
16675 8569
12459 11261
21173 9790
18874 5329
9078 1236
3738 3646
6926 5184
16717 7393
4515 384
12884 5750
19442 13149
15723 3692
32158 15575
32371 2745
17863 15214
21168 7738
23007 5525
31284 6660
21177 7324
28059 3736
20451 16045
15353 520
25910 3597
1297 75
1707 1094
25544 16691
26225 9898
23769 429
31036 27611
9673 960
5343 3470
22558 5229
23837 9033
25804 4384
29372 11913
23536 3413
6364 5970
23744 21157
17543 16033
16834 513
19081 6155
23869 7637
8066 4236
23022 4683
24121 4809
5115 1034
2099 2054
32301 20792
13445 1463
26457 19611
8422 1091
13343 12930
22792 13180
24791 3259
26665 14467
24521 22248
18661 2411
10140 5314
1870 171
1554 111
18750 5713
2802 1197
12524 10996
8005 7809
19902 326
7364 7099
3934 2197
31122 7284
28432 27875
23591 14103
17219 16955
11148 2776
29029 28124
28622 11496
29180 7690
5805 5028
23283 6610
28820 24865
25649 842
31182 29898
6769 3866
17398 7635
13389 8430
5039 4635
15771 7935
1686 1677
3325 2148
21877 11417
14260 2775
1722 1093
30645 15542
9511 1823
14335 11660
20170 11344
15147 5827
12336 8462
4165 3182
16342 5644
18906 13744
19936 11422
11090 2695
15373 3835
16512 9039
29163 7922
4984 2449
24903 4161
29857 5129
12008 5876
2315 504
21373 10315
4866 3804
18643 13916
10467 7905
5963 5432
20014 19397
22412 22150
8925 4472
31861 16900
7412 3002
31061 6317
90 37
6239 4222
2279 416
5464 3061
31422 4556
20627 11976
3293 1258
11807 807
25074 18593
30015 2645
880 580
17434 5098
4835 1508
27572 16568
9601 155
18461 9360
32257 17092
26857 8738
6320 1562
7647 1188
15809 2658
15350 13264
3556 3403
11901 9895
15643 1620
10393 7403
28617 25632
2804 2125
28172 23334
20916 3948
8525 7086
7850 698
4118 1126
13260 12345
19491 8484
29158 6105
1723 1303
12172 7240
16193 11100
31827 23998
16390 9981
9281 7829
23905 8687
1921 1633
11010 8771
6747 2664
7043 6108
8548 8332
15936 100
32242 31946
3945 3002
7891 6242
3669 1101
26943 4240
3609 2927
11786 1375
29786 28086
32542 22366
23135 45
31017 20439
17514 3145
21907 8691
25417 3670
22707 3326
5160 4010
28738 11548
4777 2260
5648 3360
4407 604
19189 10504
11159 9210
15883 9345
26559 4467
29722 18893
14572 8028
852 236
14575 844
14147 8979
3015 937
12543 11349
8565 4802
22436 8917
18956 6531
11523 5533
20488 4231
23192 18600
3296 1937
2749 1324
11231 4453
25116 7529
3887 3307
11626 2261
2871 1276
5971 1505
27687 25610
31408 25019
31184 8030
9472 3367
28090 6749
7446 3271
3952 3884
16911 6678
27423 11036
22151 17420
22111 20528
19469 7535
14161 4058
25299 11288
16874 284
29098 8900
8078 1199
27182 7419
13537 2491
27966 13679
31194 13843
944 496
6169 5151
20290 7823
17274 12978
18387 10755
234 233
22739 121
20345 4760
