1879
16722 11928
7235 6909
20238 19406
19874 2424
26695 23730
13707 2397
1160 101
25204 7326
21915 7043
16689 11820
16535 8790
32279 14663
26651 26406
354 237
11220 267
2772 145
16709 600
12447 11689
18887 5026
17797 3541
2510 879
27198 25951
9583 2853
19994 5592
1567 186
25319 21610
19902 2081
2069 1007
31444 28872
28952 5073
8730 3452
19214 9744
24892 3541
26018 7586
28381 10539
25392 24962
27611 23950
13354 8003
22997 6112
25018 7735
23275 3297
27560 5319
7877 2274
15743 4450
8407 2885
32491 26056
7139 5481
17254 12347
22207 3240
23827 9613
11864 8782
22250 4283
247 243
23062 21688
24259 8832
667 313
9096 5108
26428 1199
23990 22142
22684 18450
9901 6294
7075 2827
20535 11366
8995 1600
2902 380
3260 1045
27713 21193
25853 13357
28585 21183
30411 14568
25920 20445
10759 10419
25468 16210
13675 9492
10392 9060
10165 3674
3293 693
3080 707
27167 516
11663 1672
7306 6591
15971 15741
159 53
26031 25343
4729 1027
30994 21414
4693 1546
25924 631
21073 4351
2557 329
4468 4301
3346 1557
2031 1490
26849 26039
2210 412
14832 5963
23522 6867
4049 1153
14202 2290
17737 13073
30703 12165
9137 4487
32521 2029
21915 10414
23438 455
27833 5270
7761 5258
32507 24719
107 85
7928 7668
16073 15567
13199 3591
20199 13858
29390 21984
20698 5167
1042 797
25236 5039
3440 507
14436 10252
12372 5563
7868 4756
14696 665
18743 6870
1976 1657
4826 4400
28435 15171
5019 1213
6580 1801
12063 215
11554 9284
200 188
13908 5961
18671 10014
8473 2166
16238 4535
16055 13397
28514 15635
8146 6219
47 5
17808 2592
4036 819
28155 25979
544 19
32679 689
27156 766
22676 6351
28491 2047
1109 1072
21897 3318
7538 7408
2352 2197
24076 18630
21768 20893
9151 4581
9535 9471
27341 2855
31663 22937
1144 421
31072 25703
3247 1089
8526 7042
25325 707
14444 12706
10847 4059
26344 11468
5445 5024
32433 8902
32666 25364
2871 864
7415 1795
3698 2783
15797 11855
3877 3649
28498 13593
23652 20560
31765 21334
10836 2510
3573 2105
27698 2148
30904 29591
3990 341
28504 12919
31993 29058
10410 200
373 272
14145 350
1485 247
6289 676
13997 10232
16208 12750
563 545
7458 1922
3757 168
28532 11503
3749 3299
21416 19054
5659 1351
26227 16756
21777 13327
29316 27142
23373 4984
29287 4496
18778 7810
27048 5586
4816 381
22843 10237
13781 11216
21275 309
3044 2994
28978 11895
6093 2674
13177 3826
29949 27987
2400 1374
19456 15191
2672 1115
28740 19035
8751 1176
2848 1998
13124 2864
30740 6171
30171 3405
13907 10465
5451 1971
4990 2157
20726 1076
29619 20575
9329 976
23238 5278
15078 638
6862 4360
12726 1901
19428 11092
28258 830
28967 19581
2987 2325
28420 347
8696 6007
14004 2814
28409 19854
19205 5797
8330 2992
606 451
18138 13433
10749 7793
12748 10204
28292 4020
15773 12040
11700 10513
21192 1359
5496 1423
7462 962
13349 6430
15962 4082
24064 22274
32620 21772
3073 1620
17844 16562
6102 1126
20218 6043
31019 21199
30939 9215
26665 12954
5998 4813
2364 60
7976 4822
1562 634
9725 5155
14337 4667
32712 11415
18239 14264
31213 14753
25592 3923
31293 26328
31780 19610
1306 752
4823 1436
28379 2997
7365 3151
15474 9191
1541 876
30539 26436
17685 32
30840 24117
7967 2960
28428 14078
378 280
9668 8113
5236 3620
19437 10460
27471 19998
17793 8597
30089 4430
18068 13110
5473 3640
15854 13531
32662 20372
21242 8922
18546 9533
31455 24522
16903 1282
26860 14542
4025 3090
24121 1711
4860 1212
7307 3981
5471 3414
121 82
21450 7225
1741 305
20227 9732
16685 11818
1399 528
32251 24504
31288 14658
10105 5635
11586 9821
7729 846
26882 20302
4756 1320
2329 1897
8673 5325
7773 1353
14920 3722
5152 3489
2640 420
15030 1733
32630 1014
23345 22012
6166 5699
14447 12369
3215 1282
8535 4327
5027 3775
30815 17068
17948 13815
21585 1504
26037 1597
7760 7001
2871 730
20758 10094
32739 12859
15743 14078
17936 10975
30795 17195
5397 3990
21791 9747
19561 14596
4814 1463
8713 1343
7383 2849
4122 1083
1583 292
17872 2977
8512 925
8078 1895
22833 11400
27215 4039
12392 8879
30276 24636
2125 93
15550 14478
5713 4736
7503 1070
10800 7482
30252 14158
10610 9754
7126 2233
25656 1526
29690 8292
10037 4566
14229 10597
12027 1495
8283 4438
24696 23420
1370 990
27328 1157
10971 10522
13837 9685
18825 8310
17411 4360
4309 2396
25913 2042
10392 9244
26614 6234
30202 14563
9272 2948
10132 126
2299 733
19665 14241
3767 913
31898 15083
13099 3158
20274 1589
25177 3515
12126 2878
28882 16685
18122 9239
2867 1153
2472 53
16112 9800
9626 7313
80 24
22482 18751
20921 2741
28279 17726
28718 322
31051 11407
10518 9488
28044 9352
15679 6792
16664 9347
29986 13320
16596 1879
19049 3116
9805 5021
19118 11049
12448 4883
6022 2059
17560 14357
10174 2967
22551 561
11748 5777
11447 6286
18441 4373
7600 938
23750 15062
1277 216
18813 6791
31674 16615
17889 3359
31185 23980
8377 1638
6357 1024
14817 8176
32302 25532
23953 18759
12407 6689
25825 6192
23588 21814
16269 14082
19304 2932
19190 6953
5462 3162
6762 481
18502 15349
5285 4541
4986 673
2712 1757
13313 2383
11113 6635
10460 1223
31162 25015
29280 15543
9774 6143
24795 4015
29481 17655
13946 4446
1496 369
8298 2174
18546 141
19262 8127
16829 7545
5777 3020
1491 760
11244 1105
9254 2889
31978 539
14018 5325
27801 7579
30418 9768
10276 7968
31334 7614
29359 21279
32627 3900
26755 11771
26651 24270
32107 934
19503 7315
14941 4850
17395 13390
32349 18173
20513 17758
18079 10019
816 192
16876 12936
20437 3230
13126 1900
8395 7553
26575 14688
7632 347
17383 1968
16880 12654
11157 5124
9989 4864
18984 3976
10879 7688
32030 25597
20321 3969
26180 1880
396 135
26911 5068
7744 5063
6027 1475
26080 18441
20898 12488
15093 4927
7391 1752
21110 12568
30339 23678
14663 8822
9528 8384
21247 16674
19957 2552
13806 1489
20513 6317
2143 1437
11515 7345
17178 1524
32313 11985
32045 16478
16367 10752
9452 9382
29107 23427
18999 9826
21247 7164
24059 1746
16087 9838
2811 2348
27307 235
3025 1363
3198 2565
8751 7000
11336 9553
4971 2500
9369 3998
20027 4273
5760 815
7613 2808
21675 1913
3514 259
2511 2273
25643 13298
7755 3796
21500 19747
8456 7800
19729 800
14243 3571
3463 2291
22990 20624
22588 21778
23539 2145
29841 1643
3355 651
23406 6401
27663 21186
13703 12227
14268 7524
3806 3480
24284 10317
25481 9688
4819 2021
27062 26996
471 117
15596 2221
31828 17421
20116 2827
2447 1858
16311 4926
12169 5004
2057 12
29222 12420
3623 1819
19854 10513
5405 3764
12244 8043
9003 8293
13782 11479
17865 2753
12132 3748
22248 20114
11940 8395
10107 4163
9908 2982
13110 2997
23954 7305
16789 6144
13625 10899
6177 4818
4109 249
8687 1860
21625 5735
12393 3297
21463 18324
14672 3150
6288 732
13826 1392
24452 18015
2041 115
16556 8168
1685 663
19197 8761
6683 3837
6032 2807
2045 654
6145 4709
21596 598
9237 6126
23755 20393
2719 581
4182 483
10660 1113
26819 24219
20925 133
2327 1109
30909 12889
9564 2940
32660 17430
6050 4337
3955 3268
17988 3458
21041 17480
16236 3593
2542 85
11737 7464
19446 9849
2784 1736
25319 6134
12721 203
7191 1347
14300 2199
1072 1065
12052 4906
22301 5438
13362 2889
10026 967
28541 12648
32614 29785
27176 3150
1356 363
23836 23727
23971 1008
23800 22469
22691 14700
1878 713
10585 1976
5457 2237
11341 5313
30532 254
353 240
24019 23021
31996 8428
21552 18907
13416 12252
20375 157
10617 10584
22555 21134
22896 16971
11941 10205
13086 4066
5178 3009
14413 12922
5756 4016
20059 8936
1396 634
552 299
30350 7201
17203 4562
30949 12167
23039 8113
24257 16083
7612 355
16478 5600
11555 2831
7152 967
11938 1665
14051 10120
23481 4762
9319 1893
23460 1635
5420 4689
12602 5356
21610 967
16405 12767
5669 64
11507 7749
31407 10238
7516 6454
27502 17934
6789 2882
13535 3422
7029 5510
475 179
31334 10076
7194 1634
22894 15073
5621 3926
14942 7227
16752 3733
19947 1168
6263 1971
15883 417
31336 22279
30626 7064
25298 940
14174 484
32125 7369
24031 21720
15274 14599
20252 1419
20123 13824
24834 414
11094 9100
7518 4258
31655 27013
23292 2190
8292 809
29200 20365
10484 2775
4054 785
25618 24218
28022 1467
28111 25750
28202 22241
24278 18775
26786 5094
244 133
8104 3861
11480 2904
11776 8502
13591 11930
27026 11606
627 550
459 312
17756 9813
23872 17456
24759 6418
31380 3168
29151 10860
22684 19890
6633 3047
10690 1018
27693 18101
22183 9911
9729 3695
5133 150
5064 4562
4083 3592
18220 3698
31233 5467
679 170
27431 16402
32328 26482
28802 14297
27060 1149
15743 15093
20331 7241
18754 6025
15692 2539
23369 11954
22108 20574
19276 11217
12739 5918
30824 828
11031 9724
15229 1820
2013 1368
22741 6115
5709 3685
13574 3265
10582 291
20761 2357
5602 3641
20971 14046
5467 3805
5844 525
12654 8181
9095 5172
7439 607
24889 11129
7869 164
31494 19696
28679 24562
22928 20938
13903 13704
489 174
30926 9004
23475 14953
14296 7044
8837 8343
2401 1967
1681 1018
24257 551
16516 11046
22452 10452
7342 153
18085 16812
16739 14856
18988 18231
13473 846
8149 5560
25842 6358
5155 3017
14740 9197
13268 1064
28120 11130
8807 1496
15304 3678
14812 3155
6668 5554
22459 18532
4367 1008
31575 3746
27485 5002
6484 1887
17744 4907
18535 14088
16363 14110
11101 10090
23302 2811
15455 12202
15019 5135
23924 20550
23489 23212
21063 17677
31719 5634
1835 630
14499 6037
18780 4996
10684 5030
21639 10061
31460 1430
22925 13361
18586 7671
25221 5200
17487 5069
14336 9235
25544 12043
11152 2982
8131 1687
27531 24703
1501 1078
17420 7802
8627 4167
28987 2768
328 315
26318 14829
22695 21863
12496 9077
2249 1534
20897 3139
3512 1146
16703 12418
6133 4116
29123 11840
21783 2265
32047 6160
11190 8215
24678 1230
28295 22458
26492 23256
19144 18202
12080 11339
30175 8727
24503 684
24126 13928
1212 197
25481 21296
9892 7963
23035 20178
2326 2050
23814 7943
12987 2343
13625 501
8770 8605
21863 8419
21672 7866
13062 722
182 102
32213 2509
11211 3790
31426 26653
31707 7903
1546 1152
27320 4472
162 155
16016 10546
11478 7162
27575 13614
15920 251
17319 2541
8347 3711
5446 2493
15048 5948
8807 2818
12241 3856
3730 94
25628 12942
11016 10701
18819 466
17410 3132
14001 8543
21306 6241
19919 2651
15276 396
13921 2233
29342 14293
11882 7360
14814 2969
14039 9728
20299 895
24346 6100
13718 1720
29718 10338
31306 6619
5691 4077
7434 1351
31474 26079
31770 21517
23867 11217
27170 14249
24980 1770
20782 15498
28958 2427
1784 1638
20475 1226
13930 7456
29434 3240
607 397
22646 1995
17834 13079
26747 9596
5209 3616
8235 6062
25147 17921
3168 2009
29343 1261
22419 14114
30047 14747
28413 3012
29981 22196
763 688
31437 8429
26295 24073
2675 2580
4869 695
23854 19575
20619 11701
31862 13863
19749 3330
8866 2656
8328 796
1197 302
1061 655
26937 12529
16976 3460
12500 5383
8353 7250
13179 1436
18842 5022
5980 2011
31115 1219
1248 645
29363 19174
23529 11450
31912 7151
20057 3600
29433 7489
979 785
10001 6058
10949 7597
6494 4054
6822 6131
19891 2042
27516 25736
16107 370
9890 7860
13776 12982
29896 17908
1851 136
27963 2802
32124 20740
27239 25083
28923 24561
1946 741
21536 6845
11274 7677
13937 2369
18202 12132
762 670
8665 628
32242 418
27083 14932
17819 9556
22765 9885
23146 2664
7923 1603
29288 12559
28628 15111
7128 5068
23432 22947
29466 16272
21264 9113
28623 1312
32440 21142
3390 3385
18841 9435
20983 3382
18017 16110
31413 1861
20823 1081
19593 7132
5017 3262
21045 9603
19368 9846
2262 485
32551 28610
16327 13987
31200 26382
12225 33
15880 11249
3399 3368
18884 8650
6721 3171
21996 10752
31463 1842
29198 11247
20960 2720
8630 4123
26539 25766
24300 1063
24895 2257
9727 5499
18926 1044
28289 19024
29839 20479
13715 5195
30684 16244
32099 10535
18969 15286
26098 13493
16375 6092
17179 2701
29367 11748
21457 1123
20882 15234
32424 4618
25177 12091
14230 6190
30041 23861
29435 10053
20609 19890
18912 7875
5575 1054
13180 4237
26823 2821
30717 180
6061 69
16517 7508
19286 4058
26738 10988
690 145
29666 24751
23917 13048
20342 4564
31182 168
15703 297
27103 9826
4983 265
974 158
12058 6774
4499 1447
16788 2484
9171 457
23124 13355
3076 1897
21025 3978
16851 1999
31652 22782
14274 1071
15655 12559
25366 22655
30620 27117
31472 19254
24289 11033
12986 4397
10050 3553
29636 29309
11328 4066
23087 2475
29840 17145
30987 18979
14183 10046
10684 7222
18165 2015
27298 22281
1071 173
4345 296
16338 14190
20989 8026
11429 3764
26450 19795
18174 5032
21156 8276
21895 3559
1163 495
26434 25000
27313 2920
29387 10405
10550 3928
31454 7738
851 624
23576 3354
14142 9800
10242 9794
20814 4589
12619 744
14944 9563
11605 2304
1401 399
3828 2067
16557 10531
32370 19487
19775 1368
4822 964
777 328
12389 4141
8990 807
12394 5391
23983 4565
13875 1571
28459 27167
21852 9906
6314 4164
27984 22107
30604 4144
24076 18386
93 83
31270 25158
8444 7123
23054 2278
19965 14821
29845 1129
32587 24310
8363 3781
24594 8588
25709 13196
13788 3933
13663 10227
17146 5039
3573 3530
10277 1305
31833 1673
2405 760
3688 2869
31282 24015
16125 10518
29913 11424
18547 2756
24866 4587
101 16
28208 7507
8376 2510
17320 2552
8668 1638
19990 6966
2638 2511
10892 6922
22370 1098
30092 6664
25407 17732
295 242
27691 4536
13927 33
8457 8065
9707 8542
22303 21111
3025 558
19741 14596
19161 8176
8027 2484
8902 5086
20835 8219
9736 773
4271 1973
12953 2376
5300 1515
29221 5384
16415 9258
9581 6617
26462 9696
16109 3150
24674 4362
4284 3638
16291 8051
4533 2596
26213 23971
32212 19889
17978 12722
21986 21519
32201 3726
597 67
13005 10005
7538 1929
19809 18480
10420 2509
30842 3103
12657 11751
2997 1555
10427 354
16979 15852
29317 22973
25473 23707
28678 13259
16349 8538
2403 673
10295 5545
31368 21461
16788 4989
26454 24963
23161 2515
31492 1246
9574 8241
5823 5623
31904 491
21396 7720
4915 470
23440 2130
14136 3532
24102 7991
2388 1453
9168 6502
19841 9309
1273 334
14609 12129
18459 4611
25072 22940
11045 6929
13097 13052
7199 2031
2731 579
25872 15380
25678 24965
20256 16828
13841 822
250 210
24997 6755
7284 1443
24368 5823
24434 4567
1355 1332
19463 8314
4684 706
7134 3133
23243 14698
729 291
16735 11751
1271 480
23465 622
25467 20595
26772 16330
25931 5519
31706 5982
32406 27863
715 353
7097 6864
1610 546
4964 2629
19992 2852
1016 430
18773 781
8244 6756
24643 9783
12049 4243
4942 782
17130 12590
2889 2697
27616 23423
32507 26930
27005 13561
4570 4073
8088 7056
4118 967
21112 8001
11225 1586
28220 4546
8142 2301
23929 6191
23264 5566
13094 9333
6468 5064
11189 7520
3769 634
18819 10757
1550 991
4210 390
6629 5822
9428 6749
27320 6655
20876 2542
30233 6737
14703 9970
29502 12175
14321 3083
22716 13957
13565 1110
28563 16839
28708 16721
5995 5801
1786 422
8221 4083
15037 2541
23669 14096
14648 7118
21047 646
27879 8964
11103 1932
6236 417
19629 6376
16609 4416
13665 1362
11359 9930
3140 585
30335 1802
32231 15489
270 216
20527 7810
17318 8418
20241 4999
16011 14532
30363 3486
5331 4100
32308 12314
4554 3027
10532 8573
7572 5402
87 69
25876 2699
22877 9107
14605 4698
20150 10850
26759 3141
3405 2624
6773 5621
6978 1245
27284 9395
31724 28462
19862 4978
21791 10535
128 114
31146 9991
1873 1695
32036 26434
32484 23100
13545 9331
17943 913
19039 1267
16941 13771
17022 9969
17009 11431
7823 6809
18204 6335
31283 1258
12153 4437
19112 9007
4935 2648
9032 1643
19295 12562
9042 2357
28055 23173
28909 21450
16357 10443
25962 3742
26312 3372
20170 6261
21219 18970
27264 6626
12779 12143
32120 14677
26308 655
11607 1502
19687 1054
32517 25697
19207 18450
7785 5340
30964 21517
21363 1386
23743 6956
18528 9578
799 476
1337 939
30483 17698
17565 9190
23753 7702
1473 1075
13247 3977
32693 26312
1064 564
23017 15433
31633 14253
19951 16919
15556 4989
5762 3858
26349 2941
20424 11486
6139 2502
11476 9802
28233 16985
9839 7984
19838 14968
1816 565
27314 1574
30793 1273
25554 11967
29948 21732
26181 1034
17774 16343
10447 6110
26659 20439
15542 8352
3114 2460
31268 11816
162 108
3021 2430
15741 2496
24017 5950
27012 22717
29668 22313
411 258
27308 23745
1351 1248
10346 9342
19565 5206
221 102
27229 4494
20580 471
16910 9813
21090 1951
12203 3137
14054 8178
27471 3350
15244 3972
2318 2201
19358 2437
14900 11420
27519 9240
13265 2092
29514 6060
24181 3719
23734 12234
13112 5481
10301 7322
27133 934
7549 579
23800 11515
27358 6309
17774 5990
26741 2080
13756 8029
552 390
29851 5960
3347 2355
7586 1801
3115 2709
11021 1303
10273 1318
19644 10812
24202 4524
12415 878
11324 9266
8080 4167
14075 3371
5473 5320
14933 9846
13208 11702
15306 6321
14168 3069
18992 12646
21443 6302
19542 10211
5565 4902
8936 4989
13554 3465
8594 8292
30234 19238
9064 9013
636 462
16006 6680
22704 22552
23283 3931
15018 8414
12492 2197
15604 13654
29086 23213
23355 9742
8467 6843
13837 12776
24785 2267
24033 5938
13215 9000
20312 1081
31689 15531
1218 156
14534 5998
16612 11418
18457 2513
30457 765
11637 2519
29686 26557
9764 6050
11538 5322
2986 1267
22406 12602
18853 6746
11665 8580
27383 12423
1216 142
551 407
6508 2033
28933 26897
13188 5910
21389 6350
2189 446
4622 2113
32486 23449
24204 2245
13905 6325
8546 216
31151 29627
6443 5536
32267 27421
12771 3787
4826 3273
22346 3658
10113 9573
18057 9564
18968 8414
8984 4781
878 239
21215 8851
13389 11601
26012 2277
22527 10112
2948 396
20496 11972
24365 15463
7510 265
1707 698
10799 10090
28666 26924
2570 1954
11420 7842
21033 3448
12418 4396
28581 20864
30768 20105
7858 313
23069 10227
26404 3877
1880 1684
16946 15339
32625 7931
19834 10975
31639 12672
12102 7573
5374 337
4110 1329
10884 4055
19774 4223
18835 9323
18744 11920
7753 579
31901 20474
11990 11670
11465 5259
26150 1461
27548 3278
12737 6830
17536 10860
14063 3138
15015 1634
25375 24413
31893 712
23433 16486
28895 3097
4115 116
50 3
30065 14422
16534 3364
10897 4181
26100 8348
3382 2573
7126 4661
483 195
11375 8998
29434 6184
6363 4137
19237 4603
1704 573
28405 263
9876 2164
31177 10525
30872 730
16882 5772
4390 759
26644 7998
17328 16447
30159 22673
22121 6460
20383 1139
9039 7914
32257 2651
19049 7476
4568 747
22861 3323
10254 8634
3046 863
20606 6464
2676 1679
23570 5876
18644 25
22056 11922
27394 9308
11579 972
21212 3167
20159 5908
15145 5471
14924 8631
985 566
20479 11918
5006 3187
24094 2517
29276 3001
12794 5968
461 43
12314 738
30249 14728
14229 13190
29940 8668
21696 1136
31927 7306
1801 1596
31236 6515
7715 3584
11700 6881
29284 26577
18547 3853
31851 10404
24447 8970
4101 613
7852 4760
15954 2438
23468 1965
8995 3423
28301 12709
8615 4006
29571 2852
21575 5374
23016 9131
13262 8833
25729 19835
14797 6469
32515 11526
574 300
3285 720
12391 5062
5400 3853
6913 1138
28645 9966
922 203
22741 6091
23864 898
2759 1800
26175 1783
18653 2543
6548 4636
30920 10034
15107 14737
12870 7601
734 635
26600 582
11495 8197
3353 1456
28272 16396
23900 14260
6081 4422
10453 8117
25786 13803
18955 13113
16570 6950
10476 7483
447 224
28434 26658
24270 150
20804 11046
9621 6214
4672 1628
29519 3535
8887 4207
29928 26063
666 658
29281 1657
18324 9165
10615 7854
27864 2755
15231 14198
20508 9759
12949 511
32741 1715
25077 17246
16134 276
9641 1570
24931 491
17765 14286
26107 7401
32431 9442
29222 9072
31298 21478
4634 1486
12469 11052
25268 15873
600 269
2166 1912
1631 34
6092 5609
21826 3625
21139 935
21091 5906
24283 16770
14578 2755
23276 3482
28685 97
29320 13110
27180 12409
22896 6450
5053 2066
20266 1502
5387 1981
4096 3480
27492 4470
22348 10840
7547 5106
22259 1531
3851 907
18480 2354
14269 1864
31123 6763
16716 15951
32329 7712
20711 4058
25245 15151
32727 17399
2495 1829
18273 3536
6340 1200
25582 18530
4847 4156
29545 8916
2863 2159
21225 3692
3816 1253
32656 25998
11766 8004
32435 19856
17392 13480
4410 596
26281 21599
13898 3659
7677 2471
16674 12397
18634 13947
1603 609
21308 5473
25556 23556
8782 4010
10564 339
22669 6082
8753 5768
22559 7182
18569 6518
9733 5376
25071 14756
4765 3236
3168 1869
19307 3301
32278 13204
14872 7997
31916 6392
21691 9264
20356 2849
17240 5802
12646 11344
32422 4371
1385 752
19478 13487
21271 4957
15120 1727
19916 12689
1920 68
27487 20232
1425 247
19972 19433
31416 23170
1393 647
2037 794
27456 8288
2390 1311
7829 5404
3772 1727
25344 3518
20961 12561
26277 5390
19866 19805
13210 2794
23130 12490
20624 5277
29688 10338
21686 6784
3250 2944
29402 7743
4465 592
16337 13021
847 669
14362 13194
19030 1278
18622 12743
9610 3196
24442 1249
23594 537
17952 14496
5172 2190
19771 37
29223 14993
2546 1682
26124 11919
11055 2779
18871 3745
10752 7107
13387 164
22845 10964
9980 6760
6251 3413
30489 10420
11744 5075
6473 838
3112 714
12821 11631
1704 55
4006 1310
14721 980
28880 26408
10423 2242
15696 15395
23187 3623
4946 3259
28997 147
20023 9557
1998 978
27284 26566
22045 12419
27518 314
24696 13593
9477 2430
13854 4878
4094 2641
811 24
2822 362
31163 1461
11459 2513
22098 11116
2925 310
892 776
7565 4000
8368 7632
6149 4664
28794 3546
27985 24428
29146 20102
21004 14982
