1941
24334 23667
5686 592
29310 13007
29792 8338
8186 4547
14544 10758
20628 5300
26947 17784
11547 9058
4905 2677
15761 15695
1717 787
7391 5285
18480 7230
5320 3549
11154 5463
13852 12648
20051 17981
16686 12610
25471 5581
29319 21850
1545 371
2012 549
1377 1058
4414 285
24648 15676
25233 4850
25060 20801
14655 1457
5391 4719
27182 20463
501 254
11247 7814
27102 5099
20792 2023
30024 8519
1940 447
2105 1749
28249 9566
12499 10882
6618 3760
25641 3808
22239 4108
32081 15087
16978 8464
12987 12751
2363 874
30144 29081
25839 13377
28798 2712
10115 8323
5604 2214
27783 20143
30729 12278
16881 7591
22722 6766
23896 23674
10355 8665
12643 5250
26405 10153
30592 25538
7129 3180
473 59
22044 16203
27012 12157
28124 10061
27897 5863
30074 7454
4810 2034
4640 3534
25742 2197
11861 2994
22046 15169
15055 1510
11525 2814
29064 16632
31793 30170
20244 2344
2031 698
13873 3555
9750 7893
29088 23314
28289 11729
2099 1624
20419 19792
5928 31
23575 8731
9909 1860
25238 5941
11492 3520
10413 9468
12961 12738
22477 9072
20241 4336
29540 8596
27942 6779
27405 5526
3953 2797
7427 773
1591 796
23772 4753
19398 15514
21108 3171
31497 8397
17703 1014
5211 2279
10051 9539
1177 835
30140 19021
8827 3400
16418 14669
5668 4361
27857 12804
24311 4072
3432 1084
27565 18441
22396 8060
30884 23838
5517 875
10362 288
9272 4379
2779 1135
20399 10407
1431 153
9575 7225
21496 18315
3600 2422
4178 2464
17354 5907
31707 14090
30870 2972
30909 30510
16650 4059
27242 24875
5962 5853
28720 2230
2611 750
11789 5927
27865 11147
6084 3861
6708 1223
29232 7008
8470 3863
32473 7350
27744 810
1477 484
15222 3965
12689 331
32496 21364
29120 1289
28051 18034
22354 6310
25983 18020
8088 2808
28073 20412
24904 16841
27532 11357
4045 893
24860 2487
18656 2567
18172 14899
8284 720
22256 9681
24142 11752
23189 11791
25420 16385
21072 2318
9993 9449
2180 712
1318 1140
25864 6012
19530 11961
5336 2541
17268 2897
23050 11743
6544 1310
6148 456
29513 18348
28653 4081
2847 2392
353 78
6073 2991
9065 1900
27772 5686
10666 5124
2140 2102
2524 1465
1778 1568
30078 29212
10191 992
15304 3031
24593 14499
2018 1574
10804 2491
20307 5019
2090 111
1212 380
27565 14685
25286 17936
30932 6421
25433 17766
22244 19688
14095 726
873 408
20712 522
23430 12248
23103 18407
20362 16702
8956 1061
29891 15130
25100 10311
27031 23058
23054 22980
16336 12737
13903 2310
24888 3598
13305 5856
8806 3218
27527 27437
30679 19316
20092 19383
321 161
11605 6743
24355 16312
22972 15965
1697 1026
14590 1075
1935 558
23231 17979
30924 28030
26605 13825
32465 2474
32242 21647
8329 3460
18990 2286
24164 16070
31140 19690
16295 14733
20723 20334
18950 8855
137 52
6004 5653
2323 1981
32314 4631
17463 2205
32582 4908
25990 9031
28358 21616
1964 1583
2806 1534
6634 3169
30006 3972
16839 5542
16736 12870
1282 345
3928 3174
20426 7196
25317 24930
11057 6267
11711 7711
14303 9427
16361 15524
16643 15137
4672 4009
31632 7084
8021 6610
17829 11579
15992 6334
31308 4358
13589 6054
11624 7140
29252 21418
25577 17348
10395 2638
7234 4521
14918 4759
15133 5924
11098 3219
12365 6973
3687 2659
26628 15017
8013 1841
23622 5557
80 5
23197 6369
19822 12634
21007 4964
31215 749
15693 5830
11327 6002
32045 29231
3065 1251
14170 5562
13892 4299
3402 23
19554 9390
16241 12683
20614 14042
4277 1725
17638 13720
32289 19612
16658 14938
7901 4381
29060 22710
16478 3995
13688 8476
4826 4727
20222 10151
31231 1265
22861 8211
21988 21751
31066 24016
22592 811
31913 21023
14810 5483
23139 855
25664 15914
19114 6969
25532 1680
26665 18318
13700 1952
4079 134
17969 360
29565 2685
13426 1441
4381 1618
11266 8686
1654 885
27863 27327
29022 28144
21149 12894
21231 13866
28770 15854
10461 782
5267 1113
12550 5104
18727 11854
2891 9
9242 8982
11679 3599
31773 12012
24157 19422
21900 12517
10463 2381
7072 4319
76 48
31206 13862
1201 1124
27119 5554
7764 462
18761 13252
25413 16008
2991 2634
31541 20103
23933 5833
30091 16831
19047 13465
17845 2304
15465 9141
22972 9056
26369 24373
32540 18259
29341 12771
2514 2344
31823 25404
29110 5113
15816 9147
23051 12218
29060 8594
14165 12727
18242 4476
1898 206
31927 7794
20428 11202
28291 20963
22070 21588
13668 5251
18293 14069
9130 4318
16505 6134
14059 6228
28076 682
20983 2354
13443 3099
21262 6112
6994 3132
23121 4672
25444 11938
21623 18493
2379 536
7617 4220
8053 3082
20784 4975
14080 2883
6133 2688
19151 1044
3369 1107
24798 2146
2494 2398
21970 18994
27830 1917
1749 321
13202 2604
19872 2180
30478 25027
729 468
8203 6693
31392 21284
26829 17443
12133 4063
32358 2478
3836 2596
22130 9299
7667 2252
3333 2811
25891 5255
24290 7494
23941 17234
5102 1389
20039 7526
28132 232
20767 1649
28489 329
28896 20428
3747 2060
5707 5482
10726 2630
14119 10339
20015 712
31636 17627
10164 9889
19868 18851
11771 5526
1803 225
24651 235
12672 10448
9825 8383
3269 336
10595 682
20316 2722
14618 3991
21850 8486
4443 2773
12665 3545
5062 2260
21608 21405
18868 3466
15973 15784
17002 10053
28430 6676
8595 599
1908 1007
29165 5766
21106 2692
4162 1155
10045 4040
17050 15180
23099 13259
20399 3982
12313 865
10913 3814
1816 492
1771 1391
10919 7423
26774 871
1335 569
1196 817
9291 5470
1520 951
17102 8625
2508 648
19882 12150
27019 3539
5782 295
9160 6859
10543 630
31270 4449
30283 18224
5954 5105
18826 9964
20710 8608
15662 9956
23168 7253
8236 4366
31698 28075
642 489
8170 3442
23500 2849
20565 10426
18 13
28816 8222
22245 22186
19903 7489
2218 1896
22177 10475
5685 1490
4036 3555
3738 449
6133 4248
22335 14958
20731 8191
14902 9796
133 9
11978 4300
32096 2504
4184 264
15597 3880
14177 11885
21715 6685
10460 4537
17649 3280
20433 14692
7575 1683
29987 6542
22005 5306
27054 12154
26323 25212
5777 2560
32131 27850
26573 19114
23316 8389
17680 10632
13257 10999
3275 632
8905 988
17802 8237
1560 1292
31109 4174
22214 4309
28786 17839
20839 5352
15262 2208
707 359
18492 9459
3278 1199
27645 10561
14298 796
8161 2116
9227 713
23884 7308
12043 8145
20828 887
25088 17096
23162 6070
31675 17009
1071 466
27442 22087
30009 8259
20017 9016
991 649
18508 13780
25729 20764
17944 2223
9843 2722
155 41
29452 15504
21760 9383
17145 13477
17551 4107
32215 20004
12509 2571
14338 10719
10304 6560
679 483
22150 3586
545 38
28135 16407
16002 6848
7223 1725
25199 3509
24673 3959
23602 5922
21520 20322
5386 662
15791 3551
12997 150
32404 5019
6033 2490
12664 4810
5136 5117
3371 969
32682 6465
24453 10893
11047 4791
13472 4716
24957 11898
32324 1935
27366 18348
20387 1235
17974 110
327 172
3180 2071
20808 5305
12935 7724
21442 12895
7579 183
18310 11217
15651 3665
8976 895
8089 6845
28090 9498
13636 5647
14639 5235
13650 5921
20257 20164
22822 1133
26431 16469
25075 2276
31073 7656
7306 5351
6 5
22384 2937
16129 370
32564 25121
25199 2758
21759 17339
2540 129
29549 17223
5127 1471
5531 1843
15859 2811
21634 10493
27519 14728
20099 11833
11079 1705
27970 3476
19244 2021
15800 14519
4355 4151
3716 1607
27530 7671
18562 6616
12192 6876
13727 13248
13749 4987
10732 8576
27519 27456
17137 9841
11758 4239
12611 9282
32611 10137
16473 1801
28189 2362
4251 2911
16115 15215
14268 4426
12361 12228
15178 7454
26941 24608
6531 1186
26913 18179
21611 7034
2862 1425
13083 6484
29302 11590
11612 2210
29211 10667
13684 8874
17855 17651
21568 4109
11835 5740
19331 334
18068 4542
12926 4083
9515 3163
16577 3927
7475 470
15168 3760
13416 792
14249 8155
8446 358
10741 7288
25560 14061
28734 25104
21243 3585
20688 5428
10306 402
7810 4778
26707 9556
30535 1279
13777 10071
20736 10697
25812 7536
18580 5142
25238 16955
26435 9141
17775 3586
21047 9218
6403 2341
6236 3650
15034 968
4722 3369
23152 3881
2401 47
29550 8469
5836 638
20889 20186
29672 10174
30442 3664
10895 6897
29982 13452
23696 268
4015 2919
5450 126
14850 4644
22905 8259
17890 9647
26959 15395
22061 11372
26823 12768
27085 8010
25142 15807
4842 2839
22306 5852
11870 3319
21336 4876
12138 106
13881 13200
21415 3582
9813 429
21311 425
25403 13700
24924 7844
27022 1901
4321 667
7516 4285
29017 20026
28332 3715
30764 14741
11350 11323
2585 281
31000 17027
14560 9466
5861 208
2367 47
31872 29809
21792 16255
26954 18084
7697 2633
27481 8052
25588 7160
3017 1329
21496 7223
5463 3130
25544 6751
10539 5162
11522 4333
5622 775
7402 660
9533 8646
19552 8057
21237 2470
5135 2594
9039 725
12520 12232
2773 2111
3279 3112
7350 685
32659 23407
29534 3098
7204 3364
1866 904
24064 4631
26651 16806
19183 7492
3049 751
23792 2554
10457 2817
18547 1341
19698 16650
29384 9320
10284 9018
11480 2407
15562 6405
1555 199
27114 25787
19369 12975
1115 257
2045 1685
29102 4195
5719 4064
31120 1141
7896 6187
16727 2538
3764 1329
9690 1746
24731 4466
26502 5225
18808 5248
23726 7956
7518 4151
7715 5944
191 50
25093 9919
14816 12670
30936 5275
13961 6784
8410 4618
6657 6633
9108 3898
26426 612
29104 8494
6984 6374
12554 3129
19479 1068
28938 13966
8030 429
31024 583
11727 3940
26096 18539
9873 6956
1985 590
18159 9363
14449 8367
31314 1435
6843 432
13932 4691
30747 1146
26551 24036
12513 6091
542 8
29317 15420
2553 1350
10298 454
10559 1980
22981 21659
9463 1878
27792 2833
18160 5994
31482 24769
4018 3793
13810 6915
17588 13026
1220 1218
11984 5692
22322 5883
7411 6024
24007 14034
32537 762
7272 6692
11641 8881
2860 597
12284 2703
14702 675
6644 5792
10016 1712
19979 9563
18529 13499
15993 1108
26450 25265
32123 28509
22566 4840
12800 6802
13177 4322
17573 6633
2787 2752
22755 610
19404 12503
26247 521
17538 8823
1891 1223
32648 6228
19780 7722
26930 4191
13348 13093
29550 13228
1184 305
11237 4510
15020 962
30787 30428
17541 1564
27858 2008
11751 5101
29006 25228
2945 2944
10229 7575
15014 1763
19165 8568
18757 16734
29578 1155
6683 5325
192 5
6439 5289
3734 514
5214 3830
13516 8083
3233 2903
32606 20908
4844 4613
21849 18201
1488 1101
16878 7905
17187 5372
21445 5655
8694 3996
1684 740
18631 1101
27375 5766
13304 11245
98 89
128 114
30141 22251
20193 19310
17327 15346
21082 10354
21910 12624
24669 2424
13462 9312
5187 3782
26856 17647
23359 7189
1397 852
31888 4083
4516 395
29179 2662
17776 6117
9337 1746
19389 8396
24877 19740
32492 20241
6808 5040
21421 7227
18960 16128
26132 7067
1390 536
23792 9625
7432 1621
5976 3417
21983 5283
22662 16415
5145 2156
26089 5458
2481 813
19317 11211
15725 14274
14910 2628
32272 23107
13637 3160
5585 3837
145 39
21005 12414
1666 211
13113 3930
10083 8792
22810 5744
10046 7302
32568 2165
11764 3154
7568 338
3468 2396
393 183
17100 6270
29481 1705
25606 9291
14985 14235
29237 6502
6534 2044
16457 7042
3514 3149
25790 1490
28331 1491
26995 10420
15425 7835
11706 6871
12670 7459
11947 2414
28521 26015
10687 3533
21579 6460
19866 11750
21278 1341
27943 4575
24387 1454
26858 17764
16499 194
17042 11467
25336 1325
3790 2376
30749 13451
14690 13190
31459 19262
20346 9938
27893 2455
17470 16949
24542 6696
25510 18313
7802 1741
26512 5250
2730 1660
25360 23730
844 200
30727 10309
26219 9544
2807 2183
946 333
26901 3217
4903 2578
5280 4216
1046 436
11122 3327
14410 52
7125 4034
32643 13203
7063 5173
26405 10847
5473 3518
12846 12087
68 64
3434 1327
21909 1190
21482 10472
6395 784
30642 23077
9926 415
25266 21819
15490 8308
25592 21841
28620 11827
32035 5846
1893 1699
9243 6706
27269 14479
19711 16117
6770 3209
20575 3872
27216 22487
428 378
26939 8097
2540 1333
12947 10697
23218 2266
6295 2030
19790 1051
23862 8934
16961 3487
27937 26481
21748 16136
20773 12589
30633 13163
18872 1157
2993 2171
18642 8801
18911 16333
15870 13810
3902 3489
26800 25508
25087 10297
9433 8869
17077 7896
26041 16523
7621 4599
21236 13231
28951 2288
15337 952
31250 21729
21823 21559
32712 18843
29888 20196
3437 3046
16235 276
12558 3541
32196 16453
4735 1680
2671 1996
30358 3719
3837 1839
662 48
774 664
21486 8493
8568 8178
16420 16250
18478 7105
20748 9866
30149 26213
20797 4985
22955 1835
31941 6293
10872 4952
10780 1963
13954 2960
32599 13597
25259 9936
1950 1799
2942 1217
15584 5698
31867 552
22981 9196
29102 26166
2021 842
22407 3687
15927 15767
15589 10136
25548 8076
11124 6720
2749 335
23097 9809
22370 1560
28267 27008
26564 15199
16005 284
20309 3853
19353 2636
31455 17937
25831 16786
4283 433
10670 5336
8515 6755
23874 3837
15241 9374
16735 13969
14922 14809
27325 236
23837 1599
17380 1375
496 30
12866 10462
4789 674
4475 2681
31577 765
30976 4238
15350 2427
32739 21814
27465 26589
29418 22492
15718 7058
12514 3304
25258 10963
8501 4073
21234 3676
30911 9505
22794 1544
16606 13157
29289 1768
21704 2995
22299 8680
18722 8623
15870 13597
29134 773
12593 6695
31236 27301
1738 388
17060 3776
20935 12687
31434 263
24392 19253
9891 732
5115 2173
2176 1042
15831 5512
8233 6766
11789 6726
13428 3735
12091 11300
6934 5371
11235 2643
12984 9949
6429 1773
17230 13011
31112 21151
14500 8490
3206 2940
27449 4431
32169 6588
27473 27030
10344 7831
582 231
17431 1694
24095 18565
3094 713
7011 5466
14408 2400
8496 8206
22982 7569
903 51
28629 27722
24554 4223
18710 14911
26665 9135
1277 899
3961 135
18820 11152
3526 824
289 150
11594 9397
13557 5863
5727 1025
22342 1578
3473 669
4655 1223
22520 8607
28310 580
14789 3669
26463 671
17178 13898
15583 13725
24351 15323
7316 5225
22866 20825
28947 11621
19742 14932
28225 3964
13232 2745
11718 3825
1030 853
28607 26364
6472 1156
21427 4834
21340 4918
7625 3593
9653 8383
23608 1718
2155 1831
254 224
32657 25562
17365 1148
11459 8042
24675 595
7934 2046
1201 1024
21684 18627
990 63
9248 835
8469 1157
32216 19369
1724 372
15777 7858
15854 15605
32134 18256
14892 7857
7980 3208
19791 1542
32608 15196
6081 1968
2034 1341
18669 4949
5062 2341
17396 14002
22824 5418
31906 8878
20064 6199
8352 3819
15494 4560
24811 6839
29848 19154
28548 2878
23242 875
1386 335
15389 1613
1221 638
8755 1926
2916 1452
6498 3743
2409 1731
7431 107
12355 10586
7709 3430
19933 1425
22542 2985
26645 4592
26568 10295
11376 3654
22804 7032
2060 1672
7715 5016
31702 12906
9578 1380
252 233
433 192
4518 693
22630 5998
10721 3861
2614 879
21723 3443
18911 15589
6742 870
5439 1356
24663 15964
17585 15169
5406 387
9370 1600
13659 3192
19775 4276
671 308
11482 11309
32273 21691
30700 13369
31586 10405
29652 18381
24579 7407
20385 3212
25237 5239
32549 15055
24225 13993
19530 14757
4233 3772
4778 1051
19902 7397
22873 17331
3380 1424
16133 11329
21523 3564
27714 9430
23216 10575
31 19
32187 6180
11005 10922
20410 18496
27553 22290
24245 18901
8839 1831
563 217
28537 3190
17766 7426
3425 897
16803 7115
8284 7352
32021 26245
10767 318
8625 4618
6206 5855
8300 7014
8602 623
5292 578
25819 7001
31741 17832
32271 19476
5638 3872
1586 1101
187 7
12542 7842
25812 2782
32004 31280
18045 6678
10748 10668
20047 14423
26970 16240
7807 2639
32034 1110
2133 628
14588 1072
13792 5642
6539 4319
7145 5825
26107 18360
18469 955
4057 3311
24494 3471
17704 13085
25012 2170
26801 17893
624 68
25754 14230
12890 1057
2874 2602
9628 6656
31276 9747
28614 21090
13218 10358
1987 568
25084 2750
18444 2394
31130 12715
16155 8112
11502 4485
25635 4473
26325 8728
1022 565
16167 6166
31335 9738
7564 5030
2921 33
32402 29591
28951 8921
3837 1478
29054 1937
4447 2142
4312 1148
16872 5648
13315 3032
11390 394
18225 8618
10512 9283
15584 7802
29224 5496
30989 6068
2496 325
31908 5228
24663 5864
25916 23319
29252 23025
5377 3189
20297 10840
5873 4346
16491 425
4940 3943
32769 27668
26693 5735
14348 6756
15102 791
15046 6213
5299 308
10622 1148
24630 2981
32162 13972
23451 4425
10270 6305
21044 7391
15076 12949
12992 8122
20684 17087
21983 4744
10143 6130
2249 945
8302 1592
12352 5408
6697 2226
6083 1986
23149 9374
16645 14027
30876 27421
18333 7688
32563 30175
11519 3109
14168 144
8363 3314
21171 6425
6308 2091
26495 10375
20004 14113
29409 3822
29326 28488
21880 21565
12452 2877
32309 26227
19962 19347
14189 610
170 82
18988 6578
19786 6572
27597 23082
283 106
10695 4196
7299 7136
18378 11901
16830 7199
17419 10564
31696 6229
30172 25208
29118 22154
31359 14595
23037 3691
25660 7659
16939 6515
24497 8227
32509 13519
17258 3695
22649 19647
15793 3836
18021 5950
5287 3324
20735 16869
11412 6097
27118 14093
18556 8254
20857 15924
14579 3441
23543 8107
27953 4929
11142 4939
6761 6457
12800 3832
27991 26839
3883 1954
31257 29844
7984 1166
24127 13195
19791 3840
18725 3927
32464 9657
24193 7061
10813 10437
10040 4214
28366 25214
1142 219
16421 2970
22781 2300
31291 1465
23741 2287
29083 10126
20133 15356
21454 5576
30906 17842
27670 17653
14950 13043
8287 4578
3346 887
14962 1241
14071 113
20844 9800
8240 1249
26478 1210
32276 26484
3991 1999
18628 17118
12335 2843
12032 10811
13605 10847
31807 6905
18108 14221
9470 2159
22657 16396
27992 14366
9344 8749
24023 13110
26295 15943
31370 29020
27851 1522
28759 8362
19962 7714
11411 612
24401 9632
4816 1913
14367 154
17654 16105
23209 3728
12694 7728
21791 1091
23674 7395
28367 13338
5505 3045
13721 44
4522 52
32675 12576
6766 5285
13646 6924
18259 3199
30568 7510
30142 21343
30115 20049
29448 28937
2373 1251
3285 916
26658 18830
31649 4302
967 106
23452 3559
26873 11272
10168 2686
13150 3354
27392 5997
27001 12362
7211 336
21724 11573
22385 1251
10904 1883
27293 9441
6137 5373
26468 16217
1904 981
12277 3856
12753 9098
12753 625
20414 1179
17117 15336
32611 16499
21685 7254
12901 1594
29252 10744
14356 13317
15250 10304
14312 10438
21468 506
12331 1940
30186 442
19699 6029
8861 5579
11091 1950
7624 13
23762 6446
11584 9809
16156 6615
20023 3919
31736 11889
21701 13050
17786 7956
10696 5732
8826 8601
6894 4881
24389 3875
28944 2881
30353 29367
16578 1246
1719 479
10536 6876
10012 7693
29963 2398
12784 1649
21035 3302
22044 6457
4823 1798
1397 1051
11708 8479
4918 693
28667 23052
5805 3129
5502 3179
26164 3309
15243 9003
15971 14848
24985 4140
27012 9840
27747 10454
31559 5255
24380 9012
29880 19160
16290 13874
25709 12778
22293 15393
22276 4410
18218 10262
11213 2443
9179 1774
8643 3774
2081 334
12481 2532
22725 13426
754 382
10610 1773
8842 3981
30736 14455
12211 11236
12877 12663
13002 9603
14716 834
24268 18852
22691 17792
22539 2280
24783 15599
21286 6065
24491 1367
8247 7533
9297 5178
30286 1942
1632 76
4895 1209
9039 4633
759 294
1537 461
9461 5780
27801 10355
16246 13224
8335 7348
14545 6812
5380 2668
18501 5223
16210 9993
13103 3791
24040 1598
27264 1698
8533 3643
7279 6928
27554 1020
3691 2323
6629 2583
21332 12902
3091 1965
12778 4772
24342 20629
20358 1235
3359 3235
29448 13425
26686 21293
29712 20039
9008 428
10865 9140
23672 10483
29154 5089
24497 11855
5623 3976
4386 4036
14928 11611
14227 7522
4881 1438
6239 146
401 123
6603 4738
26967 22038
24470 6731
20802 8138
5585 3394
9479 895
24049 23613
10977 592
4643 2382
387 5
21215 10363
14930 8144
4800 2857
25553 5152
5267 2514
6236 5290
4014 3048
25882 1670
28291 16619
7469 697
23412 9112
27947 17674
4073 3239
17106 5158
6560 5181
23799 3080
2629 1110
6080 5457
17731 11756
18707 8539
24537 3791
16718 12190
18288 15141
17465 14108
8748 7530
3641 582
7617 1170
14790 5725
8328 3750
6430 6383
4306 1578
22587 13678
9852 3802
31491 5569
31427 4477
3008 2264
19034 13986
3535 599
7610 6520
2204 1450
19386 17107
16078 10794
2655 811
26046 4120
501 306
28974 3065
5726 3588
18232 6124
23211 5024
28804 122
25321 16921
6334 5861
26685 8847
29511 705
29492 2979
22571 1634
84 47
11604 7704
21239 14416
28669 1725
27225 25696
29289 21474
19695 2253
8660 1614
7674 2985
26794 729
12637 2573
247 125
4523 25
19230 10735
11397 9533
31951 29259
6435 3365
15411 1879
11568 4322
31593 90
21467 9936
10294 9453
23339 4632
1016 583
11154 9533
14300 2542
7622 2319
31057 24363
25292 22736
21181 8768
12885 7962
25710 14719
13134 12617
12755 6372
21171 7224
20204 11764
31908 6572
511 209
27578 2798
11661 11460
667 316
5764 2853
25548 14363
23222 1343
15303 12910
11146 1558
29006 22500
8433 1125
12286 5151
14492 2366
295 44
21869 6503
26331 22140
21291 16987
11589 7488
633 421
26172 9776
8457 3404
17176 10541
8717 3990
16581 7437
23278 15038
23062 13099
26689 5867
13403 12757
24311 961
31285 29134
7635 6256
22697 10953
21282 2751
21108 5560
2726 20
23966 179
22483 15986
32594 21478
28734 28141
23021 3888
19026 10700
24917 9548
5188 231
10636 3075
5962 205
901 437
23304 2951
23606 6169
7499 813
4590 3216
29178 23955
13289 2086
8010 1588
24610 14343
2608 503
13160 7638
18204 5513
32692 25677
8932 6943
15546 7712
14334 6687
26302 24913
25587 2536
16297 5198
12560 10905
9820 809
2143 993
30788 19885
16342 2078
12590 9345
22733 20099
15709 7151
694 541
12762 6712
13832 1222
24332 2564
31612 13505
29064 4832
13180 11572
5418 2154
29144 21884
20069 4411
16828 15160
32215 7673
26079 9022
16929 7109
26876 5497
11253 6438
4742 282
30833 25876
5016 1561
17835 10159
43 8
30093 21250
26763 21285
13027 4470
9996 4685
19634 7110
13816 9712
23499 15203
8653 1262
26273 3859
27557 8512
30552 6346
28662 988
22558 22250
9595 5346
27070 24454
18546 6241
18546 16575
17928 14481
13049 552
31762 12261
26602 23757
8445 7639
27976 13428
26632 2031
30294 13858
13744 4897
23469 16353
30828 834
22923 7222
31131 907
2158 1637
15035 605
17378 11069
13019 5764
29591 8070
83 70
27318 4593
25266 18408
20853 19378
4344 1113
19690 11319
16390 8292
22812 205
27986 73
2400 865
16863 3858
8931 7648
8557 1790
17795 8104
14829 7529
5859 3126
10039 338
9150 4309
32511 21875
27515 3116
22789 4403
18946 3834
10125 4689
13263 1690
29711 29359
