1925
3360 2410
16441 3800
9676 1185
11660 764
6158 3185
14324 2488
3432 2976
5793 3180
17725 14948
18354 7797
3892 2265
32180 22497
17634 12180
1637 328
1699 1370
3774 1344
16328 3386
26673 7702
13816 8667
13104 9727
10192 6351
4846 3398
16077 4605
20073 121
22636 8431
680 504
27279 26605
19009 6060
1827 1097
32287 31728
17152 11385
29570 5560
1040 42
23367 2304
31412 815
9834 8186
19043 1386
5065 3819
9621 3092
19243 8601
24799 1675
10624 2404
16735 15535
8811 8463
2650 21
23293 15474
3620 3089
25028 17145
17984 3811
10244 1079
14025 6392
8260 5163
8464 5294
9740 7347
18823 16540
4846 1305
21726 3961
9411 5032
107 97
6455 4157
14799 7399
8840 2711
22999 3893
6538 1730
1696 1516
4335 649
255 73
11717 2109
24863 19146
26944 4653
1644 581
8122 3841
16048 5095
4344 1886
26748 24439
13743 483
5322 5292
3654 586
27616 23449
20190 6003
22904 7638
3216 29
17437 16164
20469 16256
21464 21272
12524 4965
3084 2514
24471 618
15519 7621
16039 1838
3674 2135
29402 24629
11923 349
3009 1330
24073 9952
10695 5870
26383 9328
17775 16315
16109 9543
31709 31453
22147 78
1176 773
24111 11525
13454 10995
241 116
11917 11328
32165 16320
21814 11889
3866 25
18649 7704
18355 17998
12781 2004
28603 6677
22583 1077
13118 6788
7996 7151
8732 8141
9980 1701
30301 29862
25821 20975
5316 4048
18662 2717
31655 963
17197 3201
5118 4630
15763 12355
6329 775
23982 14237
2135 1028
8967 4521
21684 2291
13702 12103
17698 11503
30762 6941
16060 11052
13309 2529
26359 483
28488 11921
21626 2271
17667 7309
16944 16876
20623 4732
30875 30802
424 196
24939 5331
27797 23888
31055 6192
27297 3837
5131 2788
7887 4778
9931 1220
13002 5903
3254 1307
24603 11123
31175 10023
6558 5156
4056 3697
26935 26495
18944 2529
21953 19083
12831 6078
25927 15027
5303 3397
3959 1599
9982 2290
13395 721
21297 3285
27434 4246
7978 5292
15815 14857
24885 6475
9192 3245
14112 937
21234 14585
29585 21805
13794 5657
30108 267
8583 4377
7829 676
6383 3035
23075 6802
13855 1186
27798 14580
2822 276
31611 25995
3764 48
1133 158
27336 5409
13870 4730
15655 11292
24566 14910
8692 4131
27402 1672
6588 4498
4753 277
8176 5448
19875 13416
1433 1409
8100 6207
25671 14543
17104 15474
15690 4979
24854 14660
6437 6302
20266 856
15168 8931
32214 3356
15837 5360
5521 3434
10829 2370
28754 19936
24932 11072
26022 16118
26666 8466
7425 2994
27859 3305
23121 10516
6130 5136
30937 10538
32233 9097
2109 883
17572 3262
16345 5584
20871 16515
15447 8429
5028 3169
15233 7330
15922 11161
19027 6002
1850 1435
6485 917
16020 9401
27432 20472
20754 4369
20830 8109
3067 2634
11151 3144
13499 7181
7336 4193
18648 3753
27271 5215
31272 15668
31685 30308
15170 1900
26579 4233
28722 4176
19785 5261
6001 5494
25210 2471
32532 18407
29772 5103
23107 7297
18247 7909
19181 15900
3819 22
13242 2062
28487 37
26177 4580
15559 7014
380 140
28238 4675
5240 3495
30084 18818
22865 1065
29042 25255
7262 4198
28492 2270
9129 5641
11661 1787
10914 9350
5449 3898
17940 4192
23999 22793
17495 13445
3631 2168
24008 7383
20971 8472
18806 866
21167 4593
2590 1884
3381 280
1882 892
21509 15073
18197 5392
29835 22086
23362 3506
12907 7464
22477 812
3353 1966
25810 8421
932 608
16654 6287
19154 4643
18579 890
10610 1334
21439 18838
28398 10431
622 228
14368 2303
18287 17892
30310 5546
18485 3918
27897 3312
25807 16870
6266 1201
31771 3271
13518 10037
16438 7961
21804 6955
12086 9452
17012 11994
1052 62
5059 2913
13316 11004
13636 4349
19359 11223
20809 14393
16611 7552
20378 3653
3329 2686
24332 6825
8856 4938
15702 4835
5160 901
12577 2914
32457 29503
27230 25327
3357 2529
15580 5761
9859 414
26906 14765
7821 3431
26458 14205
30901 10265
26870 174
5195 3894
1015 449
21682 2691
15588 2463
6604 439
25304 7445
7347 2585
29143 2082
1194 977
28514 25621
18515 1590
30025 7758
12066 4016
24257 16637
1809 77
19382 14636
25237 11244
28259 15872
29393 28498
22303 15675
21002 7971
12922 3090
21084 860
11656 750
9387 7153
29821 24620
27612 685
32634 9001
4164 3031
8615 5274
26464 16171
3714 1349
967 331
18807 18250
16734 5735
13232 5143
25035 9444
11310 3235
19756 8374
30233 26971
19208 10127
22868 845
18309 5857
12629 2206
30940 25289
24116 11474
30987 15382
19457 5255
10186 3700
1115 435
26815 4734
32318 11067
4597 445
8221 2156
7819 3843
10289 7488
31145 20486
28432 2800
30136 28391
14465 3506
17363 6517
1679 1351
32632 23288
8924 7614
8836 176
21048 17619
30046 6300
26226 5037
20338 11074
8814 7979
15329 8428
9336 5433
22134 1841
19160 9421
29917 17621
18087 5487
28687 53
20705 10007
8721 375
13755 7903
27614 17755
10806 9652
22434 15692
8180 4751
11048 4435
2890 1566
32406 22359
20376 19130
11096 943
17877 6205
10074 2628
4462 392
8314 728
14161 3324
27709 3459
11076 2418
8128 6695
18300 3672
25586 3092
25195 24737
23041 4299
30425 14297
9234 2423
4662 804
26165 8154
32047 7383
21400 9344
21119 17668
7163 5245
30728 24240
19811 18743
11810 9632
32275 25314
10547 10256
21176 10501
27008 11057
13540 7270
17730 9460
19901 14262
22781 6667
6391 4090
21005 12067
9215 7934
18305 18155
19833 6885
5421 4188
6381 3837
27899 14740
27325 21845
4738 1801
16475 5813
29914 4913
14520 5810
6830 2877
256 57
5266 3557
31108 16082
27031 5651
9976 1910
12829 12328
17374 7635
21737 2127
1602 1510
6776 2404
28072 14664
2706 606
11587 3983
18466 9606
1639 282
24388 16987
10049 4799
14752 9467
25030 10464
11511 6405
20201 821
22523 3616
12817 9740
16740 1627
12490 6062
27968 24706
12986 11010
23690 835
32216 8142
11007 927
25304 17104
16173 13962
3561 2024
16589 6963
20387 9817
18770 8583
29243 24088
706 550
28410 12932
10437 1805
6125 35
8188 8086
2525 520
6035 1481
31361 18123
26906 4637
14067 719
10896 6739
26209 19573
9921 8242
25861 3202
12243 10265
19287 12256
27 3
23634 7477
32506 7955
5756 231
1286 640
3311 486
26672 20393
19600 1418
18986 4000
7998 5914
13160 4776
15796 11889
29734 26579
22704 5535
5804 1863
15701 8621
18129 7613
6349 4519
21182 3492
7988 1210
10484 4107
6577 3172
30609 3509
8166 6594
20686 7623
139 122
30925 9821
7509 5537
16530 355
15901 13764
4687 3759
7998 7651
4836 3505
16191 2721
31910 3848
12210 7952
5983 2040
27995 21154
29079 10510
917 311
16146 13904
32498 3882
154 60
29474 11228
22783 338
6166 1983
13147 2581
16996 11294
7834 3392
15086 1167
570 427
14783 4559
4176 1000
2101 222
6348 5868
3685 586
8701 3625
20411 2637
27224 17014
6881 1469
14197 8287
28898 21089
5722 1472
26512 19533
28924 1261
2851 1852
7427 5345
802 556
18382 4403
32391 4401
25527 15687
11038 4600
31384 3625
15406 8442
2446 1412
17499 4310
18940 7010
26315 6384
3027 992
9096 5309
1297 508
17189 15029
14984 4663
9637 2862
26081 17086
30872 24805
31968 4856
6279 5363
15850 11080
8594 8371
26052 21994
29528 3483
29341 17892
11287 3174
6223 333
24340 10976
18914 16738
2622 2260
31825 24823
3854 2273
1681 1245
12977 3680
17104 15557
26985 12722
21755 3689
28977 28880
14978 619
32672 32101
1887 1714
1807 628
29781 20277
22270 14483
8821 3227
7092 2090
14311 1989
294 32
14823 10741
32026 30960
18446 9082
1164 13
7379 1743
12369 11607
30545 15355
5370 584
21067 6426
20987 953
3181 2513
7181 5656
26068 2227
18128 16766
30417 22897
4533 2522
1002 406
15387 10107
21282 9015
9400 8486
26235 2007
30779 15202
16312 14338
13103 4952
4455 3635
31523 15754
287 6
4872 3847
24327 5513
28378 12409
30359 28155
10883 8834
23715 2571
26620 736
24213 22284
22709 8384
30458 26858
30263 8743
27456 4072
11784 7558
30397 26517
1230 254
9972 1045
29880 2871
19732 13084
2842 1012
10434 152
2391 2005
12312 6527
3332 2539
6382 639
842 521
1880 107
27532 659
1391 1361
11594 1234
10325 9588
1350 883
1651 270
19941 4641
25349 19261
9943 411
13017 3542
16378 14308
24147 12866
19324 13423
25781 1039
23361 1534
17565 15335
11652 4589
19920 11506
11456 2149
16437 6582
9937 3546
23589 7108
32598 18301
18402 8187
24923 4197
28260 16810
13365 5958
15196 7249
22444 20484
22643 7032
27488 26353
20434 6731
9573 2583
14312 6373
31793 948
19559 14917
10168 9653
6288 5757
15829 11506
5809 5072
28140 24613
26860 4612
8142 266
3897 1070
31196 16732
16046 13635
4720 3618
15871 4269
20600 18117
27457 11864
16228 14871
20211 8455
23107 4371
24638 11728
4648 4528
24188 3639
5075 592
25592 18409
4237 4173
5620 197
3668 2342
5617 166
824 320
6186 1066
16389 4375
17250 14159
28194 3519
15839 3046
9401 2888
2999 2894
22808 8904
8778 8641
11864 6355
21776 4845
26684 19612
32661 22544
1371 670
4289 3026
17538 13946
23389 8989
6484 2403
20435 8071
21555 18318
821 765
356 92
10113 991
17261 1805
22820 19817
11458 5802
26044 6360
23713 4332
28706 26604
25403 8314
5544 5306
12564 9110
30879 15240
5548 3622
21533 3484
4447 3020
31997 6551
32394 4761
29734 765
21999 20709
28177 518
4699 2639
29573 4886
30598 256
32677 13352
16442 11877
16173 935
30647 9533
21753 1943
599 294
18375 2872
6510 3716
32061 27706
15988 5476
26158 4486
26982 19378
16409 3251
30313 9193
4082 249
5809 3278
14885 14508
18593 15705
23513 2833
6963 6041
18801 11530
16539 8989
22105 2365
13351 5254
18943 8857
30570 16459
9759 2509
10905 10735
8772 1437
1077 558
140 99
27626 786
8107 5472
15544 11389
28210 126
29264 5715
8978 7965
17857 17790
24411 23858
32083 7216
7498 4434
29619 21622
4227 1155
6737 2320
23451 6074
31495 16512
16089 11094
31995 11873
9278 3628
28870 7930
11458 10989
10198 6461
8929 7317
6928 3047
30294 27774
25786 2913
9511 260
4505 4266
13793 3260
3414 2802
10021 444
11815 5434
30819 4205
9131 5224
12262 2808
19733 12003
529 303
14988 244
32232 1685
24018 8571
25298 137
11812 7962
924 566
17250 4411
23234 18857
11376 9973
13290 188
1244 34
3762 2440
3521 3470
7851 6060
19947 8371
3237 1591
32059 11587
23854 9496
16205 12469
8277 1553
29017 3136
20148 5337
3927 205
30637 24565
29799 4449
9459 3985
31343 24144
5964 2707
15622 2108
16534 9114
913 568
7944 3160
5803 5294
23995 16644
1227 292
24169 20604
6688 2507
4212 2352
4032 1394
14634 7328
13826 315
4423 604
7720 6277
23483 703
1858 527
22958 17516
4687 820
16322 13918
420 102
4248 1251
1938 1038
149 148
26691 9860
18150 4890
29413 25804
32705 10640
5642 761
1006 963
4943 2051
22919 19701
5692 4063
8700 3660
12908 3899
10585 4308
3310 2607
31436 18619
13546 448
7778 3365
28552 18197
25617 8163
31501 10459
24571 15791
3400 3112
31729 23502
4396 2915
16950 4099
26558 5467
17798 17325
12338 3257
19031 18425
23376 17094
5471 3963
3613 1920
854 807
6072 3326
19965 18626
32386 3655
8799 5073
26753 17235
27735 3129
25351 18284
31570 5899
19854 15659
25686 16001
27623 845
17732 5788
25492 1145
19802 13562
10354 5054
12027 9014
7323 296
24243 2003
26506 3757
17270 9369
18560 6280
15400 11305
26663 25828
7779 5908
28021 13814
4724 1198
22996 19989
28838 15269
28800 18073
964 213
11568 1133
21721 12251
3576 2206
25658 12053
13422 1491
29638 12339
8716 818
18029 14840
5077 584
30959 8878
16699 12900
22502 7706
577 525
22279 4264
8413 310
3493 2852
22944 214
23670 7294
20376 2381
8346 6795
30582 9797
6105 3682
15852 8677
23085 8301
27993 8382
3200 2456
5800 3710
12470 1529
373 155
14062 3448
26482 16930
13317 12341
32522 23952
24924 13961
6468 48
18908 605
22249 1202
18487 13243
14569 7029
14960 14376
4091 1910
3741 169
3972 1352
3308 1147
1978 616
740 46
2825 1045
13293 9253
694 676
13075 12130
30402 22507
2567 1138
3345 1332
20838 15480
971 653
7742 3363
11011 8243
26831 18725
8598 3924
20622 18672
22870 4784
24944 5499
9832 673
15972 8989
24043 15518
21793 7283
18394 7655
32547 8044
26676 1059
13296 9831
25434 25005
12448 2160
440 435
14492 13052
5799 1453
21414 20077
20114 3044
11546 6543
10328 7689
30835 1271
7666 4458
32528 30498
16470 11439
15161 5975
19099 2268
9309 1752
28765 25555
4253 3263
27491 1154
20367 19934
3199 1186
25147 2167
21430 1259
29802 8740
21409 5463
31521 181
25619 21205
7272 113
26621 13660
17487 9121
10894 4825
2867 68
6046 5860
20798 9856
21324 1299
13101 6405
29926 321
15446 1275
26890 6158
31209 85
16139 3103
21366 4308
26006 3567
19631 592
6806 3185
5232 4468
4692 3103
1276 149
6627 1408
31114 5841
14523 12011
7424 7300
5540 4062
5630 2868
8918 2686
13342 7586
21854 18307
634 563
27587 4471
25455 13051
2026 837
6561 2915
8247 2437
25151 9772
3061 52
1161 880
12024 4190
31375 435
2176 25
5947 3275
10593 5689
19857 6772
21857 6312
32054 25587
21474 13524
26671 21047
13249 1263
13804 7304
1661 1448
10117 6942
22172 10174
24899 1486
23882 16559
28002 25941
15172 6224
23573 22966
14580 277
9419 3283
20957 9829
11441 9686
3898 2895
5752 930
30178 8876
16216 5608
2927 612
3413 456
13983 1312
29377 20041
32507 5174
19202 15827
28598 2874
29845 22139
8663 2075
19539 10312
12699 10915
28147 5028
8980 109
24017 23564
31255 495
32749 21260
2389 2067
55 39
15560 302
4106 1127
25425 6925
7414 3731
15263 14080
25794 17784
18514 8111
2737 816
12128 8317
4613 42
10424 3322
25026 19829
16422 10978
13748 1064
28279 16542
8371 2076
19933 10442
1062 924
28053 19289
8390 7737
2246 886
9381 5452
9389 8492
23150 8866
23031 778
24046 19101
19822 6691
31187 1982
7128 2684
4788 2417
15644 10266
17234 10016
8871 5676
3614 3186
5390 2829
18427 6782
5365 2272
8260 7407
17199 7499
27153 27028
5159 3760
2742 1000
21118 6620
12685 2125
13557 1676
15606 4907
2958 1679
28827 6307
18414 7719
24825 9203
25862 21750
14364 6235
29170 3093
14249 8912
17441 13035
7202 4075
5303 4011
17766 8222
3375 1730
18551 12427
1861 998
20096 12518
1043 766
25879 15998
7802 5155
9151 1879
31939 28311
19121 10659
1414 1215
16092 13026
23499 3254
1834 1083
26224 5073
12037 11281
26315 14629
12826 5062
25231 18600
21852 666
25844 4809
4428 2001
23314 3128
29048 27165
3982 932
3394 1578
2425 1920
32227 12907
21109 5676
30128 2173
26650 1865
23707 3788
23704 3446
5628 969
27293 22496
21394 8233
121 45
6596 3789
1664 946
22829 3974
25775 1428
16728 1535
2963 2259
12488 8185
1127 1113
26172 1861
19581 10764
22321 22011
32735 9370
20391 16752
5941 793
16168 4251
15593 7249
22279 531
32138 6020
24038 921
22382 9376
23674 4429
28060 2801
1939 451
25064 497
2902 928
6752 82
7117 3103
30183 11961
28323 9851
13344 9144
552 360
5262 3385
21915 10502
28921 3048
30377 3944
22291 13194
2097 999
25947 6863
9802 2564
28482 25973
19335 1141
11404 5669
7034 393
30714 8185
13942 2384
24870 17895
31385 31057
5550 4997
22026 3287
26004 21509
3712 2265
26341 11563
8708 5930
31897 316
9463 3019
17595 11575
16726 5478
12746 7446
15165 83
21342 12421
7850 3615
4622 3926
31364 29942
25234 11802
19676 9309
13349 1412
1138 565
7725 4388
15227 2662
4382 1546
4001 3652
3740 1856
15180 13052
11488 5861
21536 223
26972 23683
21191 8068
3746 3146
18416 2406
12674 7183
25239 20499
2418 352
11143 5476
10292 3378
6686 3065
21682 9419
26193 6061
3373 3360
15343 12041
29846 1425
13098 1356
12092 1444
12883 6107
29352 3138
7397 91
19653 7760
29637 2518
26181 3910
19144 5525
17471 12200
14198 2025
19741 524
7438 2124
5301 4819
31178 5479
13238 5142
6499 1950
11846 7473
20696 14473
11753 7862
10092 6124
4773 4346
4333 3306
8036 1910
7484 645
17817 89
16650 9471
21542 21168
7136 7130
3454 851
24418 459
26886 3356
15316 1932
962 141
30173 19190
1069 719
2443 1433
30056 8249
32408 11191
23959 9839
20972 6428
5001 3023
6242 3732
6039 5577
16079 11521
29646 22021
2881 86
26448 7446
17284 4261
24823 7701
7403 2270
3388 3000
22860 3155
31575 22836
13645 7333
7592 6661
3038 1420
10582 6317
21255 1419
6454 5005
21988 214
22510 10765
20462 4691
21850 7177
19835 14419
2862 266
30089 24237
13533 10660
8375 1930
16058 3348
24980 6280
12381 2110
25116 6550
5705 3354
14976 12093
11980 4586
9510 7240
24102 23310
13297 2851
11757 8865
27330 10067
23471 17821
25407 904
15066 1744
24019 11721
28121 20736
25589 17028
14976 3911
24494 5747
32170 1698
19541 17433
544 228
25758 5363
16061 8563
29139 9131
16336 9398
8288 3438
16322 5661
32149 28224
13049 2522
680 518
19195 13094
20729 1868
13527 12787
922 854
5825 2033
14863 8201
4348 2498
16466 10201
17917 11933
30747 63
11725 6497
26461 17131
14511 498
4116 580
1283 568
30014 15248
11370 1333
28967 455
27691 3644
16618 3196
11477 9276
26933 958
11558 3405
22604 1763
21548 6005
26961 22857
28330 3632
11458 9165
23485 15709
6723 1574
27839 23040
3998 1697
31852 19617
16648 10346
323 234
32422 7017
7983 3802
29519 2802
31847 3376
16532 7902
23955 3048
7165 4918
19760 360
20886 6826
21045 6253
20394 2892
31223 7802
8143 5400
14666 443
28962 7599
26857 9934
6100 2306
24856 6178
9702 2906
30855 10
304 93
27258 22812
6824 1636
26663 21060
10977 4348
22879 4936
6098 5673
4209 852
26585 1836
30028 4562
26112 4324
27619 4623
23422 2955
31190 6745
641 19
28494 13117
5674 3089
5928 1216
9177 6019
12887 7470
428 266
17027 9137
3650 3366
26614 23164
7621 7556
22201 21074
14375 6523
9978 7750
3243 2333
1201 865
16040 11237
644 417
28554 4874
5095 2786
10777 1034
29319 4612
4862 2167
29417 594
642 481
3150 2511
27546 19572
6107 3867
13345 2456
2806 759
25188 5916
12531 7051
17379 8055
10224 1304
29014 11049
9469 6347
21487 7071
17281 9704
4063 3011
25561 19941
30747 28438
23873 15773
28512 10053
1784 1583
23156 14443
23711 10221
1968 161
16866 10172
12219 5580
10587 7575
29592 23335
8883 6955
31715 13278
5131 325
7511 3400
8858 140
9876 5887
3735 1952
15135 6220
1625 1424
24491 4073
13501 12485
7063 739
3784 180
21431 9533
9357 2050
16983 7319
31057 8416
12413 3713
9966 660
21615 7915
20597 193
31093 4416
10263 3310
21728 2541
3142 1359
11339 9513
23 5
12577 6502
747 434
13664 8952
2894 946
7580 5733
10527 9889
13382 4673
4850 3249
16942 16049
8882 5954
4167 1779
1419 1398
13994 3583
8966 8201
23774 11603
32630 22713
20311 162
7572 3954
3644 2790
9062 313
14702 1396
18021 1362
32197 4669
17118 6708
26525 25658
25241 3438
16017 5
22201 3641
20102 12383
26851 3272
16876 11448
18338 14118
28992 3250
29194 7206
19413 15727
1692 786
15829 5678
31082 16527
14210 7855
30076 21450
14786 9438
28017 4917
3035 17
8041 2741
32379 25451
4131 656
24571 3669
16739 14001
1508 1285
10135 6466
4019 1909
8889 3540
18137 1825
32375 17040
16390 2828
15762 4440
8615 142
13444 6259
13230 1709
14181 11983
7313 3499
24335 5268
28565 18580
10625 1324
28748 2103
31105 27571
12124 4179
14726 10715
25731 25409
9684 225
10712 1433
489 355
31828 12050
15640 11635
9616 3389
19060 233
29392 27379
12271 9230
23873 13788
4291 2313
1919 1629
14097 6090
13402 1858
24776 11155
6874 3303
21449 6883
15233 4539
32073 5012
6863 5029
8310 2257
1292 1104
22621 14926
16193 13766
28939 5618
18824 5270
23538 15991
5765 4005
17295 7403
23605 14
586 574
25062 21344
158 110
28551 22357
15993 15251
16930 13455
3046 62
10663 7123
13545 545
13291 12588
9386 1438
2288 1832
17366 3622
23655 23107
5699 427
6259 2097
23507 10037
9648 7255
14490 2069
29812 3067
10307 8321
11093 2808
16559 5159
7915 3012
2016 70
30423 2830
24854 18979
9219 5115
21815 74
3116 1885
14964 327
3742 1582
32554 29296
17983 11616
7174 6241
11471 2551
29037 12185
878 289
5147 1403
9311 4196
19722 8489
8715 5461
20629 15022
22345 9591
28893 18185
19676 305
20332 17837
6205 2695
21016 11814
6044 3086
24362 19369
12065 2924
9408 2224
27511 13390
28528 8773
11659 5125
21550 6062
17297 598
12656 10853
4937 2564
19344 10210
14720 13463
2161 23
17113 2415
3685 1286
25037 21310
19022 12838
17905 2905
8452 2221
30839 20066
20471 7784
25080 20818
16662 13446
23921 13998
21999 17009
31883 29707
28183 10364
24863 7022
11468 1074
20473 13061
16857 972
24796 13589
14778 3852
28615 19508
6401 141
13175 8120
18168 8798
7469 2581
2952 1456
26033 9617
9305 751
27543 3675
13627 7494
18113 6524
6085 2968
13605 4536
20027 4797
17616 16765
7605 5069
24363 13235
4990 4907
6526 1214
31163 24142
28338 14812
32589 9825
18011 11804
5880 2119
27894 5667
20932 13206
24942 2106
14499 3235
7142 3922
26965 13042
12722 11357
31369 11440
31398 29743
27461 1503
7060 5174
8583 851
6672 1791
15405 4278
23926 10570
15378 5153
16687 9988
18554 5355
7215 5709
4784 220
25026 1468
7405 3068
16265 3603
26748 22463
23743 337
20252 7187
7873 3477
2982 1816
5838 2570
13807 29
32011 28145
13808 800
23754 4661
29220 26006
22027 8186
15666 4220
6211 1547
18124 13441
31325 8484
5079 4690
21503 9662
16844 16368
31758 23492
6494 3283
4212 3924
13405 6134
27425 4180
15066 5441
26703 5243
31628 26065
25099 12273
25458 646
1265 724
6330 848
25143 18140
15586 12605
25325 181
6685 2830
130 40
16376 3321
26251 11972
21309 14995
25024 603
5399 1363
16455 8672
25976 5701
1846 177
17592 397
8531 3901
6271 506
27422 684
14308 9180
16401 5154
726 110
27942 23271
2235 1260
11418 212
600 91
3824 78
8945 7462
30010 1429
1201 675
148 3
13388 2130
6897 2021
8162 7053
32026 15484
27943 4283
22003 6055
31425 1795
30464 2155
4337 2441
10793 1914
1398 499
5306 4807
22190 8567
19374 4612
511 386
32045 8679
6517 2012
21331 5851
23724 5506
29747 52
22769 9914
17180 12954
21668 810
18203 9329
2528 1288
23232 5081
29791 4944
2341 1365
13975 13444
15405 1338
23081 9274
8202 4648
28540 3401
24578 24107
20645 643
8306 7271
2955 2820
23059 3425
14152 3150
31356 30690
14546 7931
28136 18718
