1912
25902 828
18492 11751
26738 17763
23370 204
30751 22251
14147 8116
2783 543
1977 1844
9560 6230
22559 5112
7505 4128
4121 774
6166 3950
1271 38
18462 1486
17531 11155
11756 7258
31971 276
24627 4167
9763 3281
7997 2729
20595 17787
14221 8963
15369 359
30660 24930
7720 5675
15809 11241
14169 6312
24332 18707
7929 5388
28789 1548
26611 25480
12536 1877
719 233
7140 5816
236 60
26173 16754
7433 5443
27486 17099
11530 6485
19682 18151
24825 1817
18885 6885
29516 15222
4295 3504
11878 1938
4625 2659
27488 20704
5147 1784
28168 12880
4045 238
16938 9593
6117 2533
32271 25358
20376 3324
3652 1257
13436 1083
28316 2126
16293 8077
29816 17533
8718 4255
3654 1179
8251 7140
7240 3771
20765 2079
18071 616
17462 2561
29799 24047
21246 19728
18572 12319
8580 5505
18238 1673
4696 3590
2329 1753
12713 8970
8039 7854
23467 521
3490 2668
8763 1852
31797 3417
13766 293
2179 782
21863 6605
22058 9490
2639 157
17801 14346
12906 12389
29568 6783
7744 561
26230 20169
17945 3179
3233 1142
23140 6478
28545 18371
13145 4445
16558 13980
25566 6465
9172 8786
29607 24948
23036 17226
1186 500
12813 2579
26514 1023
25234 11077
25593 2474
12477 5337
14140 7970
2220 926
3842 2588
27372 10680
733 133
21308 19518
20780 15028
31891 17730
25408 5396
9828 6199
23741 5190
16160 15502
14915 9973
6141 1610
17230 16581
1526 450
21339 15885
5138 3097
15949 7144
10986 9289
21518 4488
20837 568
18297 13588
27335 3748
31864 30100
5610 1199
361 341
4554 2149
14279 3363
19272 12693
28678 23295
30759 17444
31934 10349
25435 6649
268 58
20099 11417
32310 13163
3252 1535
25741 2385
14968 2020
11160 2245
14102 8554
13678 11234
17172 9530
356 324
26619 5248
29160 17656
3418 2684
10669 7017
24333 17993
17417 4770
26815 5211
27803 25556
2734 142
6704 4473
11182 10401
28903 21462
19569 10923
3988 3124
24581 11003
19555 3712
3486 1245
9406 2905
16278 6240
25712 6185
9138 423
18442 9797
167 131
17644 1245
15948 11818
12861 3576
13878 10873
14120 5466
13014 5367
10516 6014
27631 25100
28158 4026
26746 14414
16073 15899
29596 19278
25558 465
24022 8664
8149 4418
24188 10046
15579 11245
10600 4314
28596 14027
3311 2392
1402 1207
11284 2382
3942 2047
10492 8102
231 136
21410 12385
29681 10059
12492 4241
1944 1139
27966 14907
3293 2457
4397 2995
30152 22519
2038 1140
15031 5314
20496 9398
10741 5885
26431 21146
21902 2837
18187 12144
4962 1839
1393 716
17273 5331
28120 3239
20630 9
9799 364
7951 3732
13524 1169
24027 10227
31072 17904
28141 7262
28545 9637
21440 9867
19648 14611
26420 447
20229 7372
13720 4144
20303 303
18952 3972
27816 25441
20473 5732
25433 2694
17426 12695
25690 14091
10046 5063
268 208
26623 20903
32554 6683
30213 22149
10493 9109
13311 2978
28112 6385
15281 7116
26276 1402
10310 1243
4901 15
23272 1229
25308 7124
28047 848
24229 3366
18454 17519
1636 488
2964 2537
14068 4990
18409 12853
11360 8424
12183 9359
29782 11043
15828 10474
25816 17768
733 411
27445 5099
2700 1700
18232 14646
4397 227
1695 961
31374 16384
21710 10773
16213 6497
29381 17136
17558 5021
27472 5075
20901 3557
22397 3121
6185 4096
18259 8558
626 554
8897 1291
15373 853
5845 4964
10389 3120
25391 2612
15563 231
7092 1536
28137 2553
12935 9183
11060 1418
24117 13088
5585 3797
12335 6108
27353 19526
28542 27469
21424 8839
2994 2964
4242 3905
15387 12929
12654 3662
7996 7790
20728 19822
28285 4076
1530 1096
6688 1893
32490 26222
24950 2453
31682 784
15187 12531
6668 801
8895 7379
10044 4479
7150 5117
27971 20415
1395 354
11617 5553
2480 2341
15675 2336
17553 6282
31277 20052
29050 1067
1761 208
13693 2817
1825 728
22993 11324
19945 18051
2687 416
12737 7183
27999 23148
31561 16147
9539 2747
8726 4129
5490 4348
19388 9933
31064 20081
16684 2345
9339 925
20033 1271
32433 11033
16277 628
4241 2670
29337 1930
13351 1955
11237 8606
15852 11225
10188 6449
12788 2757
6452 4379
22890 4749
2724 1160
19514 17846
21919 16443
17165 14985
9265 4142
17786 12217
12487 5037
2170 156
14404 9186
4381 4260
21072 10319
28540 7801
9203 8892
9711 8705
8292 3051
4224 1453
19483 10334
24735 6162
13869 7650
279 51
7129 610
30272 24225
27230 2967
3702 2146
4880 4817
30411 28762
26027 13100
2041 205
25831 3846
24475 3244
18765 4745
6556 4348
9800 1021
15855 13116
25983 7640
13952 11232
3170 2948
24939 1327
3 3
4973 100
15144 12449
7831 5863
10910 7829
12618 811
9168 1482
8543 3542
10648 640
30630 26816
29524 28256
20370 3308
27197 10654
24370 13885
4340 2024
15203 3849
2398 1789
11333 5603
11442 5992
9707 8312
27088 698
14679 12385
24021 13361
4517 4088
23276 3273
20870 1980
20839 18271
25840 6348
20238 10331
6932 3746
2230 2036
7313 2860
8726 5988
4583 1094
10199 381
3630 1542
28650 6604
4616 105
21534 7197
15060 9559
31474 180
29220 8650
8871 4037
12657 6130
8858 4980
11790 1587
5841 2333
347 177
27092 23119
8507 2520
12478 359
15560 13637
3475 1570
20805 11319
3028 972
2899 1646
11089 2149
18536 5535
3391 712
19582 18856
30602 7472
8 3
8813 7304
18986 9415
1087 238
23337 22342
3984 2820
31521 29837
6004 3242
12534 7996
19999 9383
21900 19702
4530 2951
26427 7179
31573 30904
12669 11348
25734 14652
7402 2999
22192 7965
15207 9164
6400 2472
25754 12279
20596 10158
30369 20440
26165 8327
3843 274
10278 9739
20454 8387
22461 12176
1411 1084
6930 1464
16344 13143
1077 506
13468 2939
8901 2273
32120 30866
21438 16955
1652 474
17299 11688
16560 12037
22141 526
27988 2866
27410 9594
5321 930
11033 593
32298 25027
24221 13709
15093 14604
30016 5067
6919 2465
14802 3461
7367 282
25634 3580
11681 6246
32020 16058
20150 5101
18676 12101
29137 1743
11274 2212
8861 5907
15727 11048
20502 906
31775 1470
19006 3668
23118 20062
18449 3122
4864 3395
2490 317
32212 20568
27399 9526
21792 7500
31259 20552
8771 6710
26211 11455
17463 15511
23499 22310
17510 7098
7729 209
28095 10196
31001 7850
23048 8487
22435 5502
26998 1521
6331 1613
22651 22001
29584 12703
26591 5191
71 19
19218 10473
14576 12857
20673 417
1721 1134
31143 1804
12129 2817
29094 342
14064 6160
7958 6959
2470 813
15453 121
561 353
12223 4212
8227 3590
5496 3674
674 485
12296 1372
31585 7719
13007 11358
19920 4922
6873 3761
28304 14490
2555 992
22314 4963
22559 8104
16896 13068
20188 2305
25220 2449
17226 15384
28071 17438
532 373
1685 1577
16846 3505
25503 17409
3977 150
16248 244
27045 2441
27301 7422
31975 29887
4399 4073
14283 13153
2203 852
10268 5000
14875 6061
22209 648
32006 12484
5594 3609
30086 15025
29964 29656
19345 9070
20504 10510
19994 8482
11187 2830
22152 7736
21650 2340
103 57
29892 29047
2397 317
4932 4485
28000 19636
12751 5344
4903 3055
31987 27621
7390 5234
17001 7647
12574 5195
8612 4901
20508 8181
10922 10899
2337 1383
24355 7225
9274 5609
18863 67
5168 3732
8061 7607
17594 9120
8218 1181
6386 893
10118 5628
11782 1274
9869 3907
13872 390
30036 9959
32744 11693
13363 657
32088 30797
11970 6608
24592 7942
30007 8411
7419 5233
8175 5236
27793 1220
29002 17434
6991 4017
18876 1654
15972 53
8737 5488
8366 3989
81 77
31716 3858
6645 5497
21013 17337
6553 3488
31569 25005
14850 5175
15270 12313
11201 5234
30030 9372
30984 10799
19238 200
23485 8846
18274 9671
14797 7054
23167 7549
15299 7782
18042 5745
12697 11516
19008 4378
14797 2242
8549 337
24248 7700
11288 6275
7708 3753
21335 59
3836 1271
32095 15685
6576 4232
9831 3253
30264 363
29069 2789
25809 5844
17937 1026
21702 1885
19649 19385
28041 14433
25012 14360
11778 8818
20027 4220
5671 2482
24341 6906
3789 1802
10978 6398
957 766
7386 970
25611 1361
6079 1316
31907 14100
17680 13
24869 10741
25728 3678
22259 2726
12199 876
30344 6498
9718 9150
30475 12713
21744 2739
22563 584
28823 10337
24078 13916
20517 11932
5101 348
8957 4986
18530 5276
29153 13573
14429 4474
16485 6609
23603 2395
25252 16350
2801 18
23345 21183
26607 10051
21841 3324
20136 1290
3943 2842
12488 9474
18863 905
6791 4953
3375 2717
20790 8371
24299 15490
16407 442
13145 295
10098 5860
13844 9507
16869 774
14804 8181
21500 8610
25758 13775
23042 13195
27704 27460
18454 7195
30432 19905
4225 775
29757 19871
25670 11871
662 278
25083 23998
13378 6207
9944 4342
18784 5951
30222 20428
12744 2338
27225 13136
27457 16610
26073 1274
4084 1376
13342 12113
10528 4075
4738 227
6672 5467
4795 3717
14154 8720
2992 1965
24074 7234
3212 199
8174 2494
1553 1326
22259 17682
7728 1189
13728 13149
25046 6677
10113 4396
18696 17991
5591 940
16690 322
25742 15250
12732 1034
15215 10454
11999 10543
28567 430
20151 11102
8488 7292
21657 11623
24894 1507
9894 7531
29733 15594
16800 11226
969 963
7933 1863
22125 17913
16698 7168
23968 9774
23154 4686
12653 3851
16687 8877
19411 10402
10112 1400
6261 3392
18508 8781
11409 11082
32485 14720
15158 8048
31968 13224
6578 1966
4645 74
26698 25388
15170 7233
13103 8085
27141 12862
8109 3842
15433 7182
31140 3875
5392 4911
13628 860
19410 18936
14549 8815
26133 2978
829 24
3902 870
550 297
17063 13230
11479 6290
23537 6546
14113 6895
412 47
28821 7268
7636 178
9204 6318
22926 1659
2791 841
19924 10908
10736 6772
24413 10725
10401 5828
30817 29443
31244 2328
5291 907
27002 13810
21488 3908
24416 7303
1631 199
29326 20178
26489 7833
6570 621
31523 10098
4317 1113
16634 13508
18380 5048
12774 11409
27594 26213
15346 9389
25163 12060
12379 7679
18332 6009
22502 9033
17874 10640
8567 6763
22529 12054
7904 5140
19886 2286
17399 8430
8838 1835
7147 3645
32336 31979
26840 3947
28960 28446
24984 4667
16333 12696
477 227
21670 3012
8316 5780
10337 4809
16396 10561
14164 6646
19888 2915
22248 611
16945 9797
32586 11733
22864 16633
23907 6371
21338 16260
16651 8012
29948 1245
15225 13783
14681 12145
510 459
27226 25170
26868 24675
4933 941
2801 2438
402 246
28736 1918
18426 10131
19089 17451
30672 25335
6383 468
1172 1058
18419 5338
1478 294
8759 3707
19192 3627
9486 950
30247 866
3442 2139
4171 2330
12606 9901
19501 13241
30878 27718
27513 15307
3011 377
31252 470
2267 1080
21423 3792
22080 15213
10141 5663
25839 15546
28385 13381
30525 16607
2188 29
16325 1934
28742 1218
27813 9747
17194 3591
29418 1114
1751 1736
11848 2586
26307 6106
10511 2266
23507 9240
8282 5669
29225 4418
6281 3018
8510 2763
5618 3492
27184 2411
19924 14649
12381 1293
25484 1962
48 44
1548 380
14395 9591
392 332
18566 14031
6514 1961
31783 16053
16041 15845
275 239
30190 2070
8756 5766
663 387
26556 551
10631 1651
4536 3565
8285 5576
8424 2963
31980 4546
25038 10864
14572 9048
11781 7885
7662 1808
22484 437
11670 7003
29699 24977
23044 7232
30189 2597
8851 1603
20951 1907
26822 3400
6528 396
4479 3157
18169 10893
18034 13266
10679 8371
27610 7396
10727 6147
7786 6098
22017 13171
19847 8314
28320 3432
17844 11841
25745 2320
16206 7688
32042 15193
17785 16386
4317 1361
2394 2270
6157 655
30087 4471
31263 7976
5563 3444
21205 8011
9935 1026
8663 3315
25317 2209
6291 4210
24039 10337
31303 12547
1584 426
16988 13280
7560 1887
1270 423
15958 13508
15817 6514
16657 9723
302 219
5624 1583
17270 11643
26371 7832
10878 4427
5657 4609
7555 2610
27523 22734
1848 1591
2209 1768
32278 31504
29403 22080
18164 11184
19163 10101
26071 7935
1017 164
12555 3836
12279 11860
6771 797
13039 10822
8989 5748
29577 1258
11545 726
23409 788
8076 3967
15369 6468
4352 3826
27483 596
27646 18860
11601 2982
16863 824
15656 1939
16351 13645
2850 772
31347 18880
635 274
733 91
27551 12323
31485 26284
16026 9934
7018 4280
31184 9849
24513 460
20718 6783
19773 4693
18464 2421
1928 1217
3973 2685
10193 5276
13024 6087
2591 1180
29072 2569
1253 343
21186 13942
16086 14809
18917 13040
5882 5835
32606 27801
21250 1512
4477 4192
2009 1400
25008 10399
28795 7263
16887 14427
9994 7653
5784 8
29727 9979
16404 2734
10334 2186
24921 3753
13389 26
22073 6197
29286 2420
28187 10092
22378 20239
16113 8920
31993 20144
9322 7097
14944 10145
16232 5730
16306 7623
2484 519
26394 9864
20977 922
12399 6314
13262 901
6921 3289
24704 8035
20947 7207
19312 6985
23970 4614
3888 2989
20933 7596
7860 4949
9950 7799
5823 5637
14320 9861
17307 9818
5560 5483
12045 5326
9281 871
19080 13266
14003 12434
2465 191
7531 137
195 148
23121 2438
23588 23445
28518 23540
17143 5858
31645 17541
31460 4469
6636 2246
24501 12626
13986 615
850 225
20219 8257
2543 2153
20210 5668
5764 1421
342 35
23421 21989
17952 13416
9139 5113
772 649
26524 4394
582 490
17086 4870
13263 5428
23914 13341
1152 336
7846 2971
16326 14502
14955 11123
12143 5230
28689 3641
28092 3061
3335 2096
7607 35
1991 1183
32198 11873
18185 14479
2177 363
26935 9470
6081 2658
8226 1978
15865 6755
29939 14542
18890 15266
2148 1550
10193 9813
9008 2350
5828 1116
10951 7573
25021 4783
20039 7971
5333 3591
32680 13079
24565 3412
3382 2723
7145 3066
28485 5921
9654 308
7712 762
1070 956
1090 122
3009 1294
24777 18262
29846 21135
11815 1735
5851 5759
24859 8826
16729 14558
5088 1099
24139 6326
29092 6975
23152 7493
30267 24297
607 409
22037 7929
18971 8061
8813 2413
13031 5155
32196 103
17243 14075
29838 3166
17848 6844
20011 15197
16505 8453
27160 22331
23850 8092
32103 16920
12669 1494
17516 12608
7835 3039
31930 3921
15032 5811
15182 3667
30954 25014
29449 3290
827 34
16228 13543
31485 4172
18271 11445
4957 3325
19642 10422
14907 8322
15208 1958
17209 12182
19777 1708
18706 5522
5623 3633
14638 4112
2891 2019
15731 15032
23936 13815
30813 24126
13328 12331
18257 4845
8863 777
32558 16746
27181 7026
22310 10187
23183 2324
30156 29589
26656 24762
21613 63
18868 8584
27812 1524
13005 5386
25641 12886
32274 22789
10986 8090
23548 498
16221 1192
22995 21021
3348 523
21721 12809
6546 1819
11717 6374
29533 9432
20594 17773
5972 1674
25561 6707
16451 4509
13885 7235
21685 9356
14757 11689
26377 3622
9359 516
31688 15236
2787 801
2614 943
806 383
27431 7177
11248 422
10772 6376
9632 7727
27758 14457
21582 19423
25394 17813
32257 27632
31422 10740
6434 400
15587 6127
24369 23592
6459 394
30647 7893
1981 177
20348 10393
14734 5314
28665 1235
19482 3378
27408 1688
12900 6679
12027 4435
18586 8138
22147 6947
17901 5493
18802 9530
160 144
16714 4136
14430 5313
1591 594
23248 12702
30787 7450
30319 15438
14537 5431
20375 9100
2092 1976
19421 9065
11208 2308
10147 9546
28713 15404
10730 206
7035 4823
19047 16594
25666 3464
32216 10033
16460 15408
7320 893
8163 7637
6001 2915
26951 23658
28338 26929
18523 3715
8066 373
9886 1384
31604 6307
24413 11852
7772 1707
1063 681
30304 17147
17794 10455
4690 840
21468 17373
10813 41
19652 1803
5693 2049
2138 399
10132 154
23300 712
6139 2397
8035 5056
822 143
7302 3252
7915 4155
7261 5852
9396 3642
18032 12566
8819 4343
4816 530
9446 4715
26958 14727
28795 1591
16620 6419
15461 12487
21393 13136
9199 1537
14849 11394
16912 9356
1035 998
11072 5365
8453 1913
14731 9949
11381 359
24292 6697
29457 22307
29115 21495
17386 9766
10194 6077
25060 7098
13132 6601
10601 4403
13831 4712
15966 5055
32555 29074
22102 14863
18179 9784
29446 6459
23820 5819
8442 1626
31820 11726
3718 2054
14821 9439
3838 881
16874 14982
24105 14283
22129 19535
14324 1340
17642 467
6244 4350
17839 4319
14286 13922
31196 16193
5962 2452
31584 31446
12645 4108
13140 1749
8982 717
27276 657
24820 15463
18540 686
19621 2426
13309 2532
16026 12955
19264 11191
22521 4976
25795 18457
12507 858
20337 13134
14008 763
17582 7233
20255 9649
16548 3909
4779 4493
13527 4072
13362 866
18688 14049
26687 14
7704 6151
24771 2788
18355 18207
12551 11442
28559 11450
11749 3666
22381 14954
7736 5941
11551 4454
20369 167
25827 9510
25388 7069
3567 1226
26402 13394
21837 16936
4063 3826
10985 3425
9687 4197
15593 4690
31605 2082
15676 7929
32596 29567
9590 5159
16050 11535
27867 22825
27682 2910
25785 6784
16000 2417
12028 3006
15402 12968
764 142
18029 13980
13465 12337
31038 17032
12682 6998
13099 3016
26866 1132
22929 3316
20788 2544
11534 6804
9 3
16953 4042
2256 124
29329 4433
5413 260
22964 18448
27572 19984
13010 4909
22863 17733
10848 6988
12351 11125
30737 17012
20952 6770
21762 15916
30289 537
8756 280
9938 3085
21312 11258
7629 4596
28998 3135
402 74
18983 16594
11550 3717
8180 6407
31540 28940
27814 27238
18352 11250
3599 1156
6935 2935
28176 9531
13426 4514
31501 26489
25949 12966
1182 445
29787 14264
20615 11348
31084 14104
31723 11745
26850 3749
31932 10564
16496 8352
22390 2912
2692 1988
23821 5285
11222 7876
1315 205
12097 10228
14463 1767
979 731
8123 4653
24864 3624
19004 4104
17883 11570
16744 14341
17575 10781
23570 8722
4906 989
26169 192
3939 696
28915 18405
12094 8343
24228 4625
3686 3453
32627 10250
3675 2241
20991 14429
15556 12213
15437 12007
29702 17495
20742 2815
27157 11303
29919 13025
8587 1239
30808 19535
28919 28872
31145 4341
5239 4811
8953 2237
32137 16508
6354 2958
21790 5799
11474 2333
25584 14675
10403 9018
21782 10510
17709 9598
1749 1284
8713 4786
23994 7638
20793 17365
19941 12666
19223 5149
3752 2555
24204 12082
11345 9523
29058 4259
27715 7885
9628 1087
14156 7315
13604 6984
32306 15328
7237 2237
19599 3798
25210 3349
32223 30236
6214 4378
18648 14946
23846 2469
5370 4853
452 430
20070 11227
6765 4005
11251 11156
5573 4645
7039 4773
11193 489
18563 4436
14518 12036
28906 15923
22808 3356
31780 581
22758 12773
2166 1219
19388 15828
25236 11693
24840 1778
7025 460
18553 15234
12374 2178
15029 6116
31026 11818
31307 13241
20785 8385
24808 10824
11663 981
19661 8737
5807 4396
640 639
14183 4490
22210 4339
30366 2899
13506 6079
20250 19842
21648 10624
22931 13601
13780 13713
15628 11770
12992 5291
31075 23106
16195 6993
16422 6136
10368 747
20392 102
26750 2353
1108 680
25121 5417
5186 624
6489 4650
10504 6598
15257 745
19411 6438
3211 1069
22454 9189
2818 355
26177 5260
25136 5302
27222 1213
31513 7235
27960 22892
16967 7418
8677 1798
30143 866
17062 7563
3893 3753
27876 1438
7804 1283
28477 4179
10304 3363
15831 6974
23799 6772
244 210
15381 1489
29127 13270
30591 1138
31111 13431
11075 7348
18113 799
15750 12992
19698 6956
31422 23356
25173 8380
16929 279
28666 8304
22108 3132
26648 5209
9865 2880
30372 10929
9051 7714
8226 2130
29852 26045
17084 1106
8922 8041
11665 2141
2397 41
16975 11148
9308 677
21764 3194
3952 3900
15921 5921
18504 7392
21281 4022
2463 932
14456 7963
21099 1220
17167 6556
27991 2286
23295 8123
3188 1821
5372 62
19755 8821
30181 15393
14455 11215
5272 4975
4945 4172
3595 1244
4971 2136
32665 12524
19488 4039
31641 5599
26539 10844
11317 1571
152 110
6266 2841
12153 2275
16299 13617
8410 4749
32475 24709
18295 5312
29882 21176
32428 10749
22448 18450
12588 4872
29224 29212
22518 9282
14639 2646
25989 2277
12605 4527
28999 7331
5458 1236
14161 13559
29765 9484
16465 14505
14425 12599
17860 8083
19730 16703
9833 9311
22343 9572
32501 2681
13175 9686
15112 13
11873 4246
12896 2900
11214 7900
9805 796
12210 1926
13156 1447
32115 14784
2936 1582
16777 6600
3014 1019
31047 15983
880 549
3320 1205
15917 8111
20526 4185
10046 8902
23639 6553
6308 3864
31121 25679
10896 5823
2496 915
5915 2196
10717 4936
1591 594
32145 26551
21989 7550
22786 19277
12969 2764
15597 1887
5179 73
22773 7389
29312 20882
2106 1524
18104 3688
31790 22952
11513 1206
2468 2360
14812 7382
19498 2223
22646 3985
5017 2127
17546 8551
20458 3321
29948 20629
28491 26393
2697 375
25202 6341
5814 2101
15154 6755
20230 6864
6476 113
112 71
5417 620
27363 15107
8014 3969
24975 3387
15065 8514
1527 1035
23608 12114
27287 1446
31068 3710
390 190
18109 12744
24991 16998
17823 10229
26334 14995
1940 1314
12812 889
19267 3616
19359 1392
22119 173
28124 15947
12571 1282
14910 9699
9812 7657
24091 20457
11695 5668
27269 24117
8813 1438
25455 12031
27579 11245
18960 925
31287 6697
9869 6351
16049 9153
21714 6181
32302 1859
6336 4677
10035 2981
15758 8886
3136 2595
17513 7694
10138 6601
26206 3530
19533 11220
28026 22052
26738 6486
10544 6927
15534 14907
506 406
11515 3701
28739 287
3755 2024
23173 19168
6058 2244
7855 3174
21251 15214
19145 16400
16037 3671
18650 14518
30312 4919
522 376
4171 590
15620 5108
3583 2816
15262 5255
1962 223
23484 17657
29669 24810
16241 14915
12550 9918
16488 13847
13221 5852
12931 4697
32345 24313
14785 1953
18115 1225
14181 3563
27598 7708
4693 4551
8500 3920
24256 5529
29765 3340
10499 94
3556 1270
26574 663
21970 10766
22914 17624
23343 9125
20702 4354
9789 5644
13531 10037
22376 7872
14292 2760
14211 9800
2538 441
7509 208
2727 1102
19540 18555
15842 2122
12464 6561
2018 1915
7315 362
29894 5216
27304 12349
3875 2218
10714 6140
2544 647
13918 8356
16799 12119
25587 5522
22669 5597
7528 2597
29340 26036
7519 3637
21534 1333
9298 3213
26614 1722
20435 9552
28921 10324
30488 3073
27291 21502
12470 5783
23751 7922
26029 18297
9998 7557
5541 2381
1796 1072
12407 5742
24039 812
10479 4275
31106 15400
9425 1093
25681 117
28185 21181
230 73
2439 1017
29835 24355
5723 1875
9513 6682
23390 11787
20073 10060
9505 2482
29208 2408
22921 15011
10192 4202
25739 2602
4053 3015
25141 13008
27965 22636
10734 5356
11092 5331
7934 7485
21054 2054
27217 3632
11998 9807
375 60
12791 2217
7920 708
19089 11293
4007 2798
16287 3800
31164 9013
19678 9685
134 24
1792 458
27097 10264
19210 5194
10372 633
15611 14727
28702 1590
6574 6192
