1843
29562 12030
4683 1106
9812 8125
19306 4510
28788 25357
13222 1952
15758 15523
31093 1351
15846 3827
20061 17322
10085 3832
20655 17871
3308 1540
15729 5104
16360 6105
32412 13516
28711 18886
27016 21844
32234 6312
16804 13656
12859 1441
21354 15271
20864 12979
15250 7550
15441 9095
11910 2949
4743 4307
21527 9130
3221 955
2926 2853
32540 31532
11077 4294
15545 7965
4695 2318
18978 8564
7188 4005
6257 3265
19866 17579
14783 12829
20193 237
17397 5332
1077 859
21983 5026
23530 15538
29314 2055
9291 1816
9904 5382
32211 23003
11481 10035
15776 9905
804 561
21540 3117
10174 4427
3102 1266
28530 28521
13768 3080
10875 2982
4690 874
2966 2811
5008 2890
1371 16
17392 11021
4556 1103
27310 20740
6191 409
16459 11346
25881 9372
18235 8151
26828 6400
7390 7210
12226 9054
22193 19696
18826 1437
16326 3765
4563 1490
2673 410
4039 3760
19013 10801
24474 582
19006 14414
23138 13519
4928 4789
28713 5572
14016 6736
26688 1984
12737 6251
31703 31177
31747 25366
32459 10834
6007 2167
2751 2180
13301 5978
24686 22270
15153 14812
29503 16731
22764 8597
21275 7064
21351 18370
26747 7524
18461 14184
14021 11282
8369 5166
6360 572
21542 6408
11237 6193
18510 9625
23682 12019
26501 19979
18937 7459
16031 1961
29670 4014
14110 8006
26113 9295
16808 25
22072 17156
1209 754
26881 12093
25494 6228
4078 1554
29058 22415
13953 1996
9523 8422
12611 6823
24711 16558
8976 422
8308 3003
19637 19400
26941 24256
31421 16042
17132 16121
1415 1376
23036 4929
6044 2229
6230 2510
11840 10434
19071 4339
2119 284
9487 7322
30506 8487
15973 9883
18010 11228
20633 2533
11476 2096
22450 8875
31990 6860
24601 17587
1681 980
6478 5146
24383 22270
218 188
1271 909
14725 13691
3806 1088
25288 12255
24672 19451
1157 1012
4736 323
25334 5849
1900 1026
20196 5407
23637 2494
17945 9758
11645 4538
30743 30529
24722 933
778 94
26938 17888
31996 19056
15343 847
7496 7211
25357 22699
6737 1165
27177 4101
3955 2746
5029 375
32570 10874
3201 1409
17874 7419
4724 204
4031 2966
16444 1925
10446 9843
29746 13663
14156 7118
1313 980
14197 1373
14680 14527
19247 11953
13310 2693
12793 7037
19622 1166
32030 12425
1315 1082
21550 5519
4510 194
23982 3618
9958 2214
8207 709
774 462
28381 23617
25629 13793
14393 14076
24938 4544
18057 1725
23207 20682
19054 10714
29080 2943
16631 11514
16867 15807
2580 1454
19234 3434
17229 1536
16695 8465
15027 14634
14047 227
3607 58
22155 11144
19067 1623
7531 608
8134 6879
19659 14044
31932 25042
1442 1309
10028 871
17000 12862
9323 4553
9001 4069
1538 1294
16344 7925
28324 2027
29925 2553
25443 18213
24081 23585
15651 8282
29570 18599
20046 3588
32018 1220
4297 2671
20461 7884
28711 2077
2651 1534
1053 200
16858 14289
20278 2328
22384 17378
21960 16719
26175 8017
8487 765
90 58
792 710
11735 6639
11657 8821
25126 5219
29311 17966
23457 6296
16463 14352
8547 41
11793 8827
4958 2114
11346 3472
16552 1457
11785 7575
30742 6516
24012 348
18188 7758
13124 10525
23187 14751
31967 8678
30380 15411
12740 2447
30693 11827
8204 547
4905 4866
19247 6999
18396 6747
3772 1575
14376 6161
22862 8484
23441 1256
5051 3450
16336 10738
2190 2012
19422 15926
24504 14726
14671 1837
642 551
14305 13124
31686 47
28501 10802
10335 2681
21373 1902
19422 5953
32407 16266
23934 20517
1497 1274
8539 8140
31821 25769
25054 6774
6111 364
23932 8356
11445 6819
15520 2946
29374 7667
9189 8524
18830 17622
13961 308
28265 9215
7455 4842
22685 3512
25731 5734
12309 1470
18707 17304
4652 2339
16924 7548
6335 450
24979 13577
22406 12514
23558 2019
17316 15560
19665 7025
14716 2201
2709 1416
5319 280
8166 1201
3811 2721
15428 7029
22382 8470
12621 6699
6932 1588
20528 16738
27813 3614
15205 10365
17515 13938
156 115
2490 2194
3827 3571
23240 17027
23915 18267
1727 681
21917 6854
28177 26230
22185 12508
15628 13970
25712 2311
13486 10641
22275 10062
30138 12539
7770 200
523 119
28234 2492
26665 21766
26289 5849
19738 13212
3060 1129
18555 6349
9131 9092
18127 10204
18842 6914
26134 12442
20708 6546
162 155
17787 8840
23078 879
8667 6065
8976 5025
3320 2148
17944 10599
13428 10249
13337 4333
5910 4000
8736 6770
21368 8616
28099 793
20223 5696
7093 3952
18704 7306
9367 477
11905 6743
1040 615
16718 6913
15903 15248
26766 9364
20144 61
15525 12850
14190 893
9146 2812
8153 5869
4716 662
15256 7141
17600 14606
27408 7866
862 123
18997 9031
18686 2565
8608 5516
23581 3200
28131 16773
12532 3244
28953 22986
10154 3272
705 454
31433 19149
4556 3205
29167 12824
3316 2844
11462 8389
9552 4753
6709 6257
7973 3830
28632 216
9472 2181
13742 3144
20737 12199
14866 2732
24698 686
493 447
17849 4219
2345 1592
3105 1517
26473 2187
17024 6595
11511 10841
24476 22306
3069 2349
21775 3286
8697 32
17493 4666
30059 25899
2596 294
31696 12580
5115 3449
15316 4735
13310 3323
24516 4957
26369 18922
19522 945
16611 9365
3900 790
29469 4358
15135 9034
8602 931
583 159
31178 14548
9915 9841
16370 6291
4631 2581
18118 6609
10697 2095
1337 981
13184 1773
16020 11957
24034 14813
28869 12015
16766 417
31994 11796
28161 15997
15983 1380
22444 21764
900 898
14597 1772
7443 2100
15565 9606
30720 9902
1075 445
29970 21275
23879 17116
29441 14424
15793 11209
16080 4447
21923 3971
24156 10965
20236 6250
26934 13422
3343 1071
25518 4134
32691 28434
20528 9876
24540 16794
27348 24122
26490 20307
17200 719
23040 6964
10353 3517
28952 28306
7082 5952
404 369
15467 14287
27816 4860
25494 12413
12631 7087
24686 3804
12844 5818
3057 2712
810 541
9832 4549
21509 17962
13116 5882
19091 13374
18187 156
24957 11500
31739 17962
7994 5154
78 68
14654 2518
29495 1799
30574 4004
1004 537
27608 12729
1789 1033
21153 14063
30180 2546
11838 7225
3293 2934
29671 24386
31480 3831
23625 8
22636 4853
11388 5876
22318 18580
2868 1017
25026 6482
13883 2026
7250 3451
11295 2223
31741 4650
7720 6542
26737 6902
16012 6218
7100 1238
16102 392
13407 1047
4837 2185
11684 10154
19265 625
12850 12653
7412 949
31967 17325
26790 10882
15301 2024
22121 9138
10648 2367
22950 16516
20791 2475
12631 9164
12160 7448
14455 5207
10089 807
6839 4444
31820 8785
16755 8047
18051 11806
3300 558
5685 3032
11671 6691
14447 3010
12830 6472
21111 1017
7429 1050
18269 9856
5896 4989
7122 378
4482 501
19517 14825
27945 10898
18700 5360
30969 951
3400 1104
23918 559
877 402
18422 11286
11384 140
27302 18040
15681 5207
9260 2112
9739 3545
25605 8272
14426 14056
7920 5844
24325 7594
26530 23538
7307 1425
32699 4221
17322 4152
29945 12650
7726 2826
7851 7023
30216 9220
3945 163
13471 10013
20227 9798
3179 438
28855 2100
24767 7880
22951 22737
24550 5494
19338 325
882 877
1953 496
27345 730
7660 2257
17441 6143
15519 7842
14149 5569
5072 1488
1849 1787
8562 6507
23970 9986
31110 25601
29866 12245
24208 7175
4874 380
15944 3083
3688 855
26259 6362
18404 12184
1713 105
22254 2555
20664 7233
22106 7226
20289 18471
1974 1399
17249 3824
16603 5535
7899 5613
22466 15579
28307 5968
153 76
18758 15076
21014 438
5753 1046
25612 23176
16815 15958
15420 2157
11743 7815
32109 22775
32037 9252
3263 2909
184 78
8508 771
25884 18036
29104 4000
28313 8258
29882 1704
23019 10944
26404 2242
13627 4176
3184 434
17742 1285
23987 13749
19197 11571
6823 1754
15589 10960
28923 15908
18783 6779
11757 437
13491 4601
11803 1324
26504 6839
32662 28197
16799 1039
27193 9697
1217 567
21049 398
27638 1398
10492 5836
17144 16288
24623 7984
4583 1673
4883 72
12606 11538
23063 22589
23046 11755
31916 28296
1610 131
30037 2347
13770 2936
31741 26930
27379 14466
2702 38
29711 21637
4031 885
21690 1534
17454 12313
25493 25429
21934 10567
28734 20740
23778 292
1407 1405
20747 4283
7109 2549
28190 1020
20436 16
16666 1212
29114 18945
20120 5885
32769 28745
1955 717
25385 17042
203 190
32086 15549
8053 3474
25157 7324
12661 10993
19332 16550
8927 494
7395 5102
17945 2591
3366 1571
25141 7815
18172 5197
31614 12016
5685 3254
2641 2432
29999 163
5167 1091
3729 356
23311 15200
1852 241
5881 2618
9343 1456
28112 22471
8842 6458
7536 5524
20262 18372
3065 2246
15523 1289
12905 3862
8465 5392
5489 1475
13747 10695
16513 9922
10928 6163
30502 27548
780 697
4245 3487
27863 25827
12680 6440
27044 22127
22600 19072
23357 18121
28427 10498
18581 4199
22657 10229
28414 13218
10922 41
29596 4704
3050 618
18714 3824
26207 17582
7579 4661
25970 2830
25844 15623
29100 4752
21272 18646
7884 257
23251 189
16406 10689
1212 585
5869 1834
12901 6053
20388 15015
8660 7411
16530 8254
17719 580
8036 669
17107 14209
8375 6596
12606 4006
13799 649
25550 439
23841 11234
23377 8850
14272 4386
12030 4372
23254 18948
428 314
3592 242
22338 9587
27808 11850
24175 8215
7389 7095
667 348
4493 3195
23069 7460
2526 2049
17582 9818
17266 15061
19997 11115
4785 70
10565 3332
21859 14402
22333 9591
29566 28855
20174 356
25148 2990
14378 342
23921 962
4314 3828
19228 13127
19449 15079
32060 1613
17056 11622
17893 5280
2209 1723
4498 873
31096 12937
31677 10587
4478 3726
4525 1956
26464 25630
14224 1303
22992 15608
25545 15850
17786 10211
9355 3142
22330 15007
9127 1114
20108 11268
7330 7041
17476 2982
30987 17628
18815 2631
1803 961
29401 2750
32318 23316
9184 3297
18113 11272
11977 2341
13965 2692
7266 4186
14595 14457
12360 6303
5319 3207
32090 15261
17362 17065
7789 2800
4547 2514
26434 7441
29814 6716
8629 1471
21208 5916
11062 3435
11770 406
1661 181
24676 3671
13690 6152
26539 21833
28555 19807
27718 27611
2034 1074
31645 22943
6278 870
10339 1873
17576 13614
1318 48
10361 6073
11556 5338
18507 7036
20321 14039
5205 2858
28662 1576
21674 5185
21420 14157
4460 2781
18889 6550
19260 16058
18474 4238
6134 5147
3474 3171
30619 12520
15938 12518
30095 19396
11978 7740
27141 19770
20766 10295
28599 24429
30700 5882
25050 9229
25645 528
30289 13763
20731 10265
18465 4271
29090 12030
26149 7921
5625 39
14851 645
26867 5179
23390 15601
32113 11702
9037 5546
7514 3390
5132 3047
3822 590
26866 17848
17495 4034
25251 7047
10625 4113
9095 5023
1068 657
12411 1219
6720 5270
27078 12366
4704 2682
4174 2066
17089 4979
11020 3115
25149 24614
24765 16368
20387 6256
6618 4260
25426 7326
32459 14859
32518 12629
9816 3608
20465 17533
2144 469
30478 5963
2253 1366
2994 2043
11975 4267
11364 3507
23592 4112
4590 2531
6448 5424
22708 11359
18555 4547
29765 3101
22319 3096
304 69
15738 5259
26905 20125
25404 18891
3339 2456
15616 7556
27152 24726
13617 13207
27647 12758
13707 8115
25238 12873
25807 896
19656 1304
27835 6325
28248 13096
23609 1084
25511 16333
31191 8504
10187 5832
6775 1462
16608 9327
20551 19840
1699 1254
1524 1157
14141 1555
23067 969
20060 12176
20225 1379
21128 1183
8835 7371
3253 2727
25168 23020
24084 8193
4181 2582
10287 1768
27513 751
31541 22384
12427 2622
32402 25116
26488 20839
18371 8614
4290 3462
4969 1322
18221 12188
5276 4659
10684 4704
20097 16379
8667 2482
11295 8100
23006 22887
19054 8415
30634 8415
10417 8793
28594 20389
13062 11687
1062 167
23356 8236
17510 15239
13284 8733
8381 4877
16811 1524
26188 153
30439 7889
14148 13311
3439 2529
21337 17274
12976 4433
17523 7517
14845 5140
17318 2653
18727 4420
27236 10521
13134 6102
1009 558
30198 18817
4888 4182
3165 342
24605 6106
3341 2726
8946 990
17837 3446
7597 7140
18716 16450
15162 5381
9153 870
1613 1409
10780 8918
3227 316
5537 1395
586 397
25543 2054
14758 2041
11100 8351
17173 1229
23579 16897
18765 7441
7296 779
32196 26108
14811 6429
10600 8052
24228 2426
13713 6383
782 582
16692 9450
19422 2737
5721 4005
19326 18199
5071 2100
22861 1544
24350 16635
29498 14187
29373 7944
23953 8086
23685 21755
29972 20679
16486 1366
26446 10877
29529 14459
17700 6503
17045 5247
9133 3429
15110 9138
16196 12537
1275 44
21723 1247
10271 8012
9618 4459
19370 12668
22664 22354
18136 7557
12016 3305
5531 717
15976 5478
1420 999
9607 6878
12072 3983
28341 11304
3897 3032
5440 3006
21650 8392
24748 5247
13823 13179
2634 353
25724 3200
24844 21268
28069 19680
24471 7852
8814 8210
26778 3453
22036 9134
7518 3210
2388 1835
671 160
21978 699
26523 10981
11772 5574
17256 8948
17576 11467
31882 4429
12699 4007
20165 2422
9684 1109
17200 5320
17481 7940
28299 5986
29400 2717
27090 5776
14208 10531
14610 521
30161 15608
5244 4983
8353 2431
18360 1674
13313 411
7036 2112
2928 2299
32092 1919
26702 4318
23012 13875
15507 5863
23780 12726
3520 1423
3083 651
1046 942
28599 23341
31238 30395
15884 5182
8170 6718
15428 11038
2034 268
19013 1513
11873 4289
19577 447
20985 8884
26586 3303
12467 8290
17484 13084
31924 11462
18736 13444
7549 811
2102 1652
4450 3878
19058 6849
829 727
29619 24975
26723 5431
12304 1216
15063 14082
8131 4897
9150 3236
30011 25499
10771 9146
14700 2754
14748 6468
10858 874
5661 576
26678 5711
3787 3782
25559 18568
1539 185
17581 3486
8508 2953
14339 888
13627 12649
24291 7923
17030 2252
20014 10154
5658 1871
21740 4687
25184 22950
31968 28290
25694 19573
31071 15488
26922 17910
30819 29468
18341 1083
2524 1066
8805 5971
4422 3938
1523 175
30080 11469
14135 6138
732 649
17968 14107
13171 1681
14569 7008
20923 4637
25256 2225
10587 3527
15208 1696
14909 9220
19337 3677
8677 5380
32711 9479
12034 7756
31081 15124
21315 12435
11962 6898
26476 16138
28605 10990
30121 13311
8989 1622
32290 22728
20323 12762
27087 19790
17515 10957
8078 6344
31001 29721
28531 14281
29000 2101
18527 798
16387 3771
27604 20015
31224 16124
5127 3308
11305 4149
16439 1843
10981 7375
6974 1693
19703 184
12390 4499
26397 4073
25213 17137
7100 867
22828 2417
21201 7355
22660 2708
28203 21506
14042 2002
3544 40
25813 21693
30941 21733
15301 7651
32298 29973
1590 838
25036 531
30406 29064
10853 10578
307 18
25305 4499
18872 4478
9291 3697
7834 229
31816 422
12286 12047
833 36
31229 10651
14143 1611
5370 1657
28370 14702
24627 1672
30794 5811
14999 770
14634 9571
15832 399
25050 1685
12224 5660
2460 2388
7624 1397
18113 7090
22247 16482
5917 1504
14248 11146
11448 4848
31871 22647
29382 10275
3677 1888
24282 5254
32130 4464
25174 7810
7827 712
4134 2768
32236 31192
19118 6816
7479 4239
3584 305
12093 1965
10835 2767
17917 10504
689 120
9979 5344
9199 4987
14811 3138
18402 8417
17710 11225
6352 4487
28044 3730
18725 9892
10979 9201
21351 5293
10254 101
30316 3240
16554 3574
16843 3088
4389 238
18064 14709
19735 9108
16436 8588
20438 17364
18892 12851
6981 886
29568 14602
14572 604
19519 13926
12622 9199
13233 9400
3446 2275
2157 1842
5844 3019
1645 147
18759 12880
27070 11252
11131 10852
10620 3384
373 90
24318 13698
3436 1213
11598 9475
21211 3807
15580 13497
4052 3591
8051 6948
24727 17090
12395 2165
16739 16295
17697 7380
25228 23390
16804 3818
718 220
26033 9261
17377 14783
26082 21042
11597 9543
9506 9001
20864 10662
8804 3424
18718 10684
28309 9956
30872 9733
16078 14129
21504 16671
28367 1932
5404 1018
1961 1040
6073 4330
7866 2929
20545 5828
8414 2552
4240 1374
24036 19141
3844 2813
26687 21413
25555 21402
7422 3997
28834 24431
26623 3419
26195 11701
6239 5759
23838 121
22836 21298
13027 11842
8831 3882
9150 1332
13916 13788
20701 10679
32380 18207
10638 1676
24021 972
27292 7037
19096 6245
10204 8655
17508 4646
5123 615
31417 2066
31418 2839
14255 5324
8437 2701
25320 10432
32640 28886
12483 5918
3034 1054
20946 1453
839 18
13967 2763
27681 2381
15178 3088
16751 4821
20582 8179
31929 28769
29381 7280
29210 2448
2177 792
12950 5158
30173 3188
26798 14962
32379 81
25394 19156
18127 2142
16983 124
2515 1911
31497 18804
22268 2042
9346 2399
27757 9918
17436 15494
364 183
2915 2499
5394 2115
15471 2059
5446 3897
10353 9873
29164 20633
31883 16951
28761 5488
20709 13000
21258 1379
11773 6046
10646 9755
31806 24884
23778 2075
4565 1729
19348 13365
21184 19339
2762 2386
5927 5231
7947 6573
19440 11706
16766 1213
398 172
1369 35
23833 23137
29085 20128
8100 1177
25345 11535
14283 4031
18987 15161
4491 3667
6694 4360
6231 2415
31505 8530
8039 3597
5396 2289
9300 3961
1945 809
8162 3566
24760 3801
22812 16590
10482 10470
28327 4016
22307 6170
2640 1148
16562 15072
29415 5264
23051 13097
28752 20423
23375 12002
13783 12125
7497 6941
18116 11398
17061 12221
2351 972
348 258
31510 25495
8307 1715
15789 7509
32229 8070
27381 18978
12510 9465
27024 15330
7209 6759
13012 9233
1260 469
16158 11080
403 213
3177 391
21770 17448
29471 29366
2607 969
15662 14103
25479 3227
13151 1515
29487 3993
5348 2810
28438 12008
11567 3125
5482 4242
31755 644
13648 915
9189 332
12248 4953
4714 850
1328 64
5976 5474
16920 9825
23949 22623
24981 2272
31333 7961
30442 18589
1858 1788
13252 2325
31084 428
7861 5939
11292 4719
3555 3064
20691 14788
14850 2819
14832 6585
32127 27325
13186 9639
5118 2321
24155 10605
28167 2223
16742 14996
27900 16088
1338 1288
6991 5077
3566 3249
13553 13055
26415 4098
5134 4119
13969 2311
22007 5058
10275 1608
19552 4726
2374 2268
3787 3209
1471 321
16452 13161
15114 9563
23887 7492
5617 1750
9759 1057
11870 307
30984 24957
5486 1126
12599 10334
18886 7272
23969 5518
17962 2457
25657 14212
24140 2846
25958 1629
24033 7846
29620 3268
7674 3219
29642 6165
1170 514
14492 13250
8803 945
12257 5171
25343 387
13000 8367
795 578
20198 10448
16686 15412
7027 2276
31803 24395
28343 7053
13546 184
1983 1426
9438 2632
84 32
24643 11552
6958 4779
13734 12983
16996 3403
16394 16044
18983 9020
24376 4952
19376 4629
2646 838
11383 5193
12475 2625
9638 2263
7426 4045
24525 4289
3677 272
30423 19858
31788 4714
31293 20756
14287 1917
15737 12409
24760 11331
3262 2422
24260 3014
6630 695
22219 5482
13740 9424
19830 14775
10523 8496
27728 22173
17222 14989
7456 1085
28474 540
28535 18386
26161 15026
31877 20089
21000 2560
15664 9392
29683 16595
1640 718
9072 3996
8116 4600
14713 9013
10257 6192
15358 5281
15613 11661
23954 8275
6095 2448
9573 1732
5449 1724
21362 18601
23408 7637
21753 15159
4507 3353
23856 13800
24267 20083
30262 14765
8762 8628
7752 5588
6711 2705
17719 4576
27952 21546
15897 5032
18705 11511
31039 15408
3277 1104
6760 4545
12345 7295
16180 404
24097 22603
2524 1811
29846 14961
17439 2082
24453 4399
11904 8591
398 156
20398 1555
7954 1018
22596 528
32654 21774
28338 22089
14632 9448
30587 193
23176 18906
11682 2145
26345 1673
8030 433
22640 3713
25365 20466
7356 2361
6280 2239
16318 14872
2636 2534
14539 10887
889 58
3567 2302
11686 6781
16773 11197
2836 1767
15876 10160
24873 5894
13340 12715
10016 3062
7938 3495
19712 10758
25352 7212
28362 26020
14960 12656
18423 16063
25730 1239
31521 7376
19164 13318
513 478
4362 3119
22937 8093
16982 2381
16050 14819
4577 3532
3721 1925
24819 2560
8134 1990
32656 32578
10157 4732
23372 5440
32664 11005
4192 1430
24229 18480
4348 4056
23468 14389
22239 127
19316 18696
21286 4525
20262 15486
4193 1919
9985 8232
15084 4967
7504 1162
893 521
7577 1018
4089 3727
19480 1249
28300 14824
12651 9735
16120 14155
20111 7279
1581 249
11531 2940
24603 20445
16235 7621
964 212
9712 2501
19861 5751
11142 3166
17398 12317
3830 2220
18976 5677
27741 12211
29998 4791
23261 8220
14199 1044
4754 460
22044 12054
11976 6193
23773 2276
24683 2036
1073 421
9406 3467
15765 3818
21584 7901
23076 22009
7725 1128
32616 1731
17233 8891
24176 4585
9826 275
24866 3431
926 647
16851 9079
25874 1420
16661 13493
9996 2285
28112 24731
8404 6524
13205 1652
17815 9501
9006 1618
20900 12765
10618 72
22491 4453
10360 3096
17249 13348
9889 2475
8601 2693
2171 981
18512 8412
2155 64
11320 5329
24778 825
31640 3342
23612 9014
20801 8304
16445 9981
5060 4170
17917 8864
21730 8844
5486 3410
17732 98
30363 21724
4205 3394
11579 1489
13548 9027
12934 4949
11478 2212
16711 15324
31347 17351
26675 1273
27960 20255
5753 3921
13045 1629
22170 4087
2384 485
11131 6709
9074 7075
17337 9282
6144 4007
30524 12112
27469 20635
17167 14074
2510 1303
14190 7190
18126 578
3105 1343
13154 881
20233 5988
24992 2392
24825 10826
26636 20116
13511 2367
14675 6287
1186 639
9276 3951
29093 4250
4059 3173
16813 188
18440 7594
12136 4933
28175 16456
175 46
25001 9136
22294 1764
13867 8197
28353 1503
2046 1016
16249 2911
17999 823
13310 10157
17671 3766
27551 2419
11006 8256
14857 9335
4203 2902
22877 201
24992 18849
645 146
23028 10786
24519 23223
11008 8909
3482 1740
9230 3333
7609 859
28110 11059
20599 12227
11851 94
30802 97
10526 10204
15306 6775
12257 4321
10612 2704
30439 15893
21066 11233
8746 743
24133 21348
7813 6797
20270 6729
6948 812
26033 10212
14136 4135
23731 2765
14319 3382
28389 4078
23203 5891
23193 8330
5970 1117
22485 17450
