1895
4928 2945
29248 25714
7104 2200
5238 1314
28723 22990
13927 640
18355 10150
13590 2780
15738 458
3240 122
28404 2095
1816 350
16408 1877
17196 16880
14841 4944
10152 7036
14232 7655
5825 4493
21757 14040
30164 17191
21638 11221
23896 21869
28286 27084
1298 276
16113 875
16519 8703
17855 228
8119 5740
11504 781
2056 1054
18759 2500
22913 1228
2330 2061
29752 10381
17761 11747
12814 2647
10508 3968
10393 6723
8858 6720
18274 14765
5095 1982
9809 2937
13381 2078
6245 1240
22735 10159
22184 3552
5882 4070
22371 8768
30061 12806
9614 1633
7955 6666
19594 6938
19566 2265
11283 7139
22318 10332
18544 11599
11266 3095
27372 3888
3758 1430
9866 8126
25694 9633
5365 2234
30777 29762
24502 22690
28218 21966
27049 17215
22587 20608
11442 7260
8531 4072
8108 6514
17250 5171
14498 13312
31466 26284
24386 734
27937 2658
25486 2502
29764 2253
19669 17087
1581 177
5346 3376
26920 3442
9075 7902
11011 29
7661 1032
3684 592
24397 1496
25183 1730
11362 285
30792 8224
30778 23034
11206 6685
19674 3029
12585 5353
11313 10892
7678 3590
32079 18251
24544 3065
22995 7880
5521 395
20386 3632
32329 27461
27359 17238
29517 14783
7191 5556
8132 1584
20155 1532
27334 10495
17364 11978
18359 2802
1266 644
24787 11881
869 130
20489 10338
14256 3473
23053 11951
21819 15410
24489 5114
26184 17804
31060 17330
25640 12798
28933 22471
8111 7425
3657 708
3557 2179
26772 20986
19710 17723
13268 227
30093 1799
15180 12933
3060 1480
32416 16044
9759 3251
9516 595
6514 2156
15258 13194
17663 14324
28596 3081
19453 8763
15990 4838
21621 954
18536 1523
7743 4621
16427 7407
1581 1292
10065 1343
18822 9231
19826 7726
7606 1643
17787 8680
28739 19776
17738 15005
25347 11939
9080 2891
22669 7051
26486 17779
9453 7711
8156 5769
13980 13228
29437 9246
19375 3606
7615 1495
1870 352
21674 17084
31592 22699
15166 13278
31397 8013
25994 22691
18076 7379
6138 2726
28231 2463
14705 2552
28851 1571
11159 1970
30716 28025
32117 2718
16505 2257
11327 1415
52 5
26224 21983
25245 21303
1308 1081
27775 20275
12162 62
23602 281
23778 21228
23059 6059
10382 4748
3377 1556
11330 2915
26697 18469
21688 4345
17141 4793
25720 5512
4896 2511
6382 833
23229 15169
9662 410
7608 7184
31324 23163
29741 7892
1495 614
3289 1916
27893 2757
13262 654
26245 23037
12650 7317
12785 11190
5513 1173
23571 10534
17146 16195
17993 11192
20272 8034
9164 6616
2618 73
24893 10076
17142 8512
10881 1770
7041 2868
719 403
497 350
8967 5511
8519 8465
4678 862
24223 2863
11447 4730
13994 8789
3244 1544
3934 54
2541 2058
20972 5846
17231 6380
24819 1081
26249 24736
16115 12337
10820 9207
30980 12430
11889 8886
10696 8160
14047 1722
10398 10061
29709 9428
14616 1389
20029 151
20144 888
26313 4917
14518 4640
17338 8696
19085 10660
22935 16262
21527 3130
26491 23340
32366 11675
22890 1023
24789 5751
9445 3980
25070 11704
21436 3829
14637 678
12580 5588
9356 6374
19721 16691
9856 9643
18854 11921
24620 21313
10066 2558
23509 4589
669 212
23447 5035
30875 11701
86 19
9600 6435
23799 18232
29037 22864
18895 11470
8074 2200
3163 172
21333 20814
10034 6819
58 55
26169 21462
30563 21758
31510 17667
2001 1699
15847 15518
25772 10658
26163 3350
17879 2500
20512 8309
30408 9967
8679 4058
18327 15529
25990 8869
5204 5007
27317 12723
22174 7322
1306 140
30065 20898
31424 22342
18240 14304
14022 5933
31300 23352
5204 1633
22291 3575
21971 9411
4468 3801
7262 1771
7026 3526
29555 11015
11951 7502
17647 1416
32763 1930
18745 18699
20773 3695
18365 13846
21777 21314
15260 4639
6667 3178
12449 878
28251 1604
27768 2564
29466 7190
14362 5140
20804 17103
23948 16168
17678 12961
11721 4104
29561 27223
8957 1851
15911 990
29427 9714
2413 740
9681 3494
10411 8918
1283 573
25816 1844
30325 6055
20833 19887
6149 2103
25396 17397
12088 11671
32279 29569
16683 8251
27711 13195
26317 12163
29726 14216
12620 8095
124 64
13005 4066
3785 2445
32608 16473
22450 412
14899 13844
26098 5803
774 139
3947 2053
22494 21958
1141 533
16126 3105
26998 1453
19731 14508
11955 2610
23471 5125
6757 2039
1016 389
14608 9663
12706 163
10256 234
25114 13484
28276 24082
25604 4285
22544 15885
10984 9451
1742 1133
2856 1748
11845 2305
29238 28031
11661 6654
28419 6281
31569 1374
7867 8
6181 3884
20911 8785
31514 5921
31891 22941
11408 9676
18921 11721
844 99
24509 17599
14283 8216
11667 2657
16853 4360
22174 5667
13397 186
3122 859
2919 2546
27772 5711
8371 5295
14705 3551
14842 6122
31748 10212
26094 18498
26524 9084
6983 1558
4549 593
19987 18953
21029 14529
28493 5882
24243 10557
2738 1426
30755 28399
30416 6862
15012 252
19296 1914
26318 19672
4565 553
14038 1393
25653 6374
5125 1881
28200 11177
16488 10835
1103 579
18632 2572
17878 12368
21212 5854
31821 25732
7102 2153
11699 1914
15004 1676
5332 1491
31664 6534
29654 22499
26482 1935
29966 21632
18956 165
3608 1937
20238 12939
6438 103
1379 703
6296 5863
24452 18687
22733 16913
1003 836
25657 21375
459 185
32184 19309
15870 1073
5410 3995
11326 8774
27168 3928
10393 4115
20798 2453
1311 886
20289 13051
8158 3124
32442 21448
5392 2997
29659 11829
24978 8490
4746 4432
2456 732
2740 593
6048 4476
28388 27974
1956 953
6420 2827
29332 20638
20931 12541
3587 2735
27975 22246
21537 282
21349 15182
26601 2843
9503 7386
2459 1896
29901 7089
12141 3972
17519 6982
5757 286
15938 7568
24587 1683
23441 7233
3813 1701
28110 1603
31010 4686
15841 1910
531 333
13760 4099
12407 5972
18496 2660
29934 21338
2859 366
13489 1742
14226 6058
27775 7905
1124 429
32731 9535
3904 1635
2164 1110
18312 3162
14821 2892
4023 816
11678 5446
2292 206
11042 3469
15591 2175
16500 4429
6603 1498
16075 9311
29892 639
28557 22090
1651 612
5499 1340
5576 3168
3625 3250
17688 8775
10162 4404
13680 4216
32425 12503
29736 3863
30803 5238
26299 12625
11539 2097
10454 6491
22309 7079
4270 162
6543 903
19863 10566
13141 7278
21715 822
29421 24989
4263 1370
32242 25629
1460 1352
16669 2899
25221 17031
7280 1528
11621 4888
8116 2460
1139 1129
27430 1609
9208 8102
2158 1786
9975 1246
20432 301
13830 22
11686 9363
6237 1889
23566 9127
23341 17646
25824 14425
819 537
32739 29563
31884 6970
8512 5680
15563 9704
19510 4169
19273 16402
32272 1530
9148 3376
17748 16316
9995 6128
22846 16687
3681 1506
17772 13400
5249 1774
32219 22746
18777 9344
28434 27943
17369 2658
24221 4954
9733 9674
12221 6276
10057 5294
24670 4164
6413 2172
21065 7662
6538 2714
13467 6841
26844 6510
8566 6812
5208 4778
17398 9787
27679 9932
6759 1494
30451 97
10421 8918
22602 5335
12067 7697
23713 20356
14656 2381
8211 3506
6424 31
810 637
8871 1490
25077 18713
15251 1126
16731 7071
4890 1679
26286 20133
5704 4649
3460 47
29806 27051
12226 3206
18385 17689
5113 675
13983 1830
5622 1268
8231 7622
23956 3244
10824 8486
30677 4272
17194 8543
1585 368
27437 3259
30766 18412
23327 12336
817 729
23218 15651
19604 9683
23341 19983
31224 1020
10849 3086
7133 3752
20959 2309
9840 4249
30312 8634
27811 18875
19365 16964
20867 96
28696 2643
9159 1379
17747 6607
22436 2489
6248 1668
4841 324
11936 2496
16199 9646
2672 999
5872 2055
31912 260
24421 2904
21998 2525
18056 451
19563 2802
5625 1351
27076 15899
12447 3142
5452 1327
3717 1608
3704 2359
10984 2776
27539 13235
6286 756
28850 22338
12377 11484
21227 20183
3611 2696
15298 15216
20396 10915
8420 4280
19002 3393
17432 13331
10721 424
28530 9383
12155 11670
16841 1060
186 137
8044 3205
15988 550
6929 4613
21821 241
27406 20295
15419 9654
16076 1131
5686 4785
2168 2163
26863 13980
3835 435
24243 10744
23597 9028
17967 1476
23365 5038
17542 9700
15253 7042
28065 7420
27508 16739
14023 4586
16251 13084
30573 24139
6644 6445
27727 14099
9871 4272
28863 23721
32343 3066
25149 7263
18405 17795
25161 18566
10195 5368
27253 19508
5492 3258
26302 11332
26562 9
18972 6557
11928 8686
20824 10080
11298 7704
26654 604
657 100
25683 25004
27155 2681
2984 2684
770 398
6000 2656
6235 2624
10927 2048
26227 13245
28275 516
14821 1934
18535 6437
31439 3093
24485 4160
30782 8136
25548 7241
2022 1758
19026 1882
19991 9801
30236 1908
16876 8866
32076 9304
16838 2292
347 62
19448 6134
19815 5855
12228 3109
11982 9878
19079 1736
15355 15344
9520 5300
32128 19043
1526 783
11621 11442
19019 2551
192 169
7435 4927
12166 1133
23802 1126
11937 4784
18285 9013
20547 3345
15175 14770
15993 7802
10279 8114
1027 619
32224 18278
5987 1584
12330 9952
7220 4649
8855 8069
20157 6844
4296 181
19910 2248
18144 2095
13994 11715
15929 7049
18350 10862
29270 6424
31889 4440
537 320
22885 18380
28982 11270
22429 9629
7656 2386
10598 5409
16099 7508
18235 9485
32137 20091
31667 18767
96 49
24990 3275
31172 28275
2129 744
3801 548
12862 4475
10948 2651
25032 6673
4635 1945
10325 4361
19097 12343
27556 3122
11031 10620
5473 3800
10167 6972
24822 19989
11875 3948
15269 2412
10102 1222
27347 16123
28344 22998
27815 11812
22672 13974
18132 4250
6005 985
14259 8048
5542 4771
32149 9117
5915 4479
10327 9279
14267 7578
10551 2795
6607 6397
5349 4460
22711 11631
19422 2653
5083 3155
31989 44
9701 4173
17006 6592
12423 5842
6418 4177
1873 385
29237 22231
18190 13126
12921 1922
25107 1053
3199 2577
15025 393
25772 751
17682 3095
8749 510
100 99
4408 4395
2873 1986
14997 9367
22318 7940
21598 9234
16331 3890
12291 557
2219 511
18832 7905
1757 767
23603 134
31113 22967
8185 8091
21975 4136
5336 342
2572 1442
32498 31946
31735 652
30744 17241
18059 10054
14989 2161
31437 22574
2317 931
26609 20910
22542 15060
11967 5562
7238 2325
9276 5467
25197 3044
18311 16569
5188 221
20225 2505
3798 680
4272 1030
28158 20379
18918 1257
12585 4486
2589 894
7517 5973
17702 8055
123 21
20611 7488
14785 4612
20497 339
11154 7647
21994 2673
31354 28465
14729 689
15725 5447
27183 3532
847 429
16518 6087
20922 14194
4996 1341
251 130
5267 1932
6493 4457
14063 366
5547 1585
9807 2162
12016 3750
4295 2582
5505 3003
18413 1878
15165 14993
32059 21449
4884 2523
7604 3309
27078 611
4298 3417
15341 4632
24192 2042
11582 266
204 94
1292 525
25663 7417
21517 20921
23527 12280
10081 7331
3189 2654
27856 2785
4763 3389
27732 17912
26808 489
31447 19219
20407 14833
19005 17946
16180 13776
31397 5441
8417 4565
20716 13696
23337 1331
13939 7377
28435 2564
26147 21348
11624 4045
27310 26710
18200 9681
21015 1955
15578 4090
14964 6436
29203 26911
7155 5464
26361 12319
29723 25229
24056 6058
13908 11485
28757 3476
9642 671
22033 13822
31694 18247
25872 17992
349 82
2938 1396
31589 28652
18786 278
4646 3682
28069 3049
5397 775
6677 3187
16423 5462
21207 9853
26187 17868
7434 301
9528 8950
28841 26452
1642 1377
435 26
12647 6299
9353 6688
4935 2676
20887 3063
8051 5165
3126 837
3501 323
12497 8487
14673 1203
28231 589
1498 613
28305 13667
27815 19037
29349 4546
6144 59
26010 15994
12116 4194
11020 1210
14532 6964
11458 8929
13286 2291
27534 15086
20930 9819
6005 773
28193 20735
29456 13066
11784 5624
1586 844
26495 22420
25548 15855
13974 13957
1805 308
25514 7698
3021 1831
32485 31115
17963 15298
21764 13786
32117 22650
8541 2357
20041 9297
8480 1424
30714 7261
27613 2872
6453 5288
13638 12602
8165 6357
23607 5663
28755 25886
27379 8580
1938 1698
27825 6492
7450 922
15447 12671
1971 1166
12421 6047
27029 5399
18645 12968
26573 3126
16481 9979
28898 15898
10630 36
22201 21032
30440 26927
16310 1855
5558 4625
13092 7825
32048 25171
17623 9178
22374 1838
9231 1245
10050 6312
4512 3581
4040 343
336 300
8349 5252
27265 11511
19398 17266
3088 2836
26803 24627
10108 1149
26748 17219
30539 6221
8042 2031
25769 489
18361 10903
16467 1315
8604 77
691 129
21634 2063
22348 4632
30104 10017
30553 11622
22415 6982
6065 2525
1951 566
28142 5863
7116 5884
4302 1942
13928 10476
14298 9625
25305 4686
7749 633
12188 358
3350 1182
10634 793
20618 10983
7258 3937
7347 5674
15464 8159
9574 3024
7604 6735
27988 25278
7214 1742
4215 3460
6449 3069
3504 1488
12877 1524
21422 5925
21833 20451
5393 5026
21864 10741
10191 4592
26092 14990
29655 26525
7641 5975
13557 4992
26875 4876
5110 3105
2602 117
23308 19226
4813 4659
18804 10824
29597 25210
19029 13725
2732 2177
4844 4420
21157 12395
27622 18749
5973 1471
10765 3508
21354 5881
6695 3825
7035 5612
25627 11321
14921 8589
10582 6679
25157 6102
25197 13096
6226 5333
16388 654
15307 1830
4846 1889
20424 1191
32662 6399
27037 6371
157 141
26788 5732
31940 5385
23357 20812
29709 8238
13586 12844
2077 276
15008 14430
25573 5209
17907 17138
18049 13785
18608 779
13664 10735
12121 3688
6566 5702
2509 1973
19662 14497
7438 5290
22676 4582
16967 17
28178 2343
14094 11659
22569 2797
17126 2682
27938 22906
22024 6215
17301 3593
1379 935
11914 8687
2017 919
17631 12197
6380 5553
30698 16840
25649 19355
32094 29755
24227 6177
4211 2688
12483 1662
20033 2493
5663 5579
12653 2225
22041 16119
28936 13574
14826 8300
18100 304
9191 6616
24585 918
11266 302
32567 24985
26003 7920
3820 3435
12889 269
11640 4806
18107 9192
29487 6949
17236 1598
30734 27686
1967 244
23714 7481
8783 5006
23078 20664
499 53
7660 5075
19480 1838
29694 1085
31934 22059
1284 747
13167 4038
11112 7765
20862 11950
9145 8439
19853 8445
7245 4611
24657 8648
26667 1248
28314 914
22823 14876
21645 4464
1359 7
30260 4228
31622 23004
14650 10620
11119 5901
19439 3883
1165 637
23954 700
4264 1931
11216 8227
3442 2355
2440 945
18794 8504
17105 4207
18433 5944
574 23
28923 7664
7009 2993
20249 1923
24205 6647
8693 6555
23008 14204
18221 4544
11137 10106
16067 1461
18727 13373
20164 12686
24795 5578
2600 2576
14078 8111
16122 59
9613 8330
4025 385
8356 2938
15357 12968
25665 13656
23645 6212
12107 854
5521 4202
12243 1198
1748 675
1177 297
30604 7054
30674 11484
2093 1502
22312 21043
27227 19771
3331 2080
25679 18008
24327 4170
9083 9008
30174 21055
8817 5639
4663 1445
9729 4500
4878 3702
5537 4479
12590 3062
13075 10389
5109 2254
30017 16158
9048 8937
2668 301
15142 4670
17797 3780
9105 8112
31451 15679
29418 29206
4087 112
15532 942
17092 13711
12732 2169
27636 3653
5615 812
16542 15050
11981 3863
22316 2227
3989 3255
29556 23552
26241 1217
24101 6672
12106 8681
19301 12314
28399 2901
5304 5170
23731 21527
18980 9853
7268 1669
24211 1722
28131 24960
29560 1245
30177 25476
1973 1477
999 627
3517 1765
31129 20262
11509 9813
14139 11563
12897 2784
12660 701
29820 5703
5202 3484
11879 725
6031 1799
5702 2308
26643 12967
13032 6263
19129 10846
13478 7565
23638 4837
21901 5947
4856 1166
1215 790
25707 2544
24854 22968
13826 5955
18187 3899
31123 1918
30166 9655
7108 1344
4055 3565
10117 1347
31285 25104
17118 3880
24517 21782
26859 9153
23341 291
1317 514
3145 1195
21474 286
7373 5732
11296 10952
30764 23479
5758 41
15033 6750
21899 14903
7180 2329
17219 13373
22696 11919
10199 5601
24283 23381
28077 26879
17125 9708
22184 16126
15964 12024
5801 3665
16078 6514
30550 18050
18345 5306
26906 26612
11096 10539
9580 6687
24495 22074
18005 15998
29065 26373
30508 24468
23471 1943
8869 5177
17660 2419
16906 3324
27071 25273
12743 5721
13409 2942
12076 5923
18760 11422
25455 15961
2554 1388
8176 1888
21382 20966
12225 5932
31776 1433
25190 17156
21515 133
13273 10564
11708 7653
13778 11592
12604 2836
7748 294
32462 23795
7979 528
25810 4329
27525 13499
11497 4688
3486 1100
17498 10624
29329 5233
17332 1216
20236 2146
6581 2546
16723 26
23915 14264
21640 13220
2969 2779
18729 1052
13148 3016
18138 9296
22030 6675
23397 411
32363 676
27391 1933
21234 5327
30157 4596
10126 2607
22182 6550
21110 1795
24347 8009
18514 1963
29876 23819
17311 9132
4989 2555
31572 22800
22977 22705
11462 525
278 122
31945 26066
26777 21322
29720 321
5243 4332
6903 1949
18109 17621
30742 30180
5431 3768
30393 28767
8415 7673
30742 7799
21064 8616
5118 214
16233 5069
19648 15742
7840 407
14923 2623
27383 7679
28818 3952
7589 1536
9525 2514
8408 3609
22621 7091
24497 6813
1255 551
6032 2176
7110 3896
20115 6941
20130 12085
4953 369
28101 17679
27148 20537
23864 7581
2718 2304
25897 11693
21586 7982
24976 1073
6783 2316
5395 4618
11921 868
8998 4918
19280 6958
30070 1335
17765 1596
4232 1462
9497 2270
7069 5480
3425 58
8154 2885
5144 2429
17061 5445
28555 11787
32594 20052
7482 4664
9215 3307
26077 10644
5564 654
25254 24425
8176 4156
26566 2087
21240 15496
30770 2769
13840 12080
9895 4130
20599 9322
2027 1219
19918 658
6743 5742
16833 8798
18066 9909
20202 10474
23967 7027
13554 12514
14362 6969
2554 1970
23230 2328
9017 8829
17451 10082
28902 5903
18406 2326
20824 80
6818 2761
8044 3700
29630 3484
39 19
26638 22511
13212 9017
25054 23641
27920 419
23092 3670
30301 14133
14166 9893
8852 316
29836 15355
21478 457
30503 21496
6341 781
13506 90
9286 1690
3784 961
9674 7725
1847 1068
17373 7542
12963 173
15966 14020
2941 1451
31713 1722
2709 510
1617 639
10462 2563
15066 513
11889 4892
12549 5646
29397 1902
7461 1816
29310 17028
12787 3669
23955 21849
17781 5900
1013 479
15652 9082
17020 7580
1357 478
21892 8449
6072 3242
13480 570
21896 3532
23501 13072
14434 8681
9571 7763
7889 3784
6631 1825
14313 1673
22700 13034
21035 19113
32220 28654
4521 4224
10681 7052
20843 15357
3369 1705
13328 4920
8050 3355
10168 1250
24898 5910
24866 19347
20722 1662
4626 519
29707 13316
24310 22204
6666 1233
22472 21202
15456 3333
30774 4435
8125 2163
29441 27915
6798 1828
19619 16538
9413 4607
2356 1931
5336 4168
29070 6423
11788 10543
13232 12015
25587 2370
25184 2742
30515 21710
6165 2606
20362 11938
16659 10769
14095 5781
20696 4246
23227 5410
26295 1503
13351 5233
9667 8054
16535 7431
17390 4114
10552 7047
5234 5156
16550 2397
4464 430
31153 15345
10455 9871
15201 8748
20616 13423
13880 3239
9656 5703
7862 999
7061 181
28963 14051
32044 18401
8840 89
18058 2795
25343 306
6433 746
21804 7699
20334 10607
24332 4274
29657 1313
30701 27979
7901 1404
6078 1018
104 6
11145 10449
6277 3421
13118 6926
25400 10269
27826 25303
31657 10911
12263 11843
31365 10735
24718 10702
5026 2808
6346 2571
14050 4616
28983 15218
14425 13836
2603 296
17330 6842
14908 11100
7886 6671
1538 89
32687 13401
17694 14107
31125 15526
6266 2344
17766 11197
5587 2126
26963 459
19573 646
953 946
1862 1348
15685 10416
28678 13808
9820 3276
30677 19296
954 567
10486 7839
20057 6460
17874 1536
27284 10417
22848 15250
23180 1532
7171 1170
28619 8336
21396 15673
16423 8146
3619 1145
25065 7555
24536 17512
13103 5236
1374 561
12431 6888
4002 1802
7933 1903
31960 30226
3311 1614
25280 14239
28351 14933
3623 1147
23120 17689
15280 1635
9716 594
19924 7509
28301 361
9256 2645
18675 1525
30686 11309
8854 7519
24975 3326
5477 2255
27704 26201
13038 408
22914 8100
2758 773
31558 10489
28715 8929
18000 9648
17128 15992
611 394
16249 14799
15230 1295
6768 4050
22622 3331
27415 1770
31300 18730
10583 949
2552 204
17112 3493
5646 127
2922 1912
26216 5767
3236 2267
26876 18264
30922 3856
23511 22632
17652 13009
22626 2988
11885 2176
9189 3587
12122 6845
26953 26135
9884 1496
16418 8960
14071 2355
9453 2622
8563 7958
18069 5683
7938 1740
19773 13107
32100 29381
32313 8904
840 763
24925 23562
24500 4055
19323 12442
10406 7096
29223 6842
11516 7294
27837 22389
7569 3603
18086 12959
20905 15832
1750 15
10895 8225
20633 14073
23164 4544
400 279
4795 583
28918 15723
23819 15714
13352 5113
9285 1249
3173 1971
12350 6290
25042 7068
6383 326
28609 21018
29907 22921
1586 563
18065 9984
1178 576
28123 544
29156 5775
8086 2008
21942 15513
10555 1443
14069 1807
893 485
25483 5319
30764 1210
25960 6167
24409 7838
18630 3862
14267 11588
6066 3124
7761 3561
11976 6119
26953 16151
20286 3209
27169 8802
4644 1317
6924 1089
8425 3852
15255 6789
22306 8669
8332 3470
12679 3064
15126 10583
11838 6015
6951 1339
605 563
28951 14448
18602 12084
21134 12745
3493 2543
18083 9440
23752 23037
23877 22757
13069 12837
21978 21449
31409 12943
6439 3240
29751 1561
2672 857
12465 3534
29664 917
315 50
4651 290
32712 30048
881 561
5409 4356
7526 3007
8234 5294
28336 10038
8807 7528
28560 3793
5568 2782
9669 8828
20353 11551
16301 8826
5285 139
27310 13628
17236 11122
26836 2217
13738 3030
10683 1793
16826 12773
27312 1646
31443 10101
8723 5853
6146 3516
14847 10252
9175 2941
24110 20963
22892 12419
24854 4081
21156 907
31832 14765
27569 27473
28763 18092
32729 6822
18228 6870
25465 4264
16074 13247
16202 14962
7735 5907
12515 12461
31345 20208
21631 12633
11817 10705
7169 1961
2291 1531
5941 4808
31144 12911
4441 475
14344 1909
10204 5506
12708 5475
15973 15619
15868 8348
29719 22593
24036 3275
32276 14319
2604 2008
2879 1621
21887 2799
5447 4506
25996 759
17121 1874
1892 1859
16212 5820
25379 10565
11067 4856
4819 2198
2694 432
8333 2000
21443 13162
12257 5792
1180 440
22137 657
24480 1968
26616 23012
14150 869
14632 13482
27182 5685
7765 3806
29867 8896
10484 847
15231 12106
26761 3731
29669 15792
12999 12421
19669 4812
14072 4344
15747 7559
24735 2543
7465 6999
19804 12796
26630 10184
23057 4538
21926 1498
2883 279
9317 2237
21699 10133
15919 10647
1165 895
6793 1765
21744 12857
469 294
