1801
20905 9172
19540 1963
24301 10243
24593 19236
10409 6461
12650 9059
30032 21937
2306 2266
5694 171
9153 5301
5441 3653
27769 24640
23384 6521
30921 21996
13498 2722
19778 9242
22042 17771
11465 4958
18218 12320
30524 8474
22110 19630
23385 9054
31218 7663
24539 927
16942 5534
2021 1699
16617 11485
5796 398
2636 766
13873 10871
13016 1559
1460 298
28330 10215
21199 7278
13822 4025
570 468
4851 1900
27562 22050
31886 5505
11512 4320
25344 1779
14463 5215
20780 10885
8902 4811
18276 15950
29535 16110
13171 5767
32014 18185
10721 5583
302 83
17522 15793
8785 4506
18928 11840
27175 12878
810 393
26273 8094
24893 21322
8789 1398
22802 6880
31781 27206
6184 4110
8731 6593
30356 14813
13208 5028
19014 6888
20142 8626
32653 4340
3274 819
6878 4042
12950 8160
2001 211
5917 3092
22892 7178
1585 414
24484 462
8713 4958
13857 12304
2095 1127
12354 3862
15770 14814
18017 3689
9750 3251
26712 23657
2797 733
22851 3116
29888 12163
30856 22335
23734 15024
7189 583
30937 6883
24553 4910
10172 6325
3798 3017
16225 15109
2181 595
17243 8386
18618 12010
17968 2781
29657 24824
31233 10982
3242 1039
13421 3331
14169 4223
27058 1425
11713 3555
25365 5960
18665 13025
13445 6891
17359 6654
13691 8475
7013 6124
292 145
12250 6212
16834 8805
2842 906
19280 13811
28824 20394
18788 2966
6731 1023
1114 262
18166 12250
431 386
32173 29300
939 224
10901 6623
11331 9475
30955 5225
18237 14026
3656 2578
32661 22462
2851 2611
1056 571
29847 29610
24431 3415
27494 10129
1782 1402
21567 8453
25965 5494
21820 7359
25719 23562
19631 6825
14722 11077
9502 7448
31214 19869
10892 1890
14961 7035
17658 9561
15802 172
15406 12833
30292 7112
26803 20431
24526 4874
30241 9001
29465 12388
6815 1035
14897 500
26533 684
18175 17166
6151 1853
4479 3032
32559 29886
286 100
32169 11354
9574 693
7910 1425
25052 23440
17465 1698
4393 138
294 115
25465 6773
3292 1200
31777 7806
27904 17246
4740 377
15788 14451
6711 1491
15032 32
13923 12195
28216 2052
31851 3842
10309 8143
18895 11144
9217 3565
12625 722
32213 31462
17238 2553
24317 20182
13710 12237
583 516
11735 7706
30231 4726
13407 10435
16303 6056
4361 2807
17325 5687
6163 4932
6101 1847
10741 5575
8721 5488
27276 1577
10422 5518
29559 18074
14345 5853
1474 1252
258 31
32449 11146
5456 1714
5183 270
9372 2214
7129 4359
7954 5085
24996 6409
24862 3268
21014 7024
19571 417
31523 22189
29266 16712
10406 2047
13065 5193
8195 7512
30394 8454
16138 11887
25437 23789
543 377
13320 4963
13720 4391
5486 3109
22119 18552
11175 7334
26105 12604
9519 165
13662 7557
32560 12410
27561 5925
24324 17439
19354 2548
9461 5231
31866 31009
7240 305
23111 7877
27771 21113
4369 1948
12234 1311
1956 1558
21240 15215
23911 6546
8779 983
32644 18394
10201 515
6473 6290
16130 1047
25551 11246
318 5
6361 1605
28697 11781
3326 1041
123 21
13579 9442
27437 9867
6819 6390
26265 23176
1064 919
11729 2259
21471 1747
30931 5866
25166 18775
18956 12849
22505 13687
13594 8186
18926 2712
726 160
7822 4610
22162 15564
31821 286
14495 4873
18603 5546
10771 9540
31236 20157
9672 6948
16565 3812
12968 424
19328 2994
27432 1319
11058 4484
7699 2227
6530 129
27785 5372
10045 3683
2375 2308
5536 1570
32041 15233
24325 5631
5356 5250
12995 8417
23609 22215
26703 23379
18911 11294
11687 11464
353 91
29936 7124
19888 6530
25949 17145
14649 8944
21332 16577
26402 10419
972 647
4561 4409
16122 15387
21167 956
30252 8773
5931 661
245 226
26369 3270
13706 6572
24508 2365
24684 4237
2425 269
24391 5429
26863 24852
25370 7381
29356 24771
7577 4089
17313 14335
24016 4306
17121 8000
24584 8081
4262 2250
21742 8024
26261 4951
25586 1965
19779 2203
11502 7755
19191 2654
3336 2490
28594 4944
10969 5186
25196 18799
3535 1438
21409 8661
17615 6219
30988 21468
24607 2382
30387 596
17028 1354
22819 11833
3495 2609
1277 87
11709 7224
16305 2563
18535 5469
13706 8588
4823 3631
8427 330
21301 6609
30424 29510
4417 2414
15543 8791
14905 6726
27480 4987
15357 12013
820 763
23409 20050
13810 6648
18979 5114
18736 5541
16174 11786
5759 305
5982 1801
19631 4671
16532 7865
22094 20792
29804 9253
2411 138
1566 612
1183 12
18338 8994
23887 20111
18968 11215
811 655
32102 2284
31994 22433
29475 28267
25242 9636
18612 12663
14402 9968
31924 2921
3851 1172
13210 1238
3759 2145
12181 5570
19600 4045
32699 6273
5116 4312
10851 5847
943 442
22223 15497
9369 4961
14863 266
24034 8016
19233 3722
27180 13923
605 474
12824 5651
10257 199
12299 5180
30312 26517
16690 12956
4752 2380
1987 633
8475 7753
17030 8276
31142 12060
15765 12982
15801 10032
16480 15421
22255 4891
7411 2104
8279 6068
17532 17196
16153 8558
1287 1108
28253 1978
21645 354
17000 5707
19757 2157
9992 3774
16057 3133
7475 822
31092 85
31723 25685
13850 9047
14436 3950
16161 10523
31081 9212
16191 5174
31228 20440
22828 8700
32573 2327
27817 13375
25997 23718
11457 11305
2290 69
27471 2010
3261 2851
15808 8002
18027 7700
24346 5788
20426 9995
29501 20851
1117 306
3946 2211
28160 4355
11265 931
25807 3392
25487 24434
26181 15750
8967 8021
26529 24357
12112 5897
10126 6703
9216 4126
17154 16591
20328 13650
4455 1344
4048 3544
3065 3011
5635 5193
17519 4657
12559 2745
11997 5501
1862 1580
17113 6970
24712 2413
14301 2950
26053 21360
24812 5441
31165 28612
27512 5046
3850 539
1412 838
8033 3618
12038 5388
10261 5384
14991 14074
20444 8688
16685 12199
6614 6181
3473 3154
18891 14193
17005 11638
23989 19797
16416 7146
16510 11552
3477 579
6666 5141
18536 16617
24696 1864
24651 4887
3749 3046
8617 1506
9202 5731
21385 15158
20808 11309
27828 18130
30553 17877
9242 2610
23080 2800
24690 22925
11723 11539
19233 11638
24687 19272
2653 1490
17822 3046
26258 23380
1725 314
24324 2393
31961 400
29111 4748
22435 1958
6796 4808
13752 915
19884 19526
4646 1833
28969 16702
11052 4491
6627 5807
17986 2323
4009 910
30041 6461
23713 7031
16740 11933
27626 26145
24087 4858
31615 13906
19183 904
25951 4131
1394 1317
1003 14
12472 12336
13711 10535
22058 3140
17316 3628
9098 1601
12437 6342
18996 9384
12609 10023
25507 4954
21921 531
32566 9777
9387 1669
15668 5864
12150 2426
6927 797
24478 4594
21733 1584
1258 1053
76 9
26156 23188
17487 11254
22889 4511
21172 18119
10042 1944
1665 259
15730 6713
19390 12953
29953 1228
13435 10865
28441 1069
24341 12114
19855 10288
4534 1034
19075 9787
12059 11259
29507 18064
26778 8283
2669 651
20835 10244
21844 975
14086 4379
22693 11736
25397 15085
18507 11986
10955 74
11919 860
28174 23476
3716 3709
28209 552
1442 867
7198 1450
12465 8392
17522 8934
22505 12699
15560 1628
9815 4120
30266 338
28802 22203
6437 346
20047 3223
3629 179
3106 2156
6273 2661
14150 12715
25952 17729
18831 2170
13533 8777
14397 934
32735 10453
27172 24785
16235 1276
22794 1412
14630 1955
25169 7431
29973 23302
2774 2012
16552 980
14872 8993
25335 5970
12445 6970
26187 11830
15761 4954
6880 220
30641 28298
14057 12474
32103 4144
14293 406
54 40
26833 2294
8025 3637
12942 715
21927 6455
6212 2520
32442 11268
1527 1438
14160 7645
21497 8737
7409 5887
9136 841
12499 4964
31129 28399
25082 3302
14477 10894
675 114
25155 3636
11491 7355
16663 8356
23180 3089
24329 15673
13392 5450
28169 17781
23593 15188
1394 5
14072 5016
22740 4518
31084 2330
19446 11111
31781 28680
2075 1210
6937 2863
30341 17475
9271 344
17464 5524
6475 2803
21248 10617
18722 13342
15285 6140
1006 493
17854 14970
28395 3050
30676 2389
15171 12883
9736 490
17456 1697
8456 1979
22624 847
27294 4463
12957 6375
4985 2287
26029 4141
9776 8525
16247 8614
17284 1496
26472 335
21478 184
15381 8603
29241 11076
13346 3444
29656 27263
18018 13312
12763 8155
7487 2693
30614 10873
6493 1482
14947 8936
26490 17511
32418 21149
11673 3441
3581 3088
4959 3044
25329 5516
10685 4245
28041 4645
30159 15856
5485 1579
8964 6880
7452 2947
8320 1617
19062 7672
11710 4566
30845 20473
6778 1242
30300 3922
15822 8563
22441 17992
26779 4416
6631 2550
22314 21218
17231 6651
26131 5009
24272 6802
3678 2592
31060 2533
27881 15334
1093 980
22793 13800
16719 1983
20084 8709
7016 5762
11871 2986
4366 1643
7139 2193
5072 949
30629 11657
272 242
16054 7036
6151 2944
20664 161
4362 722
24899 7718
14859 10904
6279 2830
15458 11779
10034 9840
28622 9863
20884 11763
24246 8056
13824 12848
24501 3227
21110 5231
26710 25053
3456 3231
32028 21317
18010 11586
25286 20776
12373 2476
29904 5276
32125 449
17725 2801
7290 2032
27028 22744
3508 2670
6441 4018
5051 3531
157 156
17125 5563
28328 10819
13369 1988
15894 8837
24459 20080
8464 197
24809 5742
12701 10285
11574 7244
27497 24489
31253 12665
29380 17964
23817 8293
19693 11071
26074 2245
28049 25137
14394 918
15759 12445
26792 7272
32510 26473
8341 4926
12913 10318
19909 18194
24953 18186
24825 14461
29292 12763
24523 13688
26981 2824
19929 17725
14988 6735
12581 3283
4504 2761
13756 2223
12946 622
13462 8542
22491 16279
8638 7340
12656 1518
9650 5929
26989 19780
26125 3064
20944 43
16739 13228
8064 3458
621 270
22158 13220
20070 4673
19386 3039
21172 16791
24377 2799
30155 1472
21685 4183
3919 2212
27798 6634
27512 1250
8832 352
7611 4838
13596 13031
26279 14565
23324 1079
12557 1010
18809 15086
27235 12986
28415 28163
14954 2573
2316 658
24079 21557
30101 541
10639 5992
26217 12059
30175 1879
22970 7238
32075 3439
31705 27338
27485 19875
22081 1415
9216 5152
28631 1353
1509 26
17008 12517
11302 908
10644 6011
29482 7013
11906 3310
17608 2749
21875 16874
28591 792
20515 10939
3589 397
14734 13401
16206 1008
16119 6345
14736 8122
23087 20644
30132 16231
276 150
31536 22701
28248 11679
3811 1476
26500 6190
18752 4804
9276 3713
22447 9639
15044 7697
27952 12784
13763 1281
9794 2611
14151 6391
25603 6120
19722 8161
25240 4180
23028 14468
3791 1918
14560 7715
24323 918
31907 6612
13121 2027
29002 17917
168 20
17060 10949
19478 12344
27649 4807
14337 11226
21816 2775
10658 10290
16623 6463
18777 1730
28694 18192
25165 8520
7861 5602
25939 5100
15848 12899
4881 4064
3879 1477
4451 3199
1227 113
28669 19131
3022 1159
24658 21190
8915 1150
9397 7843
25190 22310
31422 1179
23172 18939
1264 871
26974 837
30616 8347
28506 31
3320 2645
1115 585
1189 439
4674 4494
12846 5537
30901 5605
24318 1505
7711 5702
900 492
4599 4130
7057 2803
9286 7141
6657 5914
5731 2217
16285 11085
18689 3911
22848 6887
2924 1641
10553 9164
28688 22270
32753 26897
19003 14286
18382 10708
14628 12183
2134 315
25643 6660
9368 6552
19554 40
22727 10017
22349 130
15145 8066
30438 27549
17455 7553
4836 4334
8678 4837
5949 1300
23182 1701
19434 8853
647 350
23018 21772
2421 415
8585 4129
25244 12949
17890 13823
3212 268
4515 3649
15363 7514
6416 4676
11791 4398
15691 8080
25971 5119
29906 2000
22348 1764
32073 23390
19188 8173
23162 2882
28967 12784
18074 14397
30308 23787
30669 26481
5270 3471
24301 19176
26612 22026
17287 14843
2854 1341
24871 15154
16041 13742
27094 26986
8052 1072
4576 980
12508 915
2267 838
15797 11482
996 261
21690 10785
15660 12958
25647 9077
3252 84
14532 858
32340 7905
25533 20691
2306 460
19536 8521
19281 12813
28750 15194
28984 20810
6150 2861
10005 719
359 340
15857 10909
18020 6057
25862 497
669 136
7294 7090
31803 6135
17790 3817
21531 14048
29539 12311
304 203
25164 7026
6946 5301
14040 4390
14395 7410
27441 14410
25220 12914
3401 1137
26667 17448
12899 4104
2856 1849
17366 10883
21536 20102
2317 354
3210 941
4819 643
9232 3257
27597 3713
1336 903
12872 4161
7491 1392
32566 6432
6998 3588
15986 12900
10967 10535
23628 17225
11546 8777
27713 13789
13885 12149
11530 1401
20816 14162
3545 336
20409 62
6367 6178
10199 1467
26385 4532
9958 9544
300 290
31267 28391
20982 8047
21296 3211
3527 3146
11193 7607
13129 10073
27736 8224
2428 2068
31414 15368
16125 11027
29428 2080
3719 908
4169 498
3258 2080
2284 406
795 760
24884 22588
31837 30975
31229 15491
26079 4793
24143 3110
17467 5178
17531 9712
20019 9937
20807 13511
8733 3149
26680 26063
22202 2330
9764 3787
16574 2654
24461 2828
969 687
22830 9773
12185 3080
28372 2245
15742 12322
7279 5965
526 217
7529 4064
26393 16514
5686 1364
480 410
31789 11198
22913 19393
12182 3277
29110 18751
31748 4870
28095 13633
29413 27632
24477 18967
21591 18943
6017 2297
31293 29530
1924 455
31122 11745
3992 1104
28158 11375
17855 9240
9127 6670
3707 98
4938 3359
6533 19
25738 2322
5825 1675
27272 7725
14194 4481
20147 2405
20395 17057
24034 3649
11270 8275
11168 5433
28567 12333
32710 20316
3619 2165
16976 14690
13966 12768
22889 9560
16787 3198
11720 8559
30904 14782
18751 16749
18816 10212
17297 4332
14562 1276
29061 9009
11002 7986
2616 381
21247 14570
14007 2978
24437 16875
16333 9210
13987 3421
19994 13763
22344 11562
28773 15229
12682 5840
23604 3639
3119 50
7321 441
18959 873
9038 1056
9161 4258
28676 12167
10678 2187
16889 15378
8731 1751
1993 477
6051 1720
390 294
11276 5340
18698 6124
800 714
13452 2043
23015 1572
18290 743
7707 1154
9574 2924
6620 221
15276 3170
1957 844
5299 3102
8831 7299
2538 1359
1652 1157
18388 1453
30023 18306
22623 8845
21346 16822
10098 2697
28944 26627
13765 10328
29676 1786
28149 6467
29850 19143
20440 10570
9396 5665
26126 23585
4359 475
14808 6906
21504 10005
14637 10573
19553 5310
17163 3431
11320 7429
19980 12066
29714 24215
23865 10287
11884 5746
14114 10417
32618 4352
4911 1463
23756 12749
12593 12557
541 261
3900 3833
29997 15758
12729 3521
11970 8611
12727 6932
15243 523
1410 1089
26965 3411
14199 5156
21633 13611
32534 10764
27062 6407
28761 27139
12243 4419
13636 7813
28200 21302
1470 770
741 630
20895 14949
32210 30271
20746 4071
21313 80
28413 222
15170 4350
16934 1758
4373 2666
2041 1853
18149 448
22015 10128
16819 1981
30065 18251
12688 313
7429 3245
14863 6063
32008 8897
32506 22035
20909 20381
26948 1943
28581 14602
14399 10785
32495 25048
13071 9864
22514 7335
3679 872
14025 2856
23122 16017
14558 1867
3260 2637
22714 813
31635 16870
23579 4675
23456 5035
26695 16300
6010 1424
12449 1594
4789 858
29562 28071
11607 9020
14633 9166
7051 1829
2398 712
26010 3091
2739 1950
9238 2734
16516 5779
19545 11838
23297 7618
8494 1439
19841 2204
7117 6077
7962 5509
24845 8556
10606 7325
5845 2962
14791 11603
11731 10968
18535 16724
29553 4440
14873 6885
5 5
24588 13646
21832 4546
10721 10135
16650 6712
15875 241
22564 21875
27703 2631
7597 7333
11892 366
10865 9561
11252 2895
26782 674
29323 20582
14273 8668
23096 1936
3313 2023
18170 8346
25418 16518
15588 15366
4254 3673
31348 4674
21094 6103
3361 2571
9983 7181
5171 4372
18195 6023
9687 3234
21333 6037
2675 1070
2673 1866
16951 12450
6978 6405
2293 596
26438 21589
19506 12276
18768 12788
18301 8330
13437 5966
15103 3196
16233 8956
28756 9043
28579 10169
409 116
22878 16761
5830 1393
26473 2698
3390 911
24417 22117
15781 4809
30245 957
21490 1240
2186 58
28101 17485
19536 12389
29434 567
3413 2686
23678 11139
19209 11177
23905 23007
18978 14359
8749 5454
28305 20293
6775 6383
29108 29030
179 82
18637 17415
5197 452
20403 4671
14837 10023
3015 1050
30266 25177
6954 2459
30298 1246
9261 6725
7000 3089
22793 21643
15184 1857
25553 24055
3336 147
20132 5327
29127 10726
15399 7802
4458 362
1074 1019
31924 27772
2250 598
18918 6805
22352 12546
24463 2781
27127 8162
24998 11839
7548 6187
29910 3774
12049 7913
19481 16589
22170 16234
13448 4832
20763 12384
4978 583
28529 15755
2731 2166
32065 15177
14118 2298
5167 3140
15814 2869
12112 7020
6770 2683
4833 374
25960 4767
23609 3684
723 18
19964 17405
28831 19514
11410 11007
9868 4054
16087 13603
15489 3728
18196 5070
19236 8875
2095 469
15015 2626
11038 2103
29668 4528
6305 384
10157 9929
6961 1612
8285 7920
23859 18769
20915 14284
6002 3403
6881 6539
972 719
28383 15958
26668 14575
22277 6672
19896 12450
985 890
14411 12805
24614 8035
29221 12386
23118 22034
16353 3630
22496 6090
4264 1934
1901 1386
32421 908
1176 590
13240 7965
621 432
1647 952
28660 9579
25394 1556
19205 10304
21949 4507
5469 114
18132 5613
8178 1791
16945 14496
8324 4902
22722 5467
17781 6372
29457 10248
15322 12463
10244 9338
23506 8954
27590 4542
28439 9321
11013 5479
17874 8570
9822 2972
3508 1658
8725 5009
8002 3694
15882 3899
13680 8168
2536 2122
17266 3196
10656 6335
23759 8984
7702 5350
25527 2228
1561 681
29078 24465
27545 20357
11753 8141
28948 9115
1873 910
29522 3291
741 636
29522 27540
5581 2404
23684 3397
15629 6010
31545 26583
18334 12241
14167 7257
1731 604
26449 1016
22682 21356
20310 14440
16625 3467
8393 6166
1116 610
3570 2086
31108 3303
17907 1061
1218 236
27901 13465
29165 6888
25795 16826
8304 4770
31023 15899
13727 1138
17748 637
18763 12416
25765 17623
16531 467
17508 16049
19198 12522
10589 8528
13767 11543
15827 9059
2424 619
15291 4383
9658 8281
1832 1574
20332 13268
19719 6687
25842 14740
31244 9341
11472 440
7660 451
29303 1824
3789 293
25950 10687
24826 9761
28245 1586
1756 926
28439 16270
11558 9556
8222 4854
10063 7132
187 9
69 36
3429 554
864 628
12370 3029
20884 16252
8260 6043
22252 19743
8614 2426
13363 1069
24023 2324
28916 28151
17606 14664
2470 1230
11455 3614
11808 9355
9348 9332
17491 13328
11168 5320
823 443
17656 12397
14854 316
6051 5413
6057 2209
4603 3227
1647 163
17140 9758
28677 4663
23981 8088
32163 1554
6981 5903
10371 642
28400 603
11927 95
16458 7337
16251 7719
8171 2000
30121 12
10811 929
28652 2360
3207 2202
7959 4405
24661 1113
7158 4149
20725 19718
6533 6118
16217 13996
18272 12848
22567 15230
14459 6252
20491 20034
8723 8223
14930 1771
1764 185
11701 1048
8861 3158
11122 1502
10641 213
31906 9671
12463 7984
31174 20506
20916 11103
28835 25181
24479 2421
7248 4889
16229 11538
25485 1757
14567 13538
20822 13957
21537 2464
31672 2748
5796 5724
19684 988
13638 10067
25218 2532
3608 327
30535 27485
32408 19553
2762 1894
27176 26140
15251 6052
1215 319
1909 1241
13791 11059
26143 21266
10183 4387
29165 287
22249 7082
4868 715
13726 2104
24733 3060
14361 2631
11425 5462
23705 5118
28023 10687
995 481
31257 7336
11760 9004
19566 7369
28387 6330
15828 11546
12350 11744
29179 14351
4692 160
25594 13482
514 315
18844 1207
22170 5494
16635 14227
3104 1055
31825 15231
28089 26800
24586 10669
17504 14695
18206 7144
24027 2761
24989 18723
32749 9579
24972 18638
7118 6556
27119 23745
21976 11740
29735 11697
13699 13229
8062 5393
4499 1759
7937 7931
3216 1340
14734 1821
13687 6774
4141 1014
8367 8156
7843 974
3390 3295
10821 2127
27197 5438
4875 2469
20617 19378
15077 6837
17596 13620
30546 6359
21852 7460
16686 1814
26962 2776
5835 3039
21149 4741
17476 5647
31047 23748
1550 651
12952 12487
14800 5068
6283 441
4469 4222
30078 27391
31871 6502
6189 1394
15262 12026
9185 585
21121 7897
12517 5645
19436 3103
20794 249
1035 627
19851 18826
27910 25246
11875 8025
469 207
26014 24096
23382 19441
11294 7503
7068 1584
26559 1874
9098 3312
11660 792
18081 15431
13363 716
28951 24672
19126 9305
29737 1461
10084 623
27826 17408
8968 759
30715 2488
13408 8638
10965 4202
16336 10525
32485 8176
3928 104
10816 8609
1732 436
5432 3379
26658 222
25205 8798
15481 1168
15687 9123
13496 5097
25146 2573
5869 4477
5611 1280
2999 1497
32283 14287
24574 6015
4354 3533
3809 76
3813 2648
10224 316
14827 4039
26012 20181
16429 7519
2027 1494
3084 582
18289 12818
28359 646
29819 27809
22861 17762
5773 2350
5967 1113
8207 1640
16538 12533
2627 92
21668 3714
28026 22729
13412 12805
27016 7572
28263 1395
29301 26866
4385 588
21877 17047
30593 27207
2586 742
17352 7455
9161 2273
31898 18814
30571 4046
85 39
18788 582
17059 5836
6089 819
2123 1770
21709 21126
5453 434
9597 1510
301 206
30894 6080
9615 6531
2611 1494
23300 2264
9811 8092
30756 727
16762 8146
18141 14247
14382 9234
25610 5906
19269 11609
15687 6486
11349 9798
8452 2684
11885 8069
5337 5250
28418 6100
26137 22409
2860 2689
10410 2964
13587 4543
6164 3350
15779 370
3799 794
26248 8805
2050 1504
4182 441
24321 5949
6407 5647
16823 6344
32427 10158
2253 1538
6747 2151
27209 12514
1903 1712
