1971
22766 20605
25648 805
31883 8251
3447 1741
18390 1198
14940 13400
5705 525
19150 10620
13534 12001
20019 3774
24018 19756
32080 30331
8616 454
2921 2737
24946 8429
4777 3876
15948 6283
8132 3714
8745 3563
8410 5655
17874 16980
15263 14043
22571 6356
20153 7266
10936 8843
8809 2518
1889 1003
3182 2029
4978 3561
2854 2783
25574 10588
7159 1377
9957 1215
20717 9073
1675 409
27044 11078
10475 6433
29545 4163
29012 2034
13468 3750
26323 9545
26456 5800
25592 13041
1879 1799
29661 25904
14095 4892
101 90
33 4
13762 4382
29428 25313
16186 8323
27037 6043
16682 14955
29187 2779
13387 10862
9024 1318
1588 794
25162 15205
8992 2422
22994 2774
19698 5335
10604 8718
25462 3727
4081 991
490 184
5409 3279
5565 2211
30349 23628
21142 17109
23477 4028
10136 446
5485 2537
6629 232
27781 22061
10336 8754
17320 9332
7352 4994
4229 1282
28066 19215
28717 2723
5733 4526
23228 3006
1948 1269
14908 7169
5431 4021
26822 21285
1476 1319
23018 605
9965 927
29522 9855
2881 1351
22689 4936
21815 11666
11937 6909
13167 6036
6558 2673
29244 11789
31501 11232
18016 3143
12914 6269
13590 5105
25984 2465
15702 5320
4993 724
9812 9367
30712 18563
5962 657
133 23
23671 20085
23050 13775
32103 21143
22796 21972
2166 1916
16732 6449
14224 372
12534 11028
21050 19958
12841 3173
28886 3146
14584 13311
1314 586
4033 3234
19459 4929
30492 11002
3201 1718
32006 16355
18450 10706
20287 236
16411 12697
3312 57
29876 8611
23441 21443
172 98
17162 1171
30412 11346
5400 2935
9312 4315
25587 17988
23796 11945
19502 13239
13148 4816
5598 4071
17399 9931
28926 158
29748 21956
20754 16475
19284 8010
11275 10774
18546 17815
8299 1923
22977 12960
18089 7373
22806 18384
12759 11857
12710 1040
25474 15689
4880 3304
14042 4664
21918 12186
1810 1372
29639 18620
5386 2221
15609 15059
28716 25780
9622 8495
26260 21767
22589 923
16499 13005
27722 9351
19125 175
26016 24799
29921 23500
24998 5205
1601 56
5519 323
11844 6255
479 31
29728 22818
32554 18581
18875 15942
2079 1248
17868 14790
25798 741
18749 17393
6918 4071
5077 1503
18538 11794
3091 913
18725 17507
15965 2595
20563 2689
22362 18397
21889 6840
7580 1672
31600 16481
11906 6255
21526 10105
604 154
9702 2872
31697 24200
5713 137
1662 293
23949 23121
2272 1648
26517 4002
11636 8463
1649 66
18204 13162
6583 5003
21701 9764
20306 9880
26695 19684
24962 24058
29836 7190
30244 2182
18165 5804
820 148
12281 11083
23696 1476
7952 4978
20222 10593
13775 4189
27761 22226
5716 1551
28040 3788
28900 21023
19544 9890
5331 2880
31851 9538
2212 851
25608 13930
28018 17413
31413 24343
12687 12420
12539 9540
22122 6707
1385 1179
19894 3599
27356 3267
12744 4699
25597 3942
23873 2911
30730 20456
9710 2406
25818 23867
16108 14472
12827 2782
1552 1436
2527 411
16517 14419
31319 3369
2743 1689
1245 529
32624 1511
7736 2660
23105 4712
1052 577
6436 3024
3057 2527
24927 2557
20181 2508
11180 1266
22244 14447
31638 28921
12727 708
9766 8776
3114 1774
27583 26420
15203 4318
26951 10412
22288 7115
9351 2424
18671 18484
14293 8663
30100 20419
24816 11883
25191 21213
30507 6236
31980 24453
3278 171
26439 2969
16313 10095
28159 10218
32074 12276
2818 1884
15745 1156
6633 3611
31074 27174
8574 6335
24731 21724
22139 14634
4711 2207
15253 1111
23986 61
697 464
19582 9765
5014 3656
32389 25090
23387 656
5920 212
18882 7689
16999 5429
8013 3836
5530 546
28879 6461
20160 4871
1071 118
14221 3028
27241 3616
12169 1234
31445 4065
8559 6369
5036 3993
26579 2128
17352 12614
25864 315
16811 3400
21057 16919
21443 20454
2550 1233
3565 26
20874 3713
2103 183
26154 24446
29418 1057
20728 46
11208 8751
18025 5700
14482 9149
5355 1514
19149 7847
26316 18193
12486 10497
23383 5150
22484 3905
15168 14176
17373 11710
19522 15730
8219 8196
2054 81
19744 7746
14919 1835
4120 3746
18996 5184
18255 7066
13077 11452
18419 17536
28722 9536
18714 4655
24560 1770
6 3
25150 12502
20904 1295
13871 9171
15716 2402
23272 15876
25876 14444
30653 5360
22095 2041
3991 2960
30955 27674
921 609
18112 16339
10499 7018
12463 9748
30294 6003
21732 8710
3001 2460
27223 3319
6811 4742
1433 391
28826 6704
6861 542
10659 5472
24820 4278
19803 12766
31343 11812
23486 2611
1726 39
3334 798
398 192
18639 18192
4851 4105
6264 4319
13554 1657
6348 6300
21058 19648
12002 7700
16979 4214
1089 307
18064 8000
3656 3471
27874 7839
9422 7072
31605 238
27653 4194
18878 563
5540 1097
10941 2360
15685 1933
19583 12713
25611 759
12520 8388
20361 1563
9135 5753
20447 12931
20906 18351
12582 94
25932 7797
23567 17713
19564 13703
27078 4286
2887 2106
12061 7613
16585 5344
742 373
16392 10562
17312 10224
25362 3641
24663 7739
31464 15234
26821 4662
202 199
26813 4458
27829 12941
4810 317
21803 4827
32275 1088
15410 2718
31617 6034
11679 7115
17956 7089
4756 2194
4819 625
24136 3261
17171 3379
30726 9323
16187 11779
1657 134
15317 15199
38 25
28230 7099
9530 2517
29874 22083
18054 1159
29978 24273
32200 8508
14279 11164
15148 7124
16620 13343
19474 5680
11655 3934
16146 10445
22408 1851
18749 6650
1333 743
4262 3045
10189 3795
34 32
28011 12598
2123 1570
10798 7343
29131 2293
23703 13086
9431 1263
20786 11058
2553 1193
10617 7268
26643 8335
18933 6767
25505 765
29606 928
830 401
3237 2307
23914 21759
23560 22977
21386 19204
15622 2270
32304 6237
3420 164
11933 924
23278 5000
10628 8545
5298 4836
32529 1945
17098 5956
9258 5837
2544 1555
12533 7073
32279 25714
26778 21803
2127 2029
28234 3945
25578 8699
19328 8314
30429 21997
11142 6792
2409 1248
28732 1760
8442 5665
1045 861
591 229
3426 706
7899 5421
26323 19099
29035 13231
314 51
3594 533
4755 3551
26913 21340
13890 7553
6627 3752
25243 2922
7144 5971
22439 5749
21528 289
27429 18213
23755 22043
21968 1140
23855 6969
26080 8007
28649 27822
15059 4535
23807 3966
28269 5127
10997 8746
20222 11995
19254 10114
3811 3093
26038 13243
3407 2845
2006 525
7244 4831
14984 11334
26620 15132
17331 3721
25381 6798
5849 4877
23788 8188
14583 13312
9185 47
7084 1161
23100 5098
13214 4415
24422 1637
19994 3535
29372 28721
27130 15957
29583 5809
6092 1326
25199 22064
9520 8085
1961 1386
6018 148
25358 24896
14777 11088
18678 11893
16783 172
20613 5660
20451 17694
30509 2111
20571 4542
7540 1379
31821 23452
16632 6083
1248 119
6064 1962
10350 1661
28788 15497
14125 158
31936 20519
19215 10032
26549 13598
14054 228
24160 7895
28876 15122
27967 555
31682 18273
22273 17241
5271 5091
18574 7407
9740 3952
3655 1572
18485 12263
11919 6413
20258 4452
3466 2269
11455 5248
32292 24052
10745 3271
25686 11395
15138 3072
19621 13487
29591 13050
7403 6051
23712 229
16985 13535
13207 962
189 115
21325 740
18177 1996
19625 6367
11508 1858
29330 24102
32334 29405
23823 12805
30446 8584
10157 7733
5221 3112
28450 20147
8376 6773
21039 8
23138 2152
31179 11088
23961 13028
27773 22896
13010 2778
12554 8021
9863 6456
1104 861
20024 5002
9842 2641
24240 17486
821 757
14217 14113
14762 7944
18418 10218
18190 1245
12464 12068
22766 11087
18275 10959
2702 306
24331 5015
4492 3832
31178 944
7617 2969
18412 15500
28776 2661
6180 3830
28290 19762
7448 5425
12921 8358
11296 5837
24835 18302
22859 9356
17737 413
5284 4557
30793 26991
11443 1652
6008 5964
23110 21060
20140 8653
14705 14625
14650 5477
21459 8382
24155 19094
8219 5196
19669 1059
6859 158
6615 6420
23612 22217
18212 1342
20450 2509
21619 9483
28882 14123
22 14
12161 7820
31451 22351
25807 12651
4912 598
30276 23351
7050 1182
3993 372
4103 1461
5498 1498
16210 3073
13706 12378
31431 12670
14248 3906
4567 538
29809 27299
7342 1993
5381 5172
23060 6704
14 11
9361 6600
6143 5396
17109 15563
11930 7983
5974 481
20917 4229
29499 2715
21821 9681
4217 2162
15995 9633
30524 4103
29846 2502
21128 11390
23130 21565
30752 17408
13623 12474
10151 6667
1421 641
17669 999
13351 6488
4620 1594
14597 13870
11100 8950
8030 2609
19587 2006
2789 742
8041 4710
8780 8571
6892 6388
774 300
13511 4709
8786 8080
27320 13255
16245 13589
26338 19782
19270 16749
17264 12597
26864 92
12667 6755
27636 11060
1837 776
30573 21599
31015 9765
8856 7546
801 370
18067 11081
17360 624
22885 85
20493 12881
31295 23287
16691 8066
4866 2288
713 609
13056 10808
9057 3301
1799 1258
11455 11255
4764 1800
18238 17585
3716 1331
11376 1664
4233 258
11525 9321
24698 3238
19950 11401
7796 5106
16578 6471
7776 6665
15200 14837
7357 2022
29398 28809
12448 1498
15745 8280
7928 4334
8310 1976
29463 22807
19489 12565
110 10
19500 18398
12696 2986
28322 3425
18587 17726
9813 6206
29802 13793
27773 8407
24494 8746
26017 8870
7365 1165
19899 10197
4875 2398
28567 881
20825 9252
11132 9350
27084 4757
20750 7754
15048 2880
20595 12344
18748 16871
1717 1364
4135 1115
10599 6856
26971 9215
5516 4496
29569 11296
1460 657
6493 962
29544 17957
7763 1957
10184 6736
21546 9421
16243 2442
24081 1977
9639 8406
9439 5610
19114 12384
24735 1897
6504 2438
23372 584
28765 5428
20697 10306
8629 1495
4212 2491
16050 2916
17164 7797
12879 10087
31505 20224
28451 12059
29051 14640
13447 3660
5133 4671
12027 6364
18651 17323
30662 24324
2826 1051
14301 1781
17623 5775
29190 3173
2778 2260
14397 12873
7308 624
20567 18902
19976 6160
3045 1474
16142 2124
22363 10201
845 620
17522 9513
8162 1256
5066 20
540 278
468 268
21378 4967
23279 2905
20247 1666
6865 5915
31708 18542
6953 2182
28823 784
5506 4861
1235 616
31851 3570
4904 4013
28629 18160
12476 2104
20668 18195
32266 30179
14346 13488
29922 21389
21688 18664
22449 12790
30006 17277
9731 5645
16397 4312
14918 4373
24515 5789
29905 20379
9726 3524
6181 5291
27117 2539
14962 95
9700 2548
28765 26632
6214 2415
5376 5176
27560 12863
21298 21216
10803 4847
21513 6479
74 57
13982 1324
4717 2915
13584 385
27230 26731
6860 1322
16258 9610
28683 20077
7817 138
32412 15272
13394 629
5091 100
16392 1671
9250 3229
28818 3513
13047 1324
12586 191
9510 2786
10571 3204
24473 24012
29649 23322
22437 10205
20828 2129
30863 8212
23029 9266
591 475
29172 14003
17811 11079
1568 1415
24839 10234
21273 2054
25556 18520
15347 8923
31078 8873
29732 23579
627 566
160 117
16185 12628
21570 4586
28423 14626
2926 2745
2302 772
2805 1148
29209 7034
1592 600
21611 9360
12433 2095
31656 4592
7662 4313
23271 19876
5823 3948
8102 4397
25363 17701
30223 670
20733 748
25210 3198
31293 26315
21554 13689
3356 794
21884 8278
7320 1586
31957 18473
15297 1645
892 34
26723 17469
9520 6437
2277 2115
11579 4824
369 169
21679 2505
9302 1275
22000 12560
426 125
22898 14613
23091 18167
8132 2618
14728 1700
3278 1104
31603 3689
30807 8654
16538 7991
26570 21942
5726 2799
5433 2387
22020 6943
26530 16702
32530 8139
16497 8527
4348 10
16967 9453
10240 7951
29946 19365
24911 10878
27357 26284
19053 12235
19265 4771
24538 12680
26171 4962
24306 5568
13736 12757
28434 5441
28527 1892
26108 18686
3334 2112
11133 6424
27704 18238
77 28
27941 4292
11318 3761
12682 4029
22392 9922
24898 4274
4973 4200
6157 2212
22121 5190
24721 9344
28388 2416
24734 7842
12763 2232
6838 1818
26739 10763
26829 17563
16608 5202
5197 2881
18053 2029
12125 6153
9564 4446
4963 4599
15513 7165
10439 8242
17546 1889
23547 4843
3010 3009
25528 11618
3958 3633
15498 9620
29479 391
32142 11956
7041 3467
27258 1841
28804 1237
26335 2795
2785 1248
11947 6562
20647 8293
30706 16814
17694 8177
25070 753
4083 1053
21828 15883
32662 24961
14728 9164
2785 430
9220 5355
5626 4534
25525 16901
32378 31262
3735 3713
13007 4810
29731 17168
22751 7166
6421 1859
18413 1730
8306 5426
22977 21206
17866 16133
22275 22058
19642 9201
745 439
2486 1581
2578 250
26629 3284
22705 9394
4365 1617
7149 3997
6353 3285
29320 28569
21432 7189
4287 1453
14736 915
23410 15691
31186 695
16005 4565
9512 7959
17030 6957
4140 3687
9616 8100
21363 11157
31599 10833
3274 1429
6404 3608
17855 17827
20203 7804
9060 1287
14172 795
17231 2043
6991 124
27109 16267
13028 2886
26073 32
17665 13785
19695 10644
27197 3549
30214 5665
30461 28688
21589 4538
20700 19376
6133 3223
13137 2847
14239 986
10124 457
18360 1446
13216 1618
17034 4072
1255 1001
9685 8250
6562 813
2438 1835
11745 8880
5062 2149
28579 455
28214 4355
15933 3489
8313 4453
30976 30428
29684 1880
8470 6965
17617 8829
21165 6580
25674 3564
22872 9072
28708 19648
25521 5642
17273 11613
6724 5130
25787 5519
7592 6991
5366 4888
12271 9818
25685 18014
3393 1226
28648 25079
14275 5857
11428 10344
15037 9038
25516 18654
10493 6836
17359 3701
23158 3013
11345 4083
11565 6900
5358 1974
19798 10687
14108 12495
18617 4811
23697 8816
29019 17018
30469 16477
21339 8573
25913 1360
16922 5541
2360 1870
16542 9020
5084 1160
18745 4374
10645 5978
14437 5248
17510 11308
24307 7004
30512 19547
32613 19674
30259 13486
15000 5989
2258 1589
12198 8573
18582 645
21258 5357
20854 20695
16645 16051
18262 4360
3905 3029
21709 4215
25013 18809
1835 838
18120 2937
11195 1261
7865 5166
4677 2292
4670 2761
22743 6472
23659 16205
9413 2798
27606 13275
27887 15097
7929 6862
14658 4725
8151 637
31618 14646
8931 7599
25926 2108
3357 2200
24388 5433
17790 11376
1486 85
13718 3591
20125 13386
15732 12832
15310 3326
7878 1486
16426 2837
9025 5861
14506 3892
579 303
7994 40
18871 49
23230 4122
20026 507
20563 3621
26235 23879
6615 2939
30184 9526
1451 728
2695 223
17335 7471
4641 3237
25519 6033
27302 10087
2197 1918
20941 20027
30080 25781
30715 11175
22427 4229
14950 9138
29040 21708
18554 10722
2919 1915
14460 13748
19849 3646
20333 7869
26250 19794
49 10
9223 6871
26096 12346
24588 12344
15805 1093
26585 19013
9077 6094
16358 11588
5610 2444
26916 9373
1601 781
2950 2262
30361 24276
10688 6487
27630 14792
16975 6185
14140 13327
441 344
23015 9798
27158 10127
2394 1987
5071 358
5614 1109
27558 6318
14606 14242
4598 1158
3738 3038
16188 9233
15752 6334
20951 6968
5073 4733
26892 11093
6539 3654
12621 195
24402 24372
17851 5529
3053 2018
19177 6671
27951 27214
9955 309
4122 1816
31343 30295
9291 5969
16274 3488
11922 8091
12630 2465
20192 243
24779 5309
7526 903
6988 4462
25339 13483
1539 599
12478 2955
4784 1800
6909 811
12709 3246
6998 4968
25877 17679
24092 9783
6543 3133
32509 29587
26566 11259
30945 4559
9107 1609
19732 18203
23613 2023
9640 1108
12791 1489
30485 4125
9386 4464
25891 782
16373 16280
28426 19704
18547 1764
9943 1153
20028 11729
30737 22733
18606 2258
16797 5151
8045 5895
18143 2564
17576 12426
15394 12247
17566 6728
29242 24776
28257 17531
25959 5053
31194 9634
13181 4617
20238 3377
15682 11942
21151 7670
30488 22386
23446 2734
11484 1960
13919 4271
15629 3573
22805 4769
3889 3498
11521 11477
18804 3837
4445 911
2451 1912
31581 11807
9464 5445
22384 18822
13351 6090
4035 2066
27992 15273
23558 22447
4709 975
15988 6869
30183 22332
21005 4046
23452 13576
20006 6194
14349 11571
25380 21419
4973 3892
21637 2284
5059 2872
29728 14115
29260 21099
25261 12215
24602 5531
14727 1051
7682 6252
433 95
19381 16347
7191 5618
12845 429
32535 25018
3403 1074
27968 7156
6334 4067
2394 2172
25638 6340
27558 1494
12921 7097
7271 41
26790 14703
6048 1018
20345 15657
15904 9402
11455 136
22460 6824
30634 8576
2780 1793
11383 7804
27961 2734
845 319
4580 1359
3689 426
14475 10491
888 486
504 288
13380 2826
19930 11280
31379 1595
9672 3054
6988 2126
22915 15904
25820 23834
12411 3388
3288 1814
21653 13038
4324 1073
23084 580
7891 4558
2390 510
18448 5057
19560 8796
1084 864
26556 3141
18200 14925
24241 3709
11686 7677
10740 8922
1675 1384
8958 2083
14776 6504
18654 13202
21321 10818
16953 4905
13741 1704
16527 1144
14088 10736
10431 7891
11733 9676
9422 43
12496 1542
740 407
3603 1342
1431 237
15743 469
2412 104
21085 2569
9115 8351
12357 8004
7699 2609
1855 28
29886 2471
23337 3557
14342 8779
6745 2747
30872 16549
1923 902
8296 6315
31452 9553
23797 15791
15999 9924
32462 11356
2576 1608
29269 27780
24992 5597
13763 7437
23505 5372
28780 24200
4923 1561
3909 3499
18190 4934
2723 513
28408 11023
14661 9440
17993 147
21653 8199
4693 2547
4651 4473
10265 1018
30355 26087
29986 2041
17744 26
4011 2408
12832 2520
4614 1420
14210 3911
17725 192
13942 6980
24312 4791
17284 1481
22177 8274
17663 10602
5575 2943
18059 2883
1984 105
9693 4965
19603 11239
31938 20312
4885 3691
27747 2237
24145 15326
11719 2061
14893 11814
2969 2525
9035 1868
10540 5257
9774 3975
15036 9600
31134 155
4855 1216
6221 3100
10683 6246
7610 2244
34 28
27222 3619
1468 719
21222 396
25371 17637
24360 22191
19861 12683
23481 5742
18501 2633
17206 13797
30291 500
17057 8829
25205 16312
23815 1797
24502 7324
29280 11456
26487 5132
11703 11655
6323 5862
7819 4605
15495 14007
372 283
29681 22665
31754 31196
29400 28219
20482 2568
27724 10536
18842 3429
5136 1438
27960 23245
22869 10898
10317 4857
16073 13000
2432 1548
29648 11002
17417 17257
4881 5
602 165
10805 10105
19461 7563
28395 24228
730 711
17712 6489
15183 3253
31437 653
29734 9627
23585 5739
29001 8006
1568 655
15865 11786
6556 679
6695 6351
13252 12521
22306 14506
20458 7534
26483 20000
30345 5553
9733 8395
23942 8916
6282 183
23990 5150
12569 6271
24993 1961
21276 3379
12677 2976
8041 248
16542 9868
19375 3031
24485 20249
2324 765
30871 3981
15900 7722
14263 10570
6093 3675
17878 7834
13841 2835
30674 20981
30555 27884
5981 337
10125 6561
10495 5500
5658 2564
21342 6327
22375 9022
19390 549
13688 7267
27588 22402
5064 2267
21631 21335
19064 5449
17065 13084
15532 5316
30761 12451
11827 7512
24285 23277
7270 5734
18583 185
7762 6840
28773 28525
4121 2736
8470 4100
3477 146
9465 947
63 5
25320 3800
17487 4748
19589 3387
10533 519
452 431
20712 7734
19882 9785
13165 11870
24660 13256
18522 15625
27194 6555
7307 3210
31925 9446
22196 20310
21439 7818
28488 6819
27898 1645
8090 7860
4085 1382
19523 15566
11178 4598
28355 19582
11595 3997
17003 9444
13374 11150
14458 6104
18278 12191
30598 7702
28580 13039
27165 1683
23453 19435
8365 5527
28862 14150
2721 1153
28030 7210
19149 16672
227 178
11020 4015
31560 21889
29479 21871
31837 24564
9977 9411
17007 13734
28625 19651
32490 3377
13592 3395
21532 1232
10292 5422
24635 20020
18347 13478
31146 29811
7564 1275
120 57
15627 9741
26922 20729
17259 9018
25786 2088
24609 2637
18911 10067
10294 6704
9103 8568
14573 7894
2242 2019
28070 3334
8570 6051
11522 5908
32000 5245
4424 2976
7536 2502
28679 955
23671 5365
1277 814
3420 1253
17464 11152
61 19
6011 2993
19100 7685
2787 1130
31002 26284
11466 3413
3713 2539
9452 1889
29704 9905
18120 6271
16083 9504
9034 7884
28346 2626
23974 22963
2635 128
18311 2757
15378 4402
2153 2008
21784 10853
21571 10816
22697 3642
30058 27745
30042 298
11698 4083
3915 2964
13014 2971
16298 7015
18970 12378
28024 21218
18222 7388
25488 23022
29270 26056
2021 1524
6600 529
6155 5781
21077 3589
3833 2524
11084 1562
6157 4267
22940 22818
13136 3042
7736 1760
28412 14032
27584 8410
23099 3195
3933 848
5426 1448
24813 12588
8766 1483
15968 1354
23677 4896
22113 121
14225 11708
1593 895
11424 539
20209 12025
30879 3665
9655 3285
4049 3909
9092 6432
27274 17701
22523 18360
3897 1595
17299 14
32165 14781
15608 11769
24439 22084
17839 890
8697 646
4601 3759
23837 6697
18427 731
11201 2486
14875 2450
22833 1575
8365 2345
2030 587
5839 4588
13742 6836
24209 4542
16547 3853
12378 6761
20992 7549
6535 6427
20922 12410
11860 2724
18315 6520
4864 783
19773 2324
8236 1414
30245 17905
9861 3984
20462 902
5538 4730
24728 9833
2607 1812
17855 7304
1868 1579
22817 4879
24368 16088
32347 19220
3858 679
32243 27953
4681 2055
4507 1633
28850 17702
1460 68
3154 3006
5138 4555
29244 20276
23551 17463
12981 1598
7042 5293
1175 1039
3553 1411
14323 1697
4964 1060
15354 8626
1628 74
15390 2566
24932 5301
6260 5711
6887 1621
15709 33
23010 18704
7781 1941
26603 2486
22635 20283
1139 815
16131 14993
32072 1956
22808 16464
12381 1476
4310 2347
23246 12584
6854 6223
22815 3793
22587 22186
15557 5419
14574 8374
23271 16286
24549 15356
14437 2563
3993 1835
30490 19583
8535 6631
10334 5080
3047 292
10447 3243
15724 6752
26962 1904
19595 13840
18772 3262
17615 8976
26198 6065
4684 2520
1192 679
20611 4958
30068 16228
134 113
7679 3838
27229 778
1068 697
11687 901
1090 285
17796 14197
5102 1360
947 571
13964 8420
18168 12181
1698 693
28865 16795
30893 22852
24072 5706
15137 9060
26491 19396
22443 4794
11483 519
31161 14222
12194 2013
32316 7326
232 219
12460 3259
1671 1211
22861 16811
7038 6004
178 148
3987 1687
3199 3121
19005 18422
6515 5811
5312 925
13989 638
20378 246
26125 1561
5918 3880
1607 10
7007 4873
2452 1501
12111 2589
7714 3383
21288 3366
11149 2909
15883 6178
18853 11862
10983 4751
5234 1110
27805 10351
373 28
3426 1537
6705 5677
32100 24135
16362 15587
5296 1924
23725 8131
27731 3079
9616 1548
21183 592
21051 2643
24433 18708
28071 17963
27089 14201
9254 7905
26458 13090
12964 8603
29946 4176
23340 9139
4028 2516
686 269
16548 13173
23551 6961
16346 5708
17441 10165
21260 6545
13253 10918
27405 14489
27150 6
17602 7336
13464 4857
4414 4385
30905 25965
26924 18060
25094 2674
3949 1390
23065 3679
18179 7065
11666 3576
16430 236
604 24
17842 818
14872 12814
8933 7831
18808 1033
22443 9679
10032 2706
26889 13884
19856 8382
23013 483
15816 5113
21786 1461
6816 2293
15816 11687
23402 6037
6637 732
11061 1656
2874 640
18500 518
18975 13864
30655 27095
22313 19411
24999 1950
22157 437
26895 9849
18949 8052
21642 16382
7386 1442
23264 9761
13890 9117
26629 1112
1517 1009
11851 8039
16091 15610
22486 2077
13424 1036
27728 21388
3530 93
16095 4555
17234 9645
30804 22821
6801 1424
4518 4309
5190 2694
21150 8147
181 120
10451 1817
11841 11802
27353 18156
26173 20252
23478 19766
11264 7731
661 299
29239 19044
10943 5951
14976 8364
8134 3128
21300 2248
31235 10582
10115 2300
3907 75
21959 10566
23486 8019
18 17
30537 6776
2825 278
27340 9495
16118 1170
31221 6707
