3471
30 930
12 -244
-141 -980
167 689
-893 -550
592 -935
-751 854
-914 -461
247 -544
-694 818
-77 -577
704 929
675 -228
-454 -173
-161 -455
-564 875
-664 -651
928 766
565 640
784 186
8 -52
-154 -123
339 26
84 -841
141 656
-829 -891
-46 956
-852 -221
862 523
-616 -377
-72 487
56 -82
-833 274
244 -720
966 709
837 882
32 759
498 880
170 -498
-325 183
571 -152
-809 -236
-692 343
255 895
-664 -689
887 -602
835 -672
384 -534
442 290
16 778
735 -909
-852 113
210 -942
203 -783
350 -662
-965 -947
329 -466
-336 168
-662 -360
-799 -369
152 -688
-431 119
695 700
-130 55
-942 -948
-453 84
-632 36
479 480
-682 -746
-133 -320
-920 -490
-420 704
416 -245
901 887
-781 822
794 -934
807 -459
492 866
-227 693
-408 -210
350 58
463 -25
487 14
452 -923
645 -565
-56 709
384 681
822 568
807 -73
-931 -933
-512 858
-223 -920
76 -217
-959 672
-612 -687
263 965
-601 -126
403 -966
311 185
164 -502
151 920
-789 89
413 -260
976 877
919 -999
818 -965
40 635
64 513
176 -34
-919 -392
525 793
836 678
-204 604
558 261
-355 -65
-424 902
306 -362
461 19
-553 726
660 823
215 538
-886 -769
131 963
430 238
298 17
330 465
-313 -716
-875 520
573 194
906 304
-573 -970
582 -127
561 589
500 -421
-713 -95
889 -369
832 866
943 975
842 408
-110 -842
-622 -759
989 613
578 395
-653 -653
-261 -342
973 -845
-351 -233
-985 -205
-199 -923
457 -807
932 995
614 -212
649 920
839 467
612 386
326 -864
-671 -290
346 -164
-345 422
-346 -256
277 -148
-464 -777
-34 57
-429 85
964 245
244 469
902 404
-43 -490
522 709
891 -444
10 379
784 71
270 872
169 28
-195 -116
134 -907
916 -830
460 -206
-910 37
418 -883
890 310
-675 360
-617 462
-564 -187
284 -223
-796 201
-573 -55
250 352
66 942
82 -33
205 -777
507 508
-641 -158
-377 270
-906 835
-180 69
930 -977
-356 1000
844 -281
741 673
-25 276
200 10
616 -60
106 404
788 745
957 75
-306 -435
429 364
-482 -363
458 466
-590 -805
280 -924
644 745
-231 335
-577 647
-810 867
913 661
784 -529
-80 838
137 -852
253 -592
-782 -342
-599 -506
-813 -931
282 466
413 774
60 852
-832 -926
105 140
748 260
-921 -56
344 -334
-139 460
-284 -48
-957 101
-704 767
-748 -867
-695 899
117 -949
7 760
-949 242
488 -461
-337 231
-981 -504
825 176
-52 15
365 992
-141 838
-984 -493
-996 -298
-950 -118
5 405
-446 -811
745 863
923 196
-720 835
664 717
-765 -320
-272 -788
305 -964
58 -804
-13 -279
424 -904
95 -585
628 240
208 615
-404 252
-751 -458
-866 -77
-452 260
562 -119
565 -40
937 251
-778 532
57 -406
-103 -648
38 -455
568 680
65 -217
276 925
385 636
440 701
-302 -492
-212 -150
480 749
809 -852
834 -559
-176 62
-569 -797
569 313
114 -598
301 435
-795 943
-590 -762
-385 -730
-134 929
950 -257
60 -385
195 -134
942 -198
-479 -612
-361 766
900 -795
-585 797
-551 542
948 -649
418 -188
259 -763
510 -123
251 -774
-933 -771
-343 -519
-37 -784
515 -106
824 534
271 364
-72 -600
704 466
47 653
404 -147
968 -157
-722 388
849 991
-620 -25
346 212
-87 284
236 484
681 -97
41 -520
-729 952
376 -129
967 234
-418 648
-86 944
620 -976
-515 951
-757 -548
801 -487
-584 -204
905 -641
-384 -652
-762 469
-470 850
834 10
-456 -434
575 319
-228 926
-610 -324
-358 837
-961 849
626 -57
-709 769
-262 783
307 -769
-50 235
-920 135
-104 524
-152 -53
718 832
716 883
-962 812
-542 706
-709 -262
299 -88
-827 -25
-907 -597
-407 -742
87 -747
126 -908
606 157
-356 -693
714 -458
811 517
152 536
463 853
-209 96
837 -376
42 169
-963 -499
-840 663
-714 -858
-123 248
250 -495
839 -854
-177 -59
-712 555
-951 -531
-377 84
656 -57
110 931
950 -437
226 27
-539 -518
157 -356
-757 861
-932 -14
997 -743
-25 -97
77 675
916 152
-781 -504
-501 802
-690 -439
951 -471
240 26
467 -524
-742 -472
-641 475
405 -292
725 -285
-36 690
286 592
603 777
-173 1000
217 681
-682 776
-315 694
-835 -312
162 -585
82 605
-190 -11
749 -141
596 772
-612 -888
142 388
216 615
-615 -986
-520 761
607 765
817 -948
406 -342
-251 480
-438 -922
999 -649
701 -450
496 377
-642 432
37 953
459 -455
-13 266
-346 987
351 -849
281 -689
784 805
-742 -946
-583 753
973 431
-919 -470
173 497
34 -426
152 -825
-855 100
-611 261
195 204
7 -755
458 -935
-632 504
402 851
21 -715
-337 461
243 -380
-349 145
-395 -256
-182 -83
579 -129
-684 -211
794 953
613 -938
311 -86
-130 -522
-543 729
42 -98
-550 -220
-807 283
-668 562
-178 -201
-237 439
-441 -621
583 -667
-369 433
-714 -41
-858 308
-964 238
652 583
-189 -24
-736 286
-847 308
-388 431
-492 -41
-900 -33
302 220
-173 -147
-543 862
-35 -977
778 85
130 63
542 290
432 -445
-123 -932
182 944
-215 263
592 253
29 983
-26 38
-802 25
979 -232
-388 -740
951 454
246 -990
13 -242
-810 345
-678 589
-431 -232
586 835
446 939
58 455
642 -498
-378 345
-384 -790
-895 -629
-686 -735
310 -804
533 -327
98 394
-280 -390
94 -554
-588 681
-850 -171
106 833
-212 635
926 36
-766 694
693 -346
905 252
799 132
613 -124
-539 -728
-483 -587
-302 604
108 498
-14 -304
154 -239
-372 812
-808 -210
-209 532
-690 -749
397 -1
900 500
-470 823
-685 236
596 -417
346 -806
-847 -987
-352 922
-134 -579
-547 -380
586 138
-777 790
-619 -549
190 816
-456 682
-329 931
-236 -844
650 441
-277 -888
202 -557
-921 80
712 -234
-818 993
999 644
854 -588
-691 -422
-888 112
47 -963
807 -306
58 675
-739 -293
945 499
523 522
938 -883
45 -462
8 665
447 -862
359 -705
-222 -748
-119 -391
-163 88
484 219
293 332
-312 814
170 396
-590 704
279 -898
-13 -36
296 -661
925 -375
-982 349
-45 -428
-508 651
-433 445
920 -794
464 499
888 882
-278 -577
904 420
300 -847
-440 -434
959 -35
446 -100
436 -91
70 764
940 324
601 400
-715 717
367 276
551 216
-443 -194
-605 873
-866 681
934 -738
393 464
977 -337
-346 668
890 324
585 -260
254 870
650 -120
-291 838
803 852
788 301
584 -715
-71 -967
-380 613
-359 -829
295 -937
-334 145
-511 -534
-560 831
798 -611
-983 -164
-272 568
-585 -809
-561 -475
-871 -713
767 241
809 635
709 709
716 886
-758 -45
188 713
-244 -174
-603 670
-408 424
-111 793
88 -198
-443 126
-884 166
-87 -832
-38 -308
264 287
918 -898
940 -321
976 -499
-137 -503
-159 -465
338 -301
-44 -78
-458 -993
-619 947
-388 101
-181 -261
198 -224
36 319
826 -326
-891 -940
578 -746
-577 -188
629 -494
673 69
724 -919
737 -174
644 -22
-840 529
-385 -485
976 946
-855 -116
575 952
724 940
913 490
483 -5
360 -698
-529 -667
-877 -645
-964 602
-785 740
-647 -578
529 -860
-22 -491
-705 -491
134 -645
242 942
-656 916
-931 344
391 -808
986 608
765 -931
249 474
743 163
137 715
409 801
-157 835
-865 497
-743 -371
-3 -100
114 182
949 949
-750 -545
-919 391
604 -652
87 -322
632 -487
-130 407
-253 -376
-638 -584
25 -213
-220 350
692 826
463 312
-526 -252
-861 407
-40 -210
-622 451
585 -851
780 844
-155 -221
-901 806
274 -724
479 -63
107 -281
696 -740
92 -300
965 377
186 640
591 141
-61 -974
-603 862
537 -973
374 43
-498 -545
-351 -773
47 -321
-579 710
544 882
360 4
716 -816
816 -105
-151 190
564 -646
414 894
-56 519
389 62
779 -950
910 814
57 407
537 -354
-320 -164
-174 -226
676 791
283 547
-703 759
-453 -101
-108 -286
-679 -400
-40 937
-713 -804
114 -290
-465 993
845 -671
-34 -778
483 255
-333 66
416 616
391 712
-809 -286
74 631
626 305
-62 431
-437 212
-797 -493
859 127
-690 -462
-139 10
-167 99
-61 -755
-510 -220
108 489
612 898
955 -75
-923 -633
-608 638
710 261
-302 860
585 -731
636 309
240 398
211 339
-886 903
345 212
-820 428
-44 -315
321 240
-212 350
67 327
871 -531
277 65
-827 755
726 406
187 -16
775 -875
784 957
-153 763
-710 333
387 -572
-570 -861
-16 99
-422 418
-572 -494
-453 39
-296 -551
-402 -169
511 -946
-400 985
-365 -126
548 419
-380 -602
384 -92
416 464
150 53
482 -528
-156 -657
860 305
268 -374
370 -527
113 -213
172 127
582 12
425 40
599 281
-76 -992
485 -210
-103 177
978 -893
852 901
865 19
-193 852
251 640
168 78
-495 375
836 -42
310 -446
-906 -702
-711 354
957 -587
803 90
-942 -7
789 298
-99 -994
975 64
267 -220
-943 -832
128 -696
-749 878
-291 753
627 -928
-431 696
-798 101
-930 970
-499 -381
707 -978
-755 -877
708 85
270 862
361 884
-976 -747
748 179
-97 -686
-192 -748
-461 865
562 -493
680 -227
-559 417
-52 -86
909 222
-981 -554
-670 -598
123 -642
290 75
-714 210
-940 732
-133 -823
591 715
-636 -77
869 -657
821 978
479 284
-198 950
-83 -234
-354 747
-69 -25
-37 819
610 546
38 499
965 900
215 719
-857 158
185 -395
604 307
182 -966
87 914
896 -680
-275 -829
143 -813
588 850
95 -385
431 -547
-299 -94
924 -402
294 -488
-668 728
-249 -53
-887 -238
594 31
-963 -284
-882 640
670 757
731 955
772 257
-591 -819
103 459
-42 30
-623 952
-78 219
776 230
-941 935
-264 -130
607 -736
-702 527
110 -15
-585 -458
788 75
883 47
0 51
603 -994
86 -725
5 74
-164 768
-982 -929
-905 -313
956 -271
-795 726
264 -593
-953 -11
923 -34
-619 258
-60 -79
-480 -443
-114 489
5 968
874 -815
215 693
-337 631
730 -131
577 251
479 -419
-845 376
-765 415
-324 -973
119 18
267 -330
-705 -630
556 -404
730 949
-874 171
-781 99
-246 99
-148 -925
-964 522
806 638
719 3
113 -411
-814 -398
-409 490
-451 -47
-344 -337
507 -704
67 641
949 -688
-151 -237
947 172
51 -437
386 -340
605 637
-252 58
169 -662
619 912
821 -489
-845 600
-120 237
-173 19
272 116
642 116
-613 351
250 724
-137 855
-946 -507
-229 280
123 -380
866 780
944 -225
-677 -199
-339 -902
-253 -437
830 946
-658 -558
37 590
136 682
265 394
574 -419
96 -510
539 729
974 -946
-876 898
828 -270
579 246
663 131
-827 355
974 57
50 -694
266 -792
-80 -385
843 877
967 312
-905 777
883 -862
-894 -128
428 -462
828 -465
486 -671
-963 -881
-296 197
-462 268
-211 -944
-874 52
908 -822
415 -895
-808 -162
190 390
503 -394
-556 442
740 -906
101 438
-364 313
399 767
-599 750
-201 -782
-247 368
-440 323
-820 -775
-804 -44
-648 37
-410 582
668 -618
997 -750
-737 -724
-551 949
199 -447
115 830
282 -570
992 503
581 -401
-862 533
-211 -784
-686 -417
-246 981
472 945
125 -382
390 -497
-506 320
-375 -887
87 914
910 81
22 347
-540 -242
805 -783
-427 254
-94 814
821 -595
894 -997
-25 794
-914 -597
-13 498
-940 -999
616 -509
284 450
945 -62
-938 -239
681 775
-169 -659
-113 -226
430 -190
937 686
-345 -174
-712 949
-301 411
-384 154
386 838
-252 704
774 451
819 -980
-713 -858
37 -938
598 -832
-555 495
723 125
124 200
-370 -702
466 -84
-722 867
260 -349
387 -233
596 -217
-899 -341
-797 -45
665 807
-784 319
383 -813
-274 589
-114 903
311 321
658 325
-588 -270
-37 344
904 -477
158 362
896 -464
392 -25
939 794
-761 739
313 947
-618 860
614 -921
157 945
276 462
901 846
682 -444
300 -708
894 596
-994 28
-108 233
-689 -930
868 468
-536 -877
958 -549
-185 215
782 -553
197 -788
-355 -630
-409 504
-771 466
-828 989
83 961
714 -53
531 -360
-113 310
589 -697
-312 -58
-711 614
909 -589
-140 706
711 -50
217 -169
863 415
-930 -975
-394 -16
-428 -79
-524 -259
-132 -17
-638 168
186 -300
518 -738
-180 837
643 732
-217 -784
-723 688
-554 -730
-259 -160
-958 13
-86 -405
-992 -973
754 -766
-738 -14
-325 -844
285 -473
877 333
236 529
59 605
232 698
-538 920
645 -649
209 -319
875 -528
-877 -187
-414 975
207 298
636 -183
-477 901
6 894
-350 -900
636 -351
-942 -383
32 -122
294 937
601 -561
-934 -752
987 -362
-175 462
-868 632
-529 -10
688 774
613 946
793 -709
32 593
481 -819
833 156
-876 -603
-357 924
-98 -659
-513 -724
760 300
-920 494
290 67
101 -945
-672 758
106 825
933 537
326 845
-624 801
-125 -50
809 -778
672 -516
-998 -262
-769 -810
-385 -420
686 445
-564 441
-778 -72
849 631
725 60
-833 545
-20 968
-424 2
-983 -590
-360 850
-493 -124
390 -301
167 -107
425 -135
662 311
986 -901
491 -780
414 -755
221 -680
401 697
777 494
-286 145
-18 634
-847 135
982 474
202 167
-680 -228
830 -871
-898 605
598 889
103 520
504 -61
-179 -278
-859 -448
901 933
-343 -830
-487 715
-144 -368
630 -537
-359 816
-539 -21
269 936
105 300
-820 -429
-419 654
-373 612
-804 -528
-368 748
846 485
122 -644
22 -168
-462 794
45 -499
610 68
-851 200
760 -537
317 751
409 -740
-176 622
-235 455
956 -977
-560 288
-789 391
-421 942
53 -609
-780 -361
744 807
243 -615
269 -725
-417 -330
-837 -221
-796 -974
-104 29
551 -532
371 -71
356 -786
131 808
556 -603
126 229
-704 544
409 -33
892 -694
163 -852
644 -170
865 -962
-256 877
-72 402
648 -935
860 -371
-786 -960
-724 -858
462 656
-438 -782
391 573
-453 -798
-825 -581
-492 157
489 716
543 -290
894 -214
-704 -260
652 -717
172 -164
-263 214
659 -681
743 -785
1 -789
573 -108
-280 -125
650 670
-516 791
-647 199
-580 -286
883 919
-988 773
-952 -179
-956 143
-772 -530
718 505
-670 175
755 676
-855 850
411 -414
153 339
631 -251
-532 -303
647 -262
942 123
-230 -892
147 881
170 -583
443 502
-556 958
983 710
632 -63
792 188
-299 458
717 561
306 978
-359 -747
-131 991
502 189
-619 517
28 -495
-265 621
-128 -670
-984 -477
158 -530
-457 241
789 964
-927 621
-299 103
529 307
-118 883
-881 595
-315 -271
-972 -903
303 -469
734 -369
446 -578
505 484
-221 -621
184 393
-54 -259
711 -304
879 112
-96 -461
-159 70
-640 -26
424 -190
216 909
-554 864
-750 -788
784 867
-150 848
697 -899
-407 737
483 -868
-991 133
-698 -902
634 371
540 258
-609 477
275 -686
328 859
-512 483
134 424
-477 -870
-767 590
912 -740
113 -335
-665 532
527 604
121 -923
-774 878
234 -834
249 35
725 961
964 178
-29 130
-414 -757
-727 577
-959 605
261 838
919 137
-681 0
-229 377
-416 -452
-381 958
-740 229
973 -276
-577 641
812 727
-559 -298
-7 955
-822 -113
-858 -484
-356 610
577 947
-253 301
573 404
926 -476
-992 -993
-821 -948
733 477
756 -778
320 568
828 522
60 -793
57 -583
-60 -690
-881 257
-516 -744
752 -369
477 978
278 -25
-757 55
-452 499
408 845
-704 -979
-715 563
-406 -323
508 -968
-918 882
351 347
836 -271
-722 549
459 752
651 -154
-354 -160
-817 -46
-411 -917
-471 -598
-406 -957
-277 -325
-376 503
707 -809
886 -91
-359 6
-672 401
526 363
330 -280
-192 -298
373 -45
237 -610
-35 892
302 -373
232 -77
47 869
63 -339
640 543
827 82
-786 -782
30 916
-704 -359
455 -705
977 656
-780 -845
32 -629
245 755
-151 -968
-59 -100
-158 550
664 164
197 -239
-684 -615
481 -701
-993 949
-656 682
-675 -845
679 585
22 851
880 -800
-455 -739
391 -420
436 -888
183 637
399 -873
978 -999
316 -519
467 565
304 398
-267 -19
782 601
-352 969
424 -999
-297 -482
870 662
-269 693
-62 -52
957 -81
281 825
-354 -588
-941 599
56 -242
-99 152
-943 345
-661 805
819 -569
208 -858
-539 341
-422 -945
376 -383
510 -305
273 870
390 -951
202 478
861 767
-728 -91
696 -510
-182 -835
802 -470
791 -187
-674 470
-667 217
-612 675
441 -56
856 605
178 552
502 -312
804 -116
-514 -613
70 -929
232 578
571 632
214 -336
178 988
916 -729
972 -671
-703 408
-271 -295
-437 -551
-510 106
460 859
989 -739
311 215
-61 -931
401 940
601 -916
656 -727
609 -571
-426 -21
982 -204
-422 102
-310 134
-661 324
-64 224
-748 -288
602 961
-819 16
320 -57
680 -76
-459 803
-328 673
539 -676
607 173
0 -972
-833 -327
-289 958
173 592
888 811
436 146
-485 903
719 -913
-521 -170
-828 197
-843 63
-206 537
-972 181
730 -523
-205 936
605 -330
-623 574
-327 -253
-219 497
452 -387
-547 -104
164 -279
-808 597
133 735
-782 914
-823 -559
-653 -421
-420 -692
-634 107
527 158
-85 790
305 -773
460 554
-99 352
-223 309
-249 -892
899 501
-75 -877
864 -574
477 424
-141 -244
66 782
-559 181
943 869
773 669
912 517
-854 256
-588 -155
682 -128
483 329
681 -286
79 -674
-16 -614
-756 341
363 774
-128 690
530 -916
-230 402
857 -108
-238 158
87 835
-140 -494
-633 -35
-164 -100
97 776
178 -490
-122 832
419 -109
253 960
243 826
385 58
-747 676
-88 203
342 -523
-286 928
893 877
326 -314
-364 -932
396 -187
932 -696
474 -70
338 879
-544 -488
732 426
-429 -259
-366 -520
330 884
-540 599
-69 367
-800 -895
-701 769
169 -358
-104 -819
167 300
447 960
-670 -192
669 111
444 875
367 -367
721 -836
-952 -101
-977 360
-2 430
614 978
835 -590
352 300
533 -305
398 303
-314 -304
438 522
905 -938
-898 701
322 -258
-969 -605
-198 339
298 -591
117 481
309 513
357 -401
-493 -594
890 -421
397 -162
-495 179
-638 82
136 183
792 973
-445 272
64 -122
-912 127
-4 254
-485 -266
-112 -463
226 -585
282 -323
774 -672
210 547
-89 466
-705 113
-227 -972
592 508
470 -454
-299 -882
883 -459
241 772
945 -550
130 -971
-967 258
-645 -541
-857 742
326 274
-677 -953
-997 137
-734 847
367 -725
226 -759
285 180
232 -734
230 341
242 781
169 191
-116 775
-719 144
444 -224
-462 -304
-580 -316
-351 648
939 -82
375 -249
339 842
756 -603
-776 -147
-541 3
-554 5
498 250
-312 704
591 943
681 815
-574 551
75 -281
-979 -161
857 811
356 137
-739 -101
-211 -266
-703 988
503 470
759 -843
266 721
-8 237
-942 372
-323 982
-309 443
-337 -376
-403 -879
-880 15
597 -983
-426 -430
-857 -5
-437 216
-11 -194
-602 396
-529 247
-473 -54
-631 -618
998 -847
-19 924
-167 88
934 -820
712 444
-744 -121
241 320
337 198
11 -943
529 166
-949 284
-375 -778
-392 130
-652 -368
-144 -955
-56 -359
375 522
-228 -887
-588 989
-9 714
490 -142
622 -623
200 322
-550 190
319 17
394 52
567 -144
-146 -921
-479 -170
-513 -551
-758 -995
608 691
-411 990
454 532
-858 -851
743 -324
911 99
-892 -218
459 973
-41 -664
508 -232
-21 507
-811 -358
350 777
439 -448
296 -487
349 -358
184 28
423 391
-284 -235
-153 -704
-419 235
973 -955
420 256
-349 -278
560 -947
600 -416
-117 307
558 -380
-80 -445
755 -999
-458 329
241 36
9 -245
-92 -100
301 -684
591 -578
-894 399
-307 -78
-378 -124
808 -720
926 133
-595 80
67 454
-678 565
957 958
-354 455
353 -911
685 532
394 -951
-138 805
617 -856
-699 16
893 783
408 -399
-95 -51
-637 855
-759 -633
-719 752
778 -134
226 677
220 834
302 612
-782 904
315 -32
-140 -146
419 -422
593 -102
307 -404
726 773
932 138
286 465
-550 919
-105 -612
606 -487
-535 920
716 -740
54 406
-532 583
448 -121
465 -782
-98 257
-267 803
-180 -318
-593 -356
134 -410
170 629
-861 -663
838 -791
259 668
74 849
-905 -553
641 -957
-62 -333
672 -711
-285 38
873 113
-240 -885
-494 409
-285 55
-733 -25
-843 301
-958 890
203 -68
463 723
-94 750
398 -798
764 -800
-983 320
633 449
-238 368
820 92
905 -715
883 356
995 -957
-179 -270
485 -171
505 736
788 546
-196 -925
428 959
158 715
-925 819
929 -613
-740 -883
338 888
-166 502
-613 -558
171 -905
463 515
-64 393
739 411
831 -753
637 104
-104 -828
-370 -954
7 -860
79 251
-81 668
637 -560
721 721
533 -273
-464 322
399 -752
-395 -531
666 898
689 -669
-36 953
-297 -469
982 -84
406 920
-807 45
-361 58
940 582
-469 757
297 -58
-846 -316
-629 -753
-932 572
-568 -483
-384 993
-897 182
94 -391
48 -795
-26 -285
718 -778
677 358
-330 -273
164 233
989 -461
991 -954
-324 934
710 -945
-485 -432
645 108
191 786
-987 122
659 -182
543 -140
-792 935
612 -370
461 444
-449 -298
-243 -331
-411 -550
-549 491
3 -392
367 680
-988 376
-162 345
37 970
-565 743
-998 -32
432 628
-788 826
715 599
-711 68
106 774
-277 976
581 -793
-140 -780
526 645
-481 626
-679 595
-218 -7
187 611
563 543
-411 531
728 -788
958 -563
-403 -331
434 876
845 622
221 781
368 925
790 60
-216 -145
-612 282
507 700
850 -912
675 -23
-613 165
-442 322
132 -16
-265 -204
820 -788
442 892
-876 831
520 610
-113 -199
984 -364
-535 173
-360 -605
960 -14
254 542
627 -281
-718 -336
5 -583
680 987
-863 387
-33 626
-262 -309
43 -584
602 55
722 -614
391 -990
617 77
741 -590
-659 680
367 -587
-398 512
916 271
828 -345
-415 -923
63 -670
339 -281
72 -595
249 -320
-985 -961
-421 -707
-973 29
766 656
-435 96
579 -142
-32 743
947 826
638 315
572 -783
-758 276
-888 161
469 255
994 -590
329 -435
329 -637
456 907
-176 -791
-589 -349
251 826
442 422
-630 -938
999 -586
84 490
537 838
-957 949
-686 657
850 295
-400 -917
-745 -419
188 570
-608 926
-683 115
-768 227
-214 -140
-169 376
649 966
-205 950
619 -209
297 -419
957 313
-558 -382
541 421
-266 637
-215 -755
633 -960
-504 -852
136 -73
-203 335
-941 -846
-305 -471
697 308
371 -553
661 -791
644 -535
154 -262
640 156
400 993
819 152
-20 188
-168 -179
-767 50
-428 988
697 694
882 -345
386 -977
-612 -439
-983 852
-658 771
600 -551
59 524
896 -486
-884 -409
-555 -166
444 -462
476 251
-362 3
-250 -436
602 -655
490 165
338 739
-812 -446
-488 -949
704 -847
547 -814
373 -37
-986 -911
-958 229
-841 -205
-534 -411
416 924
624 739
-423 631
241 -10
-832 435
836 346
-210 972
962 690
346 665
-586 -414
826 122
100 506
830 -994
-215 -190
634 518
-825 -839
599 220
-435 -436
-886 657
-647 423
-672 506
-435 782
574 -455
403 760
875 -437
-527 -560
-501 -411
955 748
-774 157
828 954
-578 698
643 607
-439 604
-883 -450
497 218
-138 648
0 302
256 -376
-421 66
496 -148
484 631
956 -765
206 777
-219 122
-140 917
852 965
953 614
534 -258
-498 211
376 752
-10 25
-399 673
42 -632
-541 -671
779 -209
-416 -795
491 791
-788 867
603 224
471 444
787 926
-488 219
-92 962
409 -464
-674 -791
-892 603
-592 -794
530 -343
708 671
398 -575
631 -680
-629 -484
313 994
-501 535
665 113
-949 985
463 -911
-96 163
823 -217
883 411
-431 567
-868 838
-647 -999
735 985
423 283
-422 -257
-89 902
-310 937
-393 -848
353 280
386 277
601 474
815 804
405 -218
-518 -469
-68 711
-834 675
165 -501
-24 299
131 729
315 -300
-290 725
179 -801
-571 308
-341 441
-251 909
-691 -110
-136 326
-899 737
830 -101
-315 -456
893 -227
527 263
442 0
-556 866
451 -351
840 -782
482 344
-221 -547
834 -76
926 837
639 608
-239 -686
640 183
48 47
740 -53
-913 501
462 853
154 250
-64 -243
247 -648
329 728
230 -834
-673 419
606 -681
284 2
-968 45
488 -905
88 -516
858 835
783 -74
670 126
-942 266
-842 -105
25 -108
65 28
887 52
989 871
509 62
-115 300
-658 -666
744 981
1 263
-265 -70
-280 520
269 530
-397 526
-635 -292
821 816
-371 -933
-254 -899
-11 -557
654 -162
246 -331
-523 -772
770 -516
682 912
-992 -778
-976 -275
725 979
-661 -114
754 -258
-27 336
80 572
-384 237
348 456
-674 894
-925 -134
-846 303
508 939
262 -753
-423 699
-359 -881
764 -691
463 390
617 712
-825 -537
-448 861
-245 -734
744 903
698 -197
682 838
246 -754
-29 -693
13 845
312 -351
-536 -800
407 48
21 362
-477 978
-155 -981
12 -398
246 473
192 968
-18 798
-669 -811
877 -639
288 447
80 -603
-770 540
-363 50
785 527
-686 661
-729 708
404 -535
621 956
634 866
-283 264
-114 -674
-599 -634
854 139
-276 989
511 -825
-747 -263
-891 -149
-549 -282
-781 -155
-352 684
-786 -760
222 623
-608 132
-173 -108
389 149
-948 83
-88 -227
659 -720
-260 529
-919 472
-486 -378
-46 -915
781 840
-861 992
-961 574
-788 689
498 271
758 -120
671 179
428 -878
912 651
-454 -949
-4 446
-121 -610
406 169
770 574
-956 260
126 786
176 164
845 -877
-143 693
686 102
904 -108
-649 -664
-821 -161
-623 205
865 652
934 695
-942 -374
28 -936
557 825
-864 838
-186 -309
865 -639
-922 -184
-974 -521
753 -461
-435 866
-202 -801
984 919
634 -545
-87 -610
850 -608
-535 385
802 -761
-565 -107
-472 -773
730 -887
88 2
-604 786
903 587
953 -573
823 94
-991 -82
22 -682
545 -835
-155 -517
941 845
633 448
-406 -674
484 -673
-981 622
593 902
-616 319
915 -911
766 -275
-533 533
266 945
251 224
3 114
46 643
507 -623
868 795
-348 193
-385 -414
-478 -503
912 41
597 -550
959 338
835 -784
893 496
616 -7
826 -562
190 -921
933 -96
123 997
-489 60
941 235
-689 -89
-330 515
669 608
888 -520
-322 717
272 -430
698 824
99 -669
639 183
-55 -65
363 -417
-916 -51
-611 -473
-464 337
457 -277
-496 -811
-434 -72
908 347
761 -655
-155 932
-379 -733
-187 -210
585 -626
399 -431
321 -545
-118 -489
168 814
-643 -788
618 -405
-694 -181
861 279
523 -939
-423 356
638 145
332 -179
752 -187
-561 -444
-726 678
-970 -962
703 369
122 -737
-622 904
263 -59
88 -868
-58 -506
321 -642
-135 409
70 676
-696 357
258 -948
-546 396
945 -846
-925 -745
378 -511
-856 591
-580 780
-684 207
-23 523
770 267
870 277
-72 -978
63 16
246 -713
426 -998
259 -798
995 -795
-633 391
-495 -940
-744 -12
-101 -136
902 -391
-531 618
-346 -537
-648 696
47 664
270 -946
231 -211
137 -150
-516 -181
-385 -226
-495 276
-570 -877
479 389
-281 243
-968 -813
741 739
-247 -604
-21 -925
744 927
-233 438
552 964
296 -592
525 123
-791 67
690 476
-596 569
-644 913
277 -913
366 238
620 646
697 236
-367 -102
10 521
-947 110
-95 304
77 -546
979 -504
-531 -109
32 -306
-393 101
914 690
233 34
-21 -509
536 -239
-997 282
679 -874
-364 631
-570 -348
-81 -722
539 -476
315 481
-734 440
121 155
-715 590
-775 287
713 837
-397 -843
-945 -877
21 -895
-362 801
304 -335
-351 75
482 -787
-420 -71
897 301
494 -275
397 -310
143 475
707 -972
-554 -565
432 103
42 318
-627 -162
565 626
452 -573
-697 -218
580 492
721 -580
-583 5
892 419
760 -355
717 -112
894 -189
107 -368
631 238
-597 655
462 -547
159 806
-761 723
-333 -825
-514 -223
148 -263
542 129
831 466
-590 -857
-2 -40
492 167
449 262
-201 372
-546 671
-274 702
809 -907
-327 -935
67 22
-309 -466
-526 -596
-803 -877
-924 -382
-392 -790
-876 53
-251 411
425 -383
-986 -15
210 -297
193 246
305 -496
-544 765
-934 355
-486 243
-485 374
543 486
842 87
903 -222
192 136
824 -834
487 861
-262 169
757 -859
875 949
-810 -630
402 -513
-628 570
453 -892
-218 -574
-855 -524
-543 -579
-915 595
-398 769
709 5
351 852
408 853
-751 -895
-71 -502
-293 973
566 937
-137 729
307 -503
726 -842
517 -630
308 57
814 -637
365 -748
-997 -626
-670 -399
-497 -892
74 622
-258 -536
-215 378
-502 53
578 -991
974 -905
141 -919
-660 -677
567 -917
616 -777
972 -159
-447 -617
-394 -429
386 -707
-957 -960
493 -889
-296 685
-620 -851
-856 -961
101 370
803 -167
155 -474
911 37
-283 893
152 -686
885 835
-921 978
409 -101
-92 306
27 394
268 614
-329 -618
945 -262
-960 -674
-651 -710
178 -599
869 716
101 -97
-427 -957
438 -984
-368 -493
-138 870
-627 900
-480 -316
-176 -392
348 444
-26 923
-955 -598
862 -835
75 210
169 400
-744 -558
-608 387
-333 -376
200 -148
-713 -622
215 310
786 793
644 718
-499 91
497 -451
174 475
408 870
175 297
-889 573
-691 209
-885 -516
113 -794
-419 262
415 -645
-624 -713
832 85
-761 754
224 -973
358 777
-712 -343
-32 891
265 783
-278 -800
-595 381
706 -508
-338 532
371 -812
-924 283
772 -788
-929 -513
-573 14
-807 -952
-603 -368
-246 796
955 29
-632 -971
-668 -920
549 929
-651 -272
631 -227
490 903
-474 881
-598 -767
-744 379
-645 798
765 748
-644 230
810 -333
-789 120
582 284
618 497
-521 -265
-187 -211
122 -568
-303 575
533 -990
-572 -751
925 994
-889 -821
551 845
621 36
255 522
-560 746
-165 -385
96 -383
782 475
-724 510
443 183
-4 146
480 -853
-619 933
-194 -494
-150 120
-181 798
915 -343
-825 -854
447 -139
543 530
169 -96
275 -718
-243 -252
664 82
-936 236
333 429
289 -338
-481 357
-7 602
-532 -441
-92 101
-200 -675
437 -396
593 -72
-228 666
723 219
-529 -879
156 -362
329 521
173 615
-442 146
774 -590
459 842
-162 -325
102 -619
550 -888
-887 464
395 -969
-490 -204
590 417
425 -165
596 -468
-679 -811
284 66
701 936
-347 -220
383 -215
940 172
402 -355
903 678
787 -785
-829 221
-895 400
302 405
-291 545
964 -516
368 -401
-406 -785
367 131
-979 830
960 -88
-616 -384
602 537
792 -587
-929 -815
-351 -561
-968 816
-835 590
581 558
-616 -34
354 2
-164 -351
-919 -512
-915 972
-998 884
741 307
-517 594
-721 -412
-512 -678
306 708
-455 -436
-125 -403
-129 -33
-550 803
-868 -190
368 730
206 928
574 312
475 -589
837 -231
593 -384
-626 -713
773 -723
720 -506
56 435
546 -718
265 38
87 984
-227 -171
-269 -443
-593 947
992 209
-696 82
98 -247
-482 739
-678 -624
717 -130
-834 -860
-842 18
-44 96
-934 -595
-944 -763
262 89
-349 232
956 330
496 -805
-283 682
-450 -821
825 -399
416 365
539 -474
-892 -713
229 -968
846 -815
631 -279
402 -583
719 671
-300 23
392 -117
-591 469
-157 470
-214 477
-105 719
-653 912
-472 389
-752 955
457 821
235 -504
658 -285
230 86
703 -646
180 -487
495 -558
662 271
-824 276
-937 -680
603 320
-345 739
-564 681
-984 -519
846 -506
-598 -790
-912 824
-857 -741
507 218
-850 619
-217 732
-495 -600
545 -2
-162 -43
-579 350
-210 -328
-389 -671
944 -267
-804 -351
659 -851
-350 731
470 165
-694 422
-96 -138
-440 -701
222 -488
406 -104
833 -338
765 459
980 705
832 -433
94 445
988 -592
-419 -676
-448 -609
781 -252
861 221
59 33
-660 -504
61 322
274 -601
-386 70
-603 -123
715 612
796 16
-144 555
936 -848
720 287
-171 150
-26 -210
848 362
-946 838
837 691
-669 -393
16 309
-744 -312
-384 -579
-954 476
475 -675
-823 289
485 166
-983 -644
622 -520
810 -890
-561 -853
851 -475
-590 -756
-450 -757
-315 -57
-235 -368
-947 119
599 735
-5 415
254 -670
-47 646
-127 301
656 -523
569 907
-631 -80
-91 -677
865 -169
491 -968
1 634
-491 -948
947 79
-680 -573
-4 100
836 -961
330 962
990 -656
-499 -600
-371 -784
-121 -412
630 -880
-446 224
-807 900
131 705
424 0
-30 -177
-661 79
679 -493
-954 728
213 -348
645 -96
518 721
-371 110
-150 141
-333 -366
-305 -788
-358 19
-160 -96
77 475
238 -654
497 691
495 321
616 942
-86 13
5 -617
-802 97
-892 -869
-106 -46
725 -363
158 -197
-83 652
322 133
59 -724
555 855
75 551
393 402
-659 555
-656 -439
-684 753
-877 -621
46 121
577 -559
935 551
-462 -306
221 508
337 -917
-831 628
791 -794
-878 -556
316 -802
170 288
-451 -408
374 383
-52 -801
119 350
58 -2
-662 -684
262 -83
-921 27
-957 813
-228 -741
-500 -940
-312 -812
39 360
-840 722
634 -724
-558 415
401 941
562 615
-741 42
-200 -626
-88 101
-705 994
-172 444
-644 850
-559 22
892 234
-186 575
-166 -317
281 595
211 190
846 -181
442 154
318 -455
891 571
662 -109
609 -806
-379 689
-346 522
675 -137
-18 -591
739 -430
803 961
-729 852
207 -966
406 446
940 272
-817 545
-644 -773
715 -893
-105 -781
-172 -303
-808 -791
-440 138
935 917
-436 -762
-123 289
-79 -455
586 -152
760 106
-497 351
-187 -173
955 576
934 -138
-466 617
912 100
-336 -360
558 638
599 547
-615 359
-326 841
311 321
361 875
-284 -125
-662 648
993 -293
354 780
879 -585
488 54
746 868
-966 573
278 -396
300 561
-757 -656
-956 -400
193 338
727 -160
-838 -449
-846 -490
-173 -745
937 -936
-423 -755
96 -505
187 -731
-981 75
627 577
774 605
84 234
-540 822
404 -400
-87 -439
-409 128
966 -432
-576 57
-856 106
-602 -243
816 -160
408 -232
161 -597
833 211
812 118
-54 -234
843 -46
-349 -17
816 911
-848 181
-244 -188
-908 -372
815 563
222 -810
-845 767
-378 223
-345 -792
-489 245
-547 669
586 -326
451 -689
663 -406
-734 661
970 843
-872 964
-345 -984
294 -693
-209 268
250 -224
350 224
-357 -67
827 867
-10 441
-963 -900
-261 726
493 626
-233 126
-672 678
465 -275
-222 182
404 -770
-254 -975
-353 -43
-848 89
495 -960
888 -884
-233 -531
156 674
837 -7
963 -555
261 271
-189 -126
914 220
-144 626
801 946
-446 903
204 835
313 279
-897 474
688 -565
-907 761
-653 821
-447 37
657 -765
-468 434
624 -153
-878 -274
3 67
-405 591
284 661
266 -147
-781 519
-360 -211
-862 307
-881 531
119 185
374 69
-9 -559
-273 335
-109 448
195 747
-820 -437
361 -451
-490 620
761 657
-290 536
788 4
204 -691
304 515
-936 -371
548 -634
140 -404
216 -101
285 537
-581 18
393 -721
-270 492
-544 -695
-812 -540
51 327
918 -55
590 -845
695 689
917 931
-821 14
-176 381
953 413
-345 -772
-251 -397
-788 357
155 -457
444 -232
592 414
-205 472
-791 441
18 282
120 863
-493 -658
251 -5
439 -194
195 -764
-556 458
-475 -97
81 944
-813 -587
653 -627
169 324
227 -972
-745 135
974 385
-799 437
780 349
-791 -532
-363 -320
-648 970
665 201
367 479
380 909
-144 -668
273 -319
-4 442
-921 -792
555 -189
742 475
-258 -143
824 124
-891 193
217 -694
-193 -74
749 -94
597 -538
-604 986
-506 150
607 -226
-526 -844
831 215
726 -552
323 -290
-118 -517
430 -635
-372 -269
538 384
43 -284
416 -841
323 55
-797 444
-548 -953
175 -198
-606 -159
533 -524
-926 -600
100 857
410 -695
808 185
814 -684
-62 25
506 -747
-101 -377
-484 -26
441 61
253 550
253 -59
852 -666
291 897
201 -280
855 200
522 -186
-136 -704
400 -236
782 -145
