3487
-176 -87
768 -281
993 -542
35 435
-921 190
372 674
821 197
700 521
425 302
754 -723
55 -115
399 219
917 -467
-528 630
217 -691
57 756
-187 -998
-450 487
-305 -255
417 333
-351 449
-852 -41
403 -622
780 91
-405 -631
-30 -503
0 -57
-902 -963
802 -394
279 -150
-102 177
357 433
961 -778
509 485
-413 -500
647 383
367 741
-542 352
310 -109
-349 171
751 59
943 719
-196 -469
-248 -107
-224 491
-806 -98
92 -747
-733 -470
588 724
229 -855
645 -930
-196 -542
891 673
-785 997
292 288
-73 -670
927 779
720 534
802 288
-750 90
359 -28
-721 -598
453 -928
-869 -266
-257 172
526 683
493 621
121 -865
604 366
-598 -482
-250 784
-159 72
418 -319
958 552
-325 447
240 404
-896 -726
671 -714
591 -774
-859 365
736 -793
-641 -366
-365 449
822 620
-310 915
540 -141
661 -117
-616 837
-912 358
-384 -68
749 830
218 10
-478 -172
-191 506
-79 669
-216 678
377 -324
225 -216
224 675
-485 290
525 -375
-243 748
-584 986
933 930
226 914
496 -615
-766 -840
439 -746
-76 811
-257 30
-189 478
-835 -901
-495 -365
-308 3
-709 -918
799 457
-946 311
-283 929
823 84
-608 -412
-82 -340
932 -359
449 211
848 878
-879 -90
-945 -87
205 791
-388 -318
-544 422
-601 -819
-20 -258
731 -935
948 -539
459 698
266 994
-720 758
750 652
-364 -254
898 119
77 796
-354 254
-599 229
695 639
-324 420
62 42
59 220
315 88
518 -6
-90 844
24 -562
314 -341
-657 479
569 923
90 -2
429 -851
213 854
68 -822
-490 -935
-710 879
294 474
-812 -215
224 -422
-496 -320
-406 291
142 435
-940 -521
-658 615
547 -505
-745 176
844 -221
-229 -612
498 -699
988 -238
-50 -404
-660 -274
-606 -598
425 378
-19 797
564 -100
-692 -594
-428 419
54 -228
445 527
244 950
880 931
-941 -278
530 284
-839 785
733 367
361 248
-153 -11
-408 701
165 758
491 366
461 263
7 -46
926 -509
263 -252
65 -117
315 -77
-147 -387
-570 12
-500 -122
-875 -877
-641 489
-850 995
691 603
-577 267
992 -92
290 166
-491 870
-47 950
-570 -212
-449 -71
754 -238
-512 -872
772 -74
494 383
48 338
-4 65
-742 903
102 599
630 -903
416 -372
594 -51
-855 -213
-332 420
563 116
803 -811
-379 849
710 604
-981 -788
-961 245
-909 588
422 -345
71 -236
-217 -639
-695 138
73 54
18 552
547 -952
202 -858
-992 966
-987 35
29 550
178 -939
551 978
547 -778
549 -542
668 -69
823 -51
-899 772
12 -176
-81 -827
-459 490
830 903
300 -418
442 927
-750 -842
-834 -6
-644 -296
302 205
235 -725
-527 912
-305 -570
675 -732
489 397
295 345
-637 -773
-593 -879
433 -290
-20 481
-508 134
-380 -610
995 -996
39 -318
296 -542
144 402
-628 -753
349 128
131 1000
-531 -529
614 -162
13 602
-557 -982
-927 -124
-667 377
980 -978
-973 -968
-674 795
490 -129
872 -44
90 365
161 -374
-318 7
-353 -577
-453 -783
-123 964
501 169
-393 369
-876 -682
527 423
633 52
-435 -106
-159 813
993 957
863 951
-407 70
9 416
-887 -898
-701 491
-402 -715
589 872
401 187
-434 645
-884 101
78 -473
-17 994
678 -650
160 -367
598 524
-411 -754
-182 333
353 449
589 -652
-400 838
-296 -238
-414 -933
-525 -267
10 667
-358 -118
501 958
-294 484
-342 141
-382 248
-124 710
-5 654
689 277
548 -840
456 685
94 640
-707 394
-438 -524
-779 823
613 545
-648 -818
671 -911
-822 963
671 773
-88 432
-441 -687
515 -769
-9 666
-594 521
515 -63
664 306
-412 -19
937 882
880 -118
-739 -990
-23 260
306 59
247 -398
786 78
-635 -813
-128 -13
-52 778
867 770
-494 537
692 164
-95 63
-41 472
-905 -734
-421 661
546 123
691 -284
-264 -427
593 409
-695 -189
118 965
-252 261
-725 477
649 -375
108 233
260 450
-198 -755
-523 -6
-754 -489
-560 439
-659 -51
-136 -368
-50 -731
-837 156
541 130
733 -993
-578 -846
740 275
-608 824
103 41
408 762
-763 797
601 283
407 779
884 919
-826 -187
949 673
-517 -32
168 -676
-583 658
13 -564
-773 -469
-63 571
-707 183
105 -197
700 -272
-915 367
-850 483
-279 887
-17 362
-845 128
881 -717
667 616
466 819
-377 -221
-470 -530
714 -208
-565 -606
520 -615
88 -554
827 -867
-590 -714
452 -242
742 -148
-831 682
-90 -258
561 970
873 650
-936 44
-780 930
-877 625
-41 -344
-116 983
-186 889
-981 -908
604 -726
49 -840
848 -92
740 48
484 991
954 74
467 815
294 908
-505 -543
-684 307
107 -59
-139 -674
-810 329
-630 807
771 -790
-495 660
49 314
865 242
814 145
870 -19
-350 -268
-772 -976
-882 -698
236 112
353 -239
135 775
527 -685
-283 977
513 505
93 617
58 -627
-332 -542
127 -273
-859 757
148 -859
-14 -227
-760 -653
910 -956
-561 282
489 -84
785 289
841 366
-170 -892
331 -156
175 -753
-259 -683
-925 -247
-279 484
111 112
114 631
-357 -599
383 504
748 -378
-471 894
-114 -572
-459 522
926 281
-943 18
714 -495
958 -643
920 -477
-622 -173
103 86
-965 211
-537 -186
-205 -655
202 -747
-649 -810
-760 546
149 -346
564 -229
-358 368
-896 -814
711 217
-943 49
615 118
-940 350
371 -149
-468 701
896 -26
-319 152
30 -837
-392 -80
96 -753
-797 321
-326 -812
-313 935
958 -8
-16 196
-427 -996
-683 572
702 -875
-901 183
-839 -587
172 -715
353 -953
292 -577
508 366
527 914
514 795
693 -341
79 144
-111 673
345 -136
420 -523
481 435
-402 -661
-854 -685
-890 455
491 553
-290 118
-394 -131
-216 -334
-780 784
39 948
-42 818
262 246
413 722
377 560
-651 393
70 -592
-188 118
418 902
-507 -743
124 805
947 863
-822 842
-458 48
678 361
-769 570
-202 717
4 235
958 -787
-741 -862
-457 -467
-264 -380
-915 106
-683 445
-358 -524
-492 221
437 153
-586 -50
24 918
42 55
756 -499
-91 356
646 885
612 -864
-138 197
-189 -841
660 -881
-37 -481
113 669
-483 -640
15 -435
418 -888
-855 92
-145 976
-655 -524
137 604
-164 -714
462 630
766 102
-35 776
245 -951
331 107
342 975
405 467
-165 -367
-460 -409
696 -198
133 770
304 726
836 652
-421 -69
-451 -730
-843 890
-831 359
758 981
-760 810
483 590
155 85
-377 580
-337 8
657 -419
50 -118
-275 946
-746 -333
-765 365
926 -759
816 -172
-244 796
-937 467
615 833
-666 892
-771 -704
-856 -610
-611 444
-818 775
257 -378
-979 -999
318 -704
486 814
604 -253
57 -932
837 721
791 -697
-146 631
858 -855
455 123
86 866
-285 -240
60 225
-489 -374
275 527
931 421
-906 894
689 915
12 -651
-607 -950
-918 -904
48 458
-647 618
-67 320
343 -205
955 -148
255 -240
-829 -173
-904 -386
305 853
575 -140
348 684
612 3
-493 138
518 -913
586 319
190 -308
-120 -467
-772 -137
767 877
-652 266
-855 894
-809 557
757 -943
-158 285
629 -634
168 927
-603 -139
-497 513
27 -388
-741 693
-926 700
989 605
725 115
-438 486
589 -281
971 -155
665 -792
664 66
-912 483
692 -57
-359 726
-280 471
117 103
-273 -417
-494 -461
981 -881
-801 -728
351 -507
-721 -382
842 -706
14 -106
35 332
693 1
554 -314
702 -305
-235 803
-890 -261
310 -635
774 -343
-723 -346
576 437
-532 -252
458 -486
-355 828
77 -221
-796 919
955 -77
-604 -264
-989 802
-381 -286
-108 526
-322 -246
-429 -466
-870 -464
-146 -523
-896 -931
636 844
918 252
-661 540
-498 985
-504 350
-336 890
172 -812
-825 -192
939 -76
732 269
-195 -792
-923 963
937 23
-980 -959
-539 -319
960 -548
-305 -690
-51 -800
249 -299
586 -380
-89 -597
-346 -209
953 -990
-782 509
-361 -307
718 63
879 -395
-892 -729
656 -866
-299 63
229 791
325 636
833 -524
519 983
589 -324
-711 -938
-157 -974
415 332
969 -892
639 -458
-659 758
208 -831
403 -947
946 796
480 651
539 -926
-60 -275
711 -571
665 -538
238 585
-625 618
-732 918
580 91
-94 -180
-651 -860
-651 -412
-650 -217
250 -214
193 984
727 -899
-464 -698
248 -557
-166 109
127 -387
416 -756
-406 -881
-618 312
-559 237
18 -978
663 916
-556 -839
220 766
505 984
-460 -829
-784 301
-613 -512
-279 -329
-813 -870
-927 429
-924 -817
846 47
-815 -943
76 -756
-6 -190
-876 -973
870 -354
-705 395
-611 476
-977 -638
119 707
-103 -458
-410 237
770 357
901 -547
-193 646
862 -592
555 -124
28 -74
70 767
838 -595
-365 865
-409 -910
94 -767
254 -441
656 698
-327 -861
-653 -822
801 -163
-507 -486
-28 327
-659 -416
-251 234
-786 294
-748 150
975 937
-83 999
662 -686
771 -9
793 -299
-983 598
-540 331
308 -966
136 544
675 -713
535 77
-294 -979
-30 771
-735 117
-432 -356
400 746
317 210
-792 -920
855 701
0 917
263 -706
-699 -846
98 380
-529 321
-482 -782
-796 -972
-685 997
-787 -135
375 599
971 952
664 -178
-408 553
-151 -558
-355 806
700 137
984 261
529 371
-934 994
307 981
258 -177
205 -362
-660 475
-145 780
-441 -381
996 164
-311 -853
-608 276
-636 -692
474 -575
-570 -612
525 288
-926 542
-625 461
464 -369
590 -642
-122 -116
831 -586
531 324
20 -984
-848 98
657 962
-795 87
942 934
-99 -198
553 -649
-438 703
660 600
-730 409
-264 565
-16 -448
829 -18
-815 513
-982 -680
258 -824
442 -989
-722 942
-59 425
102 596
346 811
-502 955
-562 348
1 378
343 538
-83 797
774 -223
768 -547
-794 111
-547 309
774 -699
-737 910
-407 387
106 -544
-183 -383
-539 8
174 -291
562 280
865 407
-493 242
47 -113
-994 307
334 -870
-166 -689
209 87
529 -303
-899 -763
-444 -385
552 -911
221 0
-523 -463
-376 -131
-400 210
687 -583
-439 994
-199 -591
-381 -787
944 -638
187 824
853 238
168 -496
677 -772
-315 -895
-664 355
399 -459
318 292
-432 -413
-567 -533
104 -316
809 -939
-593 -796
-599 895
-20 -899
-51 978
323 -540
-935 929
-287 736
-959 814
135 -113
-93 400
360 -745
-27 182
659 333
223 297
-528 281
278 804
-725 -700
557 -238
-414 455
957 -468
191 340
207 448
548 -751
878 -576
282 -104
766 304
425 527
-357 574
-458 -487
130 -400
94 474
256 -705
-812 716
780 981
-500 195
-522 759
390 400
509 675
987 217
-909 922
-120 916
-560 -709
427 902
662 -733
928 -739
250 822
666 -785
-611 845
-605 50
383 -434
-444 793
674 -244
977 978
237 164
108 673
999 995
-330 -870
-48 328
-731 -991
16 -114
986 419
-753 390
-578 81
903 -714
-400 -928
-132 -795
959 -495
583 674
1000 113
614 -24
64 433
-268 227
783 356
360 -641
929 -501
-432 -586
-660 689
-790 -762
-32 -410
134 115
-110 -820
541 866
-776 371
895 562
659 -523
432 617
382 -207
370 -509
569 -887
-320 73
916 -197
62 -573
765 -288
-207 -258
681 887
832 -580
114 479
200 655
165 215
-591 291
-391 678
212 -897
127 905
-665 554
605 -447
-274 365
121 -327
-878 -370
-970 296
-82 -745
-688 -404
-370 -120
808 -527
-857 257
671 949
806 -370
-573 955
200 657
-101 -831
701 -991
851 -701
-420 -892
-266 -659
-748 -450
-641 418
232 872
383 893
41 767
-340 -934
466 34
-530 196
180 -598
-551 254
214 -521
906 305
187 -657
258 -695
-720 149
-284 894
605 76
-641 -780
-120 665
-213 274
456 714
581 98
-545 553
361 670
-27 -209
626 150
-203 746
195 49
89 332
467 761
436 -151
939 902
676 -545
-368 711
-428 915
655 -750
147 -288
-292 -959
200 -337
-87 -135
-960 342
-329 154
989 609
351 -311
655 417
-194 493
848 471
-494 -213
145 -241
-537 -861
-554 414
-207 -649
34 346
-440 -161
51 -116
838 63
349 -42
-784 947
-906 964
-971 529
-523 325
-710 -277
650 328
898 -313
-196 725
831 847
-27 -608
-758 -808
382 559
882 532
858 246
-617 -906
516 136
-188 74
-551 -84
-273 -576
-972 449
-608 -387
-597 -61
131 -176
557 -391
-834 885
585 -172
418 636
-594 887
-590 -136
964 -9
-667 40
-498 195
-228 -683
-884 545
-525 -448
-574 -996
-728 489
-996 496
-404 975
-275 -670
-179 236
746 -97
272 -899
-871 -773
-272 -253
746 103
616 299
-319 -881
-976 -675
425 -326
-87 -665
441 799
-455 312
-460 8
918 397
738 632
-860 -788
417 316
-403 -447
-7 835
-285 492
306 -227
-73 -408
-153 182
-745 -86
-265 335
-245 751
-816 769
284 -254
-869 386
633 -800
678 852
-150 -100
52 -32
-511 978
86 22
868 813
-218 705
-965 -649
599 -451
-693 836
-865 537
479 -674
416 907
713 -145
697 55
-723 977
736 221
440 950
909 -27
883 678
-394 -4
907 -644
-195 -724
-452 864
953 -786
241 -525
-25 799
941 -163
543 100
280 103
583 414
-7 408
985 -741
-218 480
435 -813
252 -25
403 558
-225 -61
271 374
-622 -565
342 528
-188 -849
873 314
303 917
87 -940
-112 -878
-533 -929
998 189
679 151
-261 548
414 977
-556 203
-333 867
569 776
340 -139
-956 -848
-460 972
458 -880
-293 17
795 908
-785 -604
-870 -520
991 147
43 -200
-348 137
96 536
823 -153
-158 555
-224 675
609 -747
-332 -188
-933 887
-563 -919
76 734
855 125
186 11
975 235
-483 145
-406 -334
257 -495
-617 584
93 837
-332 -882
-864 703
-782 327
-866 -80
408 40
-658 -168
-360 -480
-750 -415
-43 -11
-381 442
-705 -94
787 -283
-91 -765
768 -112
1000 684
425 708
223 -451
851 639
-641 759
377 -270
-489 -661
70 427
29 312
483 -639
-853 -991
-993 433
984 256
-638 -965
-634 830
80 -452
-257 526
941 571
255 109
358 371
448 -198
186 -429
889 -523
-709 664
-795 537
40 -11
594 794
-362 -232
496 -738
-878 269
199 476
-232 639
500 -747
481 19
332 -955
-209 -541
-386 -888
937 732
-746 429
-187 -378
342 940
568 -505
195 -841
-432 551
-367 -973
-900 -942
-706 404
177 -672
272 906
573 -188
446 509
-569 247
-368 938
157 899
-490 -85
587 -673
-198 -679
941 605
645 897
-540 134
610 248
88 -559
645 -946
259 -666
-758 -188
664 -890
926 702
790 -601
158 887
63 465
-334 -600
-202 425
520 -393
717 -319
832 -689
-485 -579
-709 676
30 -140
-797 -621
805 -837
170 -36
-341 -223
-941 -736
291 58
960 696
-138 -547
-847 -981
542 814
616 318
144 -215
-20 -854
540 867
885 959
-442 689
417 -229
144 -363
232 409
685 541
165 810
-409 458
223 388
-853 -943
971 957
682 -60
-446 -201
-304 -385
-494 889
881 -286
246 -894
295 705
533 365
908 830
-52 -141
791 66
828 164
489 846
242 419
502 -364
312 -699
387 -731
-786 57
995 -967
857 5
720 -783
-120 180
249 -147
-471 -959
-896 364
-977 547
945 183
-640 199
323 -211
192 -466
431 718
-64 -580
433 -649
821 -612
658 -928
-488 933
545 951
402 910
-810 475
-588 352
277 -584
504 368
339 -106
873 922
731 -431
131 605
893 999
-900 889
668 -13
782 985
452 700
681 -911
222 510
-692 -457
-732 -380
-850 897
275 -54
-145 -957
388 -170
672 389
729 -144
531 -905
537 342
786 -508
-757 -239
849 -136
-862 -715
836 98
77 -964
-258 759
-372 432
511 717
321 -69
652 -349
-339 -674
396 -671
-665 36
438 -172
235 -523
12 294
614 -423
-346 -832
-140 -173
-289 -673
118 -774
497 295
565 -937
528 -709
-359 433
583 -135
-586 888
645 -250
171 579
854 989
-758 -630
289 -969
-921 -877
-523 -903
754 -738
-460 657
-877 -975
939 15
136 225
-809 148
-400 997
520 716
-106 -886
-717 331
702 438
585 585
575 -145
-839 -819
772 -665
247 -484
-589 -770
-183 -897
170 695
390 838
781 870
62 255
-431 -513
680 -172
-730 -386
-562 -968
-73 421
393 752
-830 -70
-99 -797
-634 -995
-765 576
-192 235
-696 -735
948 53
745 580
396 350
428 -444
-478 -682
158 954
-370 90
735 -746
-81 -648
-386 987
650 532
-189 -706
373 -595
129 -674
448 -51
-743 880
680 931
-915 -350
-900 -352
-695 204
508 -76
466 -331
-715 183
-403 -628
590 -696
766 -926
-672 997
-75 -136
-392 127
-503 173
685 -20
962 196
-801 -823
-936 -953
934 454
-722 -370
647 -480
-772 -322
5 701
640 275
155 202
-286 -772
-260 -938
-694 -471
728 -453
-749 -187
-836 335
669 -28
641 495
-476 -868
-606 87
657 707
-406 -590
181 972
243 -380
-720 -478
672 457
-29 721
342 -67
282 184
-308 824
-744 607
920 960
960 -360
678 301
-584 -376
663 -966
-516 514
382 609
243 744
-390 549
-571 -815
499 -436
-72 186
-955 -621
-322 -835
-466 672
-818 -493
-329 -107
-923 377
357 -133
-196 -701
382 489
-634 -588
811 759
-320 -295
-528 566
-968 -919
300 267
857 -386
-782 944
44 785
-876 -951
-113 -713
130 952
-637 -898
-969 -288
168 598
879 506
871 432
520 442
-365 696
350 847
-241 466
116 -370
-322 -410
148 268
-498 331
-362 -227
338 86
161 -257
-877 944
356 -90
868 -216
-831 -921
600 -882
990 868
-332 -84
987 42
-220 -429
-781 733
-576 -711
580 927
-869 836
558 -862
-848 165
-148 -348
-613 6
291 84
377 946
-275 598
-353 -9
-763 -741
684 925
-719 -802
62 -92
561 975
6 783
-518 896
811 307
-30 -238
-945 382
-22 -611
-475 -632
173 337
45 -932
-293 160
374 -221
884 89
1 -892
886 995
-699 126
-443 -994
519 433
206 89
614 193
-502 -957
-807 649
-765 371
-904 -145
105 167
410 -276
498 -274
404 184
-908 148
285 -24
-158 49
226 -312
536 -976
-899 727
-137 49
949 453
-624 -834
517 541
-687 -818
460 499
801 12
-185 316
635 -810
-143 657
861 549
-617 98
-818 143
524 730
-942 -449
-624 -952
718 -977
415 791
602 -901
-533 -541
-950 806
-295 74
507 -598
-211 -860
878 385
117 851
-506 884
487 -295
-910 999
-550 -866
-406 353
6 300
491 893
411 -416
785 -638
291 -607
279 627
-585 -433
80 -121
-30 779
-93 7
-167 937
136 -935
-331 854
-26 431
-10 -247
-151 -481
-391 -180
357 241
835 952
604 -740
-347 -302
-785 733
-257 -297
-89 -692
-352 249
625 224
611 -248
235 556
186 192
929 497
-376 421
-329 -78
911 -769
949 -251
847 293
276 878
-438 -149
299 -388
-200 -579
233 802
990 87
625 -700
-835 -582
311 837
-900 959
-260 883
-138 713
-324 -320
-14 285
-717 -433
-667 145
-607 -141
-791 391
963 -616
-806 -602
-418 559
276 493
186 -262
862 727
-509 172
661 -708
415 910
-54 -354
319 770
-678 95
902 248
-785 -140
-917 -142
-102 -21
255 105
-899 -244
333 -740
202 -511
-491 140
-594 517
904 377
-4 383
882 -629
-86 -21
-103 -352
-179 365
-265 -487
676 -539
777 851
-955 -127
214 -233
121 663
-65 673
809 461
554 577
694 -465
285 -412
346 -449
-244 -544
-464 -551
241 -910
964 -610
-66 712
-836 -51
-252 830
482 -543
-431 -7
-41 189
-628 582
551 -615
-335 -15
188 -966
-20 -348
597 -60
-890 -778
-157 -465
-208 656
-120 -406
338 670
-913 67
340 -662
154 -830
-264 345
973 -311
236 323
766 -404
177 3
-918 -751
331 275
-249 -410
471 197
364 -74
-242 -542
-656 458
-755 307
-347 303
736 -63
-349 -420
-414 781
629 -815
-810 16
901 -977
579 -95
-937 153
290 -824
-778 367
56 -459
-575 -715
-45 623
-988 -875
868 15
-665 -182
-111 506
-89 616
-88 431
582 -19
-333 564
-716 953
-417 -335
-149 396
651 -374
-692 724
769 350
-452 -748
-730 65
-580 -972
882 -182
331 -181
127 940
-179 797
-734 -411
-247 -411
475 889
660 34
588 -644
430 -94
204 146
881 -753
970 888
820 -788
896 783
-783 -738
-819 908
875 -581
545 688
77 -764
-953 953
628 962
725 -234
-117 739
915 -709
745 50
653 345
763 -425
938 283
-943 756
-136 -512
-534 -788
-418 -355
-306 -991
848 751
560 404
-816 -847
353 -900
602 450
691 435
-356 644
-461 708
936 613
-109 -987
-822 -866
571 453
744 750
-658 -76
-179 324
13 422
-188 607
-739 134
757 454
-825 -326
593 983
-301 779
-993 -704
52 -31
899 591
-686 -79
-351 443
475 614
-522 -848
-329 737
-143 875
-146 769
516 361
-949 81
-931 592
302 -668
260 -741
-61 -910
-845 -9
-444 128
855 240
-273 785
-535 841
-393 992
11 61
-611 -119
-125 -375
-565 -934
345 597
-780 797
578 -601
206 3
-231 888
-981 512
465 945
283 -6
795 -930
-526 -80
-40 -337
73 618
894 398
-922 180
443 373
539 -390
59 684
400 -109
-503 -589
-145 -482
825 564
-268 -450
-464 470
497 582
-56 -158
243 -237
-842 647
472 -36
520 332
204 -181
-880 553
678 904
418 -156
101 331
-339 -436
-982 222
-565 -232
980 -236
121 350
495 -116
902 404
907 580
-691 695
-564 -753
-415 -115
-123 37
-613 -5
-604 429
-443 246
253 747
660 730
422 970
984 -772
-219 -855
-572 769
-468 869
-195 -148
913 -469
-957 345
-674 122
320 -438
-213 506
948 -300
-802 -592
-851 681
126 -243
775 -587
59 523
-376 -7
334 -27
121 -457
-336 -519
-604 834
893 831
-16 835
532 -474
334 955
342 420
658 605
-614 506
705 -809
178 713
670 -715
721 920
-654 -571
-584 -575
783 -40
675 -593
-812 -451
823 56
446 -194
-56 -166
771 136
-244 -136
-402 44
530 898
42 -169
208 182
304 722
160 409
-784 153
985 -268
991 -596
382 -225
-700 215
-905 911
659 66
-287 -833
-153 -967
662 288
304 522
925 -799
-416 513
897 -531
486 963
929 215
-633 -435
347 -745
-528 -502
327 226
158 -633
213 155
616 823
-745 620
-383 54
573 963
463 943
131 -690
523 -371
571 -139
-217 -46
-230 537
-990 617
453 945
412 -36
856 -625
792 789
794 981
-76 -779
482 730
442 695
-120 -246
757 915
972 561
658 -110
440 310
-83 -731
-235 -680
-345 -188
-865 -118
-551 456
-728 -721
-998 -648
637 564
-816 804
571 80
985 -300
-145 -580
-217 142
-463 499
-674 26
591 -871
-402 -346
-279 715
655 440
-127 971
911 -664
-321 505
429 -54
-346 816
916 284
424 -842
519 133
-582 -222
368 568
409 -53
-761 -917
760 -315
691 555
-593 -917
-334 -196
259 476
-184 -942
-91 597
-215 705
-131 866
632 773
515 965
620 -927
370 -461
-282 233
-564 -830
-892 -641
795 243
-717 -482
925 63
183 -473
-466 483
-598 783
-941 -692
-378 -378
954 -190
-541 87
275 244
-832 -846
-146 -760
802 649
-270 639
-978 -532
-575 890
-617 -443
-659 736
-761 -749
-952 747
62 840
-512 597
-740 706
-538 263
-178 138
-831 412
-118 558
197 7
508 959
131 875
-627 811
-208 -157
-777 89
-250 389
-758 935
-197 73
-821 -45
-413 473
162 -21
-409 505
992 -922
-845 932
-445 719
-927 -901
-357 709
-952 301
856 340
386 373
-278 930
208 -410
599 -982
446 -137
-710 25
-57 848
-208 -214
423 -895
-765 -78
691 -59
51 155
570 -406
8 146
-921 -915
9 256
-658 648
953 -936
-893 348
-137 -971
970 413
-845 -654
-527 144
224 487
381 -474
-963 -376
-504 550
769 636
886 700
91 -83
858 -92
437 -923
444 661
-484 643
-969 -354
-414 49
-219 -926
-547 918
-710 -237
600 -6
306 -176
-730 -466
90 383
-281 248
-129 218
-469 -928
-952 889
-713 876
821 -237
-373 -245
-171 213
463 -364
-599 94
-142 -627
-693 545
369 -997
-548 -584
-968 174
-47 -727
-790 -904
-517 539
193 -943
41 -875
-923 205
783 -565
493 584
916 984
423 439
765 778
424 511
-69 -623
50 -238
885 -458
-359 -770
-171 28
-603 836
-668 -584
165 794
262 -545
-904 240
-780 212
-757 322
-868 639
306 658
153 -210
199 532
66 283
-763 535
852 -431
802 327
-273 -338
734 -92
-94 -40
-82 65
-906 464
-761 636
971 -473
460 257
885 835
951 205
725 688
152 -428
-120 104
-641 -862
-287 689
-790 -46
918 474
-18 -463
571 -893
917 -177
-512 -593
-292 -165
684 -901
954 845
-921 668
-960 849
826 91
-525 -298
-427 351
-613 171
-524 991
250 533
-63 -571
-260 -735
-424 -78
-686 -276
-642 821
-995 596
959 -920
683 -755
-421 513
626 -93
-626 740
512 -908
306 281
895 554
-971 386
-6 -807
283 -759
-319 -116
50 828
-52 -480
183 681
-526 -769
973 679
295 251
-648 954
232 414
475 437
598 149
38 -643
-236 -314
-627 611
433 -842
-215 -402
549 508
-464 -694
-420 435
868 -61
-699 531
-451 -304
-569 589
22 16
-712 25
808 -586
222 144
-775 -444
-590 -711
-77 -935
-679 356
468 -69
-608 -504
154 499
730 93
-117 828
204 378
-73 -710
-349 621
781 -230
-5 876
-531 654
864 -482
819 -475
624 -599
207 -563
-441 -117
-843 648
-903 296
-792 -160
302 518
966 251
-257 -566
691 -483
-797 641
-683 193
-839 655
435 341
387 648
-964 -39
-265 544
-135 310
-26 -765
403 830
857 372
115 888
-577 -330
812 89
-984 381
73 -46
559 -653
582 -228
-103 137
-672 180
-352 -924
-643 231
911 324
489 860
380 -156
22 -396
-296 -29
-831 100
-90 -859
149 733
493 -551
-47 608
574 137
-743 739
852 -956
-882 -462
959 -789
-244 -553
-145 366
712 856
-718 -763
-906 -461
205 895
-452 -549
267 459
-263 783
182 423
-444 -225
632 -724
53 767
818 -282
-44 840
-217 934
243 -302
-352 -921
-115 -575
-128 -48
-36 178
-463 958
-693 -187
453 319
-703 -951
397 -897
-247 648
503 964
946 504
-182 521
570 637
-190 523
553 47
906 421
-64 288
-739 -612
238 810
-820 298
919 187
653 587
-652 848
824 842
-168 243
177 569
408 -124
21 -941
872 73
-587 -877
455 535
-219 -95
441 524
-446 -656
486 930
-315 -167
198 -140
666 758
138 -290
-80 -226
425 -297
335 -141
-592 -514
-101 798
-649 -347
-341 886
211 945
-664 -477
624 -194
775 326
-389 -990
-91 500
610 -215
822 -969
715 -630
-20 356
580 -4
344 538
-288 907
-541 -320
445 -295
-166 -708
583 -267
-900 -109
-947 -835
-365 468
-59 35
-684 788
497 -799
599 471
319 845
373 756
-78 683
262 710
50 229
550 738
-60 -548
-389 525
362 172
-488 -663
-519 225
303 -925
141 -339
137 735
-147 -987
166 383
-242 -178
771 534
-742 987
366 879
413 516
860 252
-269 -826
-810 -63
68 -98
-219 45
-229 -493
-365 156
297 823
-19 -370
781 -52
682 -603
801 -266
-546 194
276 421
-373 -515
-407 -497
380 822
131 48
386 511
-979 146
187 679
-101 -949
710 -187
-397 -871
-8 617
266 558
-308 386
783 -244
-531 95
776 624
931 136
-658 207
176 296
-902 -927
776 -63
269 32
850 222
-511 -673
-239 -377
674 -533
386 -680
938 -940
500 318
-768 -728
-759 -153
-562 -172
-609 839
-555 618
-387 378
-830 -158
-913 302
125 433
193 -788
-954 -902
476 794
926 167
-782 -317
-921 -43
793 -366
476 643
-38 609
-641 -374
39 772
949 171
-98 484
66 74
-495 -675
-604 -36
481 -568
-512 17
-465 470
272 530
849 898
-456 650
484 404
-661 -27
-569 -140
-255 970
130 741
-138 807
-679 -114
-382 81
436 200
922 -551
282 985
313 334
1 195
654 -858
-58 780
-859 362
941 -131
-90 805
521 -438
-82 634
841 -204
528 -87
455 -896
538 768
672 981
-729 -543
467 761
-568 121
-837 681
978 -278
-229 91
22 -322
220 -795
4 -37
872 -7
-387 757
804 -153
-517 150
-272 210
418 399
767 -338
-189 -4
-715 430
-363 -423
-236 272
947 807
-90 678
-780 -691
296 451
236 944
267 987
679 -400
106 439
63 856
635 59
-733 -172
-809 -599
871 353
-248 450
-631 262
-299 -448
-7 837
239 -60
-587 -976
138 -879
-279 523
-741 -842
610 22
756 -643
565 -121
-559 293
-333 42
336 527
-423 488
723 -405
-358 793
-138 -799
348 -470
479 -241
-605 -514
-135 358
-704 148
-528 -861
-984 -68
986 -753
852 42
554 870
156 -154
-412 1000
-445 -358
-641 -110
-574 217
-945 -934
-796 816
-578 638
-859 415
-945 474
602 -220
-95 -117
-80 -324
948 -74
-252 841
-851 -232
-923 642
-519 -515
-612 -274
-572 911
-968 -897
-457 469
-982 -401
932 24
436 -340
-494 948
240 355
791 -412
-542 -882
-983 378
109 589
-221 977
727 -506
776 276
-3 -67
234 -213
420 146
279 -407
-955 990
409 -10
246 428
938 -338
377 -984
506 -457
-122 -984
721 291
-712 269
228 -422
-24 985
920 -394
492 894
152 428
-338 171
439 -979
269 -154
628 -143
421 -248
-239 430
141 651
-271 284
612 -507
-186 681
-101 -926
-809 -100
114 -637
51 107
-445 218
630 -469
479 -175
-418 811
-598 766
365 -273
919 -441
-163 -530
692 357
678 -101
-331 491
-498 -428
-944 707
-635 589
540 -67
-242 -422
57 -744
-274 576
237 -883
261 -887
-508 -210
542 -743
-650 66
-282 932
-313 -259
-593 796
-528 82
914 316
-98 617
822 310
-162 895
324 -243
438 336
262 594
418 645
484 320
-988 703
-387 887
201 384
182 601
44 -916
580 631
92 162
-598 505
77 923
-830 511
-368 -497
715 11
98 763
903 -597
-619 -860
-590 152
-767 -200
339 609
841 985
-77 -570
-819 -55
862 611
948 -11
-531 -638
486 -975
-144 -272
-965 -88
124 -356
-763 48
-615 -398
367 384
424 -662
691 -718
-681 431
284 166
326 -927
-223 92
293 730
-899 944
612 -255
-241 996
-135 209
965 -673
-337 -409
-984 -552
-717 -657
-202 -175
-402 -68
418 628
226 -855
892 -418
230 -717
544 734
-783 -701
-736 -531
-985 -787
562 187
788 826
-8 -146
-869 -506
162 -38
942 793
-860 -800
460 695
710 294
-196 -601
-560 250
700 52
-845 -873
-951 -891
262 899
-755 493
822 -609
522 163
331 653
-215 623
362 -737
850 -326
575 372
457 323
-408 -591
-131 785
-416 -991
416 -532
80 430
-490 810
-202 -373
-833 715
963 -857
35 -876
-922 547
-895 956
-197 -466
-506 -744
865 -667
-738 376
-114 -851
-228 751
-140 -404
-646 -909
289 -917
160 -472
-8 940
-507 173
-95 956
-633 932
210 -120
-278 -669
-998 703
-797 -403
-814 -100
-766 -114
914 896
-526 -8
917 802
-895 -655
-755 -265
862 -519
-924 -49
-538 796
-631 -683
-371 61
581 -571
493 -706
-864 907
-319 767
-408 -287
655 -20
-277 709
7 294
585 -452
-514 -643
-324 -759
553 131
-605 -101
-69 -15
801 923
238 -234
697 257
194 19
-282 490
-137 392
252 842
-742 492
930 689
706 -81
-726 113
536 -111
-426 969
777 -737
-292 -919
284 2
147 212
-782 390
405 325
-944 -613
-13 306
62 -354
983 114
-226 -811
573 383
-788 221
-961 -631
-551 -364
196 -272
-155 -554
886 688
288 -184
614 603
128 759
-31 -584
768 910
-321 654
894 -742
-288 782
-687 703
-202 308
-227 566
353 13
871 461
524 838
-89 -738
683 -264
-64 795
-558 486
-399 783
533 675
474 -732
562 -429
46 436
-449 -71
-788 -399
403 730
940 -124
-970 -364
906 -138
-424 -174
964 848
35 -630
-860 -829
368 -3
-659 391
-646 605
-298 309
901 844
279 -524
188 456
-505 389
62 121
338 317
-696 887
-420 37
863 428
535 660
916 -210
36 184
-378 -55
-341 296
870 -930
507 -951
-545 462
193 -542
-272 165
-359 -799
335 696
-873 -86
-19 77
675 820
698 -339
-10 -366
24 858
-553 -830
702 417
868 760
99 991
98 -328
-217 -605
-76 -522
386 680
-949 -658
-116 -353
610 -829
-177 -193
-409 -23
815 -788
-230 -206
629 -503
118 -599
367 477
-576 64
-296 183
-398 762
-361 -413
679 952
793 -248
-651 53
335 -393
92 912
-299 804
-46 -323
-712 -254
618 -820
421 -16
-216 -683
-127 630
551 -424
-770 -945
-91 839
-889 -44
-493 80
160 189
79 972
574 487
253 -486
-936 388
-390 -743
-85 -26
-880 -617
-801 -39
-665 989
-259 -876
-688 -856
-597 606
289 -714
-291 -831
527 310
-356 928
-224 908
755 -360
-227 -169
78 776
328 -781
994 -256
930 781
-820 428
-119 -805
-247 -818
612 936
-7 429
238 -271
515 -673
165 945
982 -968
592 301
-475 161
-525 575
-511 471
-205 -764
853 953
8 -235
-846 -560
454 -122
191 -228
-646 672
-514 -989
709 -113
-897 -183
683 -997
327 622
-791 -937
-435 -646
-280 -292
-312 874
-540 -620
-454 -599
-613 -954
-901 717
-456 -155
-634 71
123 -680
-284 -872
574 183
779 692
-119 122
-58 713
-543 738
49 268
-829 -491
715 440
-77 891
-837 -298
-61 122
-898 -964
-139 -622
550 230
-801 -297
627 -11
161 -557
414 522
169 -344
-261 609
-911 -730
651 927
-130 274
722 -710
-296 945
-946 379
72 -729
131 -700
-731 -381
583 -622
-690 -409
577 -446
-746 -343
-927 83
-511 43
510 -721
384 539
306 330
-145 315
742 599
-918 -418
-931 -307
33 -441
34 -994
-910 417
34 386
879 -625
808 213
324 -782
618 -106
-839 -259
-73 -485
-760 361
-786 453
-226 -201
685 904
722 -918
783 -345
-88 832
-924 241
98 21
-803 334
11 -538
-562 185
-237 -777
-589 683
507 756
543 -532
-225 648
71 -519
117 -624
-351 100
-953 -948
-659 -754
562 -740
863 454
525 -923
-830 -721
810 -490
-67 275
957 862
307 923
221 -119
-212 -118
797 783
374 -659
906 12
537 -557
867 574
845 -340
986 -975
-115 -316
525 -598
312 -979
-781 261
476 -579
-792 -432
-574 -707
-232 693
744 94
-660 552
-959 -295
469 693
206 -754
-788 -105
-567 -167
182 -904
-955 867
-296 -484
-57 -434
-513 -755
292 -385
509 869
920 218
-13 -450
602 335
353 138
-670 918
-720 -47
-682 -516
-198 126
968 140
-241 -775
127 -772
-873 35
184 669
-762 -764
-213 512
-461 533
670 329
23 -867
971 -106
711 -340
992 -628
-191 -119
491 -810
-185 -915
882 -995
396 -516
260 886
-223 -953
418 287
95 867
251 56
-29 -344
-182 2
-212 138
801 186
-955 -361
739 130
368 582
451 -477
345 986
799 757
310 -39
986 -214
96 -960
988 -642
-941 483
-917 -144
629 806
-458 -178
106 45
694 451
-862 -236
84 0
343 -290
40 236
248 -18
-857 -533
325 -472
-37 -769
745 -634
272 -670
666 282
-669 -960
-207 951
-791 885
-968 -882
897 58
230 889
-967 767
956 474
977 904
-770 -142
67 488
337 609
-738 654
-457 385
677 322
524 -287
923 -66
-802 -542
-709 -274
767 -60
-998 198
-517 271
860 -810
968 562
167 767
753 332
-246 -925
-991 -820
-933 542
-240 -216
-892 -266
80 -224
-564 389
501 401
-315 625
-490 -887
553 960
279 335
-668 -226
-254 286
-912 122
970 757
884 -236
-850 464
-326 -488
-339 725
195 407
-145 -977
-212 -86
-418 715
-915 71
-393 20
134 255
-541 -561
249 -770
196 438
-362 -144
-512 725
-599 -236
335 775
-204 -461
-874 -769
604 157
-864 790
-683 311
-992 -729
-547 295
-600 -404
-950 588
-218 -424
371 478
291 130
-176 -246
300 388
513 331
-786 -328
256 -809
-974 29
262 -690
124 -339
238 276
-732 111
476 -726
609 -437
-820 -178
-535 -558
27 951
618 -279
-698 -577
-74 138
-843 623
-959 266
294 861
-310 249
-407 -363
251 -693
-353 -904
-158 -791
-894 423
491 -808
52 -818
-588 597
504 -943
-705 661
608 296
-730 -1
-932 315
608 -777
-274 -164
-634 953
285 647
-443 954
753 651
-639 639
-440 134
143 -230
842 483
-17 537
-879 643
-485 -355
391 -532
227 -69
942 -412
549 -11
320 -3
-243 -698
-245 830
-79 -463
410 950
