3366
299 -472
374 142
-790 315
798 772
977 717
2 613
444 107
849 -253
30 503
431 -333
-207 378
-205 -527
876 -483
480 -79
801 -728
452 684
-852 -345
-685 -986
379 -672
737 416
-434 838
930 305
414 -533
947 -621
-514 985
389 15
-589 797
333 -519
-573 -344
-356 -262
-864 709
960 399
-495 298
-408 613
532 -113
88 -942
534 160
321 -45
-913 51
-162 472
735 -887
654 464
873 6
453 -508
946 751
-93 660
792 422
-528 996
834 871
-308 -91
268 -464
-743 -556
225 386
-203 196
693 -405
585 874
-889 -240
-508 653
922 508
917 -966
-738 -422
-485 681
369 -973
253 -46
-424 -602
729 -179
780 -262
893 813
-507 -634
-697 -854
360 59
190 162
-304 -969
-979 942
430 265
-348 595
721 451
-195 -560
756 -941
271 -287
-853 673
757 -923
-149 182
508 -331
-595 -591
496 -801
-655 -678
820 -58
-526 707
-925 -501
-370 -77
521 -72
643 288
-639 689
-727 -257
894 -487
-62 94
-310 53
626 12
14 -988
-2 510
422 234
-41 721
-958 -448
708 -193
108 908
-655 -414
-210 512
-981 -454
320 -172
759 527
-878 323
-683 133
-546 310
-392 -476
-741 -893
-478 -109
-158 -828
-125 -488
-174 359
-593 -47
290 634
224 816
-342 163
-879 56
368 -863
-282 -757
659 373
861 -432
-470 -785
-107 -763
795 -520
737 -615
-932 115
124 -826
74 227
250 609
107 -980
578 323
-812 889
430 883
-22 -223
-289 250
377 697
657 245
-586 -680
-830 -872
-730 157
-622 663
-36 49
-902 644
-141 285
429 777
-400 826
240 -957
917 -37
169 771
-363 -214
-807 -939
12 518
-999 -915
155 57
23 -140
-732 425
-147 166
-54 837
-986 10
886 923
113 527
-407 620
-527 138
246 687
-998 160
923 86
445 -893
772 -140
-834 79
-417 970
-678 -749
-691 -396
-613 478
445 -777
983 -417
-439 -969
-323 -996
926 154
829 -850
-723 95
107 -63
-877 -755
338 -418
-503 -757
-600 292
-917 483
837 875
313 -793
340 -585
447 63
406 -867
693 -8
-758 -41
-9 829
525 616
515 786
865 -545
917 -59
-128 -708
962 452
158 -140
823 669
928 -540
367 -920
350 936
-281 629
-886 -423
258 -10
-865 681
-500 -613
297 991
864 784
-362 210
-840 -729
-128 -427
809 -234
-56 -777
-246 -753
546 727
-39 33
-733 538
813 -926
460 -402
-904 169
196 762
645 990
311 956
-836 -318
529 465
102 -324
-710 146
148 729
-369 -572
846 -719
4 12
749 137
683 21
-936 893
691 258
-945 474
-62 402
-294 -627
-206 343
-113 -434
-917 -907
-298 11
-332 187
493 149
-326 292
922 251
205 -821
325 728
397 560
130 -2
-584 78
-689 -192
-847 -664
210 993
95 -792
977 254
124 -730
-993 476
-855 -904
986 562
-335 -994
518 -251
181 -756
679 407
-46 100
-319 717
66 569
-256 643
71 -91
-457 112
-376 -938
474 361
-86 475
314 -313
-786 961
245 72
-754 -468
25 -984
21 -90
-564 268
337 425
-594 418
201 397
-598 -357
-561 769
800 -588
-315 -662
-110 231
463 797
-224 -859
733 -979
212 976
-506 -332
-451 -597
708 -127
-307 673
-190 -842
850 -810
-794 -320
-267 272
-562 99
-604 -316
941 923
832 240
451 628
487 444
-850 -492
608 -863
467 -178
-183 678
-949 215
176 -755
-690 692
-733 464
-176 -774
-648 -742
-769 -540
301 904
344 -605
-82 -739
141 663
168 -378
504 -656
-287 611
-804 -828
804 -47
-15 -994
14 -664
-948 27
-998 552
928 -700
45 -942
-745 716
-735 856
-721 552
-909 -108
166 -561
-213 42
195 135
-721 -978
-310 -36
503 756
-498 239
-961 -902
693 3
415 -586
445 -378
763 159
624 -734
826 -724
-583 578
-234 303
436 564
-903 721
984 178
-542 -277
-764 -946
-773 727
-741 -639
715 -821
-368 -541
186 -110
-800 -936
857 777
-574 -881
302 -755
559 187
225 -379
-158 -818
168 -911
223 -776
802 560
259 -396
70 -845
-800 -723
442 -812
709 148
243 -300
-160 -511
81 -72
260 587
-202 -46
-136 473
-550 239
246 -956
321 -845
622 -285
-665 183
462 -156
-319 -561
164 43
-748 -932
813 -179
834 677
373 683
-343 -412
-66 -947
970 547
-915 -12
827 -653
-280 975
-36 -656
-512 -456
-359 967
526 -457
724 627
815 -525
113 -277
736 839
223 -164
-600 651
906 -698
233 -257
-974 744
-203 -490
138 331
80 -666
752 -273
714 -702
80 -984
106 -924
647 647
714 540
-71 -679
-219 330
994 769
881 556
621 805
-84 182
-810 -87
-760 965
-128 142
119 322
-873 952
326 247
339 771
-934 -108
450 -924
940 -337
467 -705
228 -434
-253 -516
902 -220
456 633
720 -563
-530 303
-289 -262
149 -77
837 747
-616 -380
940 -880
812 862
247 511
-547 832
-226 -812
969 339
-666 -646
-903 870
-158 396
772 -182
-644 714
194 -192
98 204
-511 -75
-255 -583
763 905
-237 101
-174 -45
-999 221
-544 21
-217 450
769 111
562 807
-482 -75
-262 -69
-439 656
280 -778
938 -794
-585 -108
-884 281
-205 979
359 -367
-637 -707
-196 -791
118 453
-653 -678
127 -526
677 602
-112 877
-807 835
-311 602
751 -60
-611 776
-402 616
41 -982
654 -999
916 -542
54 -189
-331 257
-588 -184
136 176
-738 -169
-369 668
-869 764
730 819
161 -409
-316 545
-562 -276
-141 266
-378 -657
941 -746
127 -485
315 -354
-258 -745
-336 9
-592 -536
567 661
-343 293
-594 967
509 813
245 -270
-288 -631
-459 120
350 562
-463 882
937 801
141 495
-41 57
-895 638
105 197
765 -516
25 338
-870 -978
-229 -438
693 460
-415 -538
-661 -222
684 994
899 -90
-314 -195
15 888
-671 -712
97 -210
46 122
-323 139
-627 -250
-861 -157
-872 -116
-710 -559
-370 608
860 -77
304 222
-413 -566
702 -904
-937 116
-256 997
-602 390
-171 -21
-448 410
-84 167
-136 -307
99 672
923 934
-253 816
-514 -826
-728 -418
-439 -877
-221 797
-154 243
175 -971
393 697
755 19
-307 -206
-980 466
-622 317
-40 214
9 843
-685 -163
236 525
-685 341
-866 -217
595 -788
-650 -555
752 -773
-53 821
-171 -512
-625 -465
-345 174
-276 -188
272 149
-960 156
-420 -751
664 511
374 -236
-370 -625
736 -301
-605 666
437 -590
907 801
-560 -256
-837 855
-359 513
-908 -36
-989 -435
-548 -234
503 -852
129 -734
-962 287
-642 -82
178 317
-518 -603
242 -141
100 759
264 -567
431 -513
923 612
509 -125
-93 864
445 776
-207 -902
885 -722
650 160
-706 -27
232 -392
595 -637
-352 -687
-473 -42
305 -949
362 -856
786 952
-214 790
217 -640
-22 -290
939 342
-764 -851
903 -899
238 276
-31 296
78 223
528 -780
-147 212
-744 -858
-674 -117
-971 309
-500 -637
268 983
197 -81
274 779
-695 -269
601 697
-911 -447
-354 700
-833 -238
-267 12
-150 485
-304 -69
-409 138
258 614
-666 684
918 856
-189 641
990 958
-56 769
141 -611
-334 680
309 -205
987 -692
-737 -943
-159 -658
-772 180
-663 -382
-98 -490
-762 652
693 -120
-936 97
412 716
566 665
-448 -811
-567 693
-892 -258
750 838
727 -389
-726 -504
624 290
-597 161
367 552
627 -532
483 -244
-28 -892
155 -492
923 241
350 410
13 804
570 100
-334 499
94 -346
-780 325
-394 -231
119 -885
74 553
-26 434
-762 -239
-367 -965
-825 501
-823 856
251 946
-856 229
742 952
-623 -342
212 996
-997 915
-349 670
-819 332
716 310
585 -146
-715 -739
-119 -549
-679 -219
395 777
419 -695
-788 -608
909 523
550 -139
-469 160
-375 435
198 364
395 -340
570 365
-752 -412
-160 -920
793 856
-599 327
428 -895
-192 542
-456 140
-483 224
181 -250
72 678
93 -376
-940 41
-66 646
-504 -732
923 839
973 -421
246 660
-919 -119
222 722
734 157
-568 527
978 547
-160 957
478 -653
397 -736
-762 267
-682 -537
-693 939
-313 412
162 -348
722 780
-782 880
-26 726
97 -144
-752 740
-4 -39
917 523
-871 717
331 -717
477 25
-853 646
685 258
-872 -758
950 622
-451 620
-501 -588
824 34
-237 868
-24 -272
-210 565
-696 118
299 674
346 -866
108 850
-270 -136
-444 -662
-536 -622
-521 -733
-516 -952
-162 427
855 -464
365 253
86 -462
-698 640
773 682
-614 145
-818 287
-77 960
-769 -992
-222 860
573 130
-774 398
-181 778
234 -746
9 426
684 184
221 -578
-833 294
-45 -780
-140 555
325 -18
123 682
265 136
-916 -949
989 632
-443 -462
755 505
-137 813
733 -762
-417 -636
152 -696
-330 223
168 686
-904 535
-456 -304
-299 -996
-897 18
-438 -390
833 -295
397 908
315 -737
411 92
764 -970
547 224
629 -544
478 852
-48 -631
-619 135
-736 -726
130 856
-516 269
-47 573
-677 -209
511 -760
-545 -743
-352 -247
-654 -467
862 610
-319 -495
-11 -771
-325 -34
-112 -146
-423 -538
-735 8
-485 -568
-973 17
-697 -300
449 -586
-895 604
866 -468
362 513
-980 -692
729 841
-860 524
-518 -350
-393 -770
-216 377
331 618
252 647
-990 -37
-92 -752
-668 426
-110 -100
-117 -595
-613 -862
-228 558
842 -120
632 556
-680 -804
871 915
-803 640
447 122
612 600
344 576
864 -556
-832 -154
-832 652
-322 604
-811 -690
-345 -772
-994 537
-845 807
-456 -312
-995 977
184 910
-611 -722
-780 -428
727 -935
485 -380
783 -263
590 756
227 307
-998 338
407 718
807 -782
-433 986
84 -375
799 110
476 -281
-172 852
128 134
351 453
71 534
-939 948
246 261
-712 -708
-499 -752
-925 953
-681 -389
952 -184
640 -560
586 -113
-587 -775
-566 -518
-227 -18
-45 187
-295 558
965 928
93 -2
-462 689
-292 -349
-485 545
262 -497
-232 192
-223 -386
297 -174
249 943
848 -669
-937 -766
411 -251
-141 404
-125 720
-326 475
455 839
222 -573
342 -758
-335 -11
671 912
128 795
761 161
240 260
-94 789
-519 -616
-343 750
549 -309
-438 455
823 -398
-451 -246
-996 952
829 899
291 973
362 -250
-883 548
-482 -543
-285 -150
-16 258
-454 -699
-901 -73
-919 -590
-52 841
-108 -898
-961 950
-192 416
-201 -447
-58 -805
-353 538
-44 -522
116 -307
807 904
-401 893
-536 84
-540 381
-182 329
444 -958
-848 823
595 27
-209 113
-991 -228
855 -395
154 -819
641 413
21 998
696 -300
-403 744
455 472
-295 42
-521 -861
-852 -7
310 -761
61 -883
854 877
404 -468
219 -324
730 800
291 -613
-226 663
68 422
-153 -66
-345 160
893 605
-474 509
-746 -622
151 -963
946 -786
-906 1000
854 -288
-524 -484
-951 308
-638 -951
-832 330
877 663
987 54
-441 109
268 -117
-967 -239
796 -986
-613 -193
604 252
0 -438
380 36
146 -349
510 340
-334 910
440 571
380 -674
-851 770
892 -972
-711 -559
35 -565
-482 -509
391 401
498 666
991 -539
-27 129
907 420
147 -892
723 306
-961 -913
662 377
-949 -966
640 675
-489 176
280 -936
111 -126
319 -873
612 592
649 358
-874 -175
425 712
823 887
-657 -767
-352 -588
-479 379
928 -309
299 998
360 -793
-746 802
-889 717
-422 -260
-713 433
980 827
581 -407
-682 904
-558 179
-942 32
-293 520
372 617
-87 126
-253 -106
520 -465
998 -532
712 332
-921 -751
-106 207
377 248
280 228
-903 637
-757 86
-730 768
141 521
-303 -732
426 667
419 342
-393 -7
49 -355
177 115
849 244
387 -624
-822 169
-950 -656
-834 -765
25 -667
-345 341
-500 -529
-30 598
318 -166
-338 -659
-438 312
36 398
-366 718
820 -970
-495 575
228 934
65 876
824 -751
-676 -297
-976 -730
324 -149
453 957
738 -132
242 962
239 -867
482 -61
20 855
62 -534
994 35
-573 521
-799 -292
870 -631
826 -906
-968 -286
244 509
392 -855
912 -850
-805 875
-573 742
-500 955
102 -67
660 893
-512 112
233 -319
-609 946
215 896
-22 881
-129 71
-778 24
-669 164
890 328
-467 -429
-76 -906
98 24
56 -332
-710 522
-259 -225
909 -427
902 940
414 333
929 945
503 1
98 646
456 -522
-99 -7
-848 -498
-106 -318
71 -51
201 811
-415 171
-871 -130
980 -633
154 -836
-780 113
286 -319
756 467
112 26
588 -11
-622 435
905 -978
215 753
-25 -294
368 130
-241 671
216 -74
-175 -611
-530 988
-703 -887
278 -595
258 329
448 -279
-460 -482
148 213
-259 387
882 -208
392 -712
-84 856
-815 286
-720 -48
173 -720
839 862
-39 -410
-545 -762
794 842
218 -935
430 502
211 396
-827 -92
-892 24
978 260
-774 -91
-848 -148
-77 118
981 130
846 4
-985 777
-353 234
578 989
708 21
453 319
940 440
657 -944
-47 384
-113 -18
538 -756
756 208
114 91
310 674
326 852
700 431
833 -442
-952 -382
-920 -539
307 -356
-827 79
13 771
117 -910
-238 -817
65 14
-725 -460
77 -614
42 -561
962 57
52 -63
-388 -135
957 -851
563 -769
-75 179
-950 -780
-315 -87
-422 574
872 -660
-643 -161
617 -550
26 -273
753 -931
836 -471
13 1000
274 871
690 818
204 -771
-655 388
-630 822
-104 -173
333 -80
-241 460
667 9
-978 -605
364 776
-465 426
-666 -854
-601 -254
-439 945
820 708
-663 13
663 109
160 -184
-337 -213
-624 243
-967 315
-359 -766
553 -210
272 -695
279 223
-918 483
-197 -409
731 471
-184 971
162 -294
-408 -245
-543 -925
699 361
-994 -78
687 -709
-213 750
303 386
854 -367
-932 -985
704 -508
125 106
-449 -422
454 888
51 318
-967 63
488 381
-800 100
-975 -702
-809 511
-401 180
938 220
-939 783
-270 -527
-980 -219
-721 -753
597 20
789 937
-717 -364
727 -826
676 -584
-859 -969
20 33
725 312
912 801
-414 487
-964 180
-856 -874
-332 895
-533 -304
-413 -858
-629 205
134 912
473 -857
-579 -966
839 73
471 907
817 107
172 525
222 -738
312 583
-539 -328
811 -452
-225 -528
-63 -715
-975 -905
402 445
-729 -86
746 144
128 298
-489 642
749 280
389 513
-361 211
-471 -85
-509 128
-801 -241
215 -164
-715 403
-486 -510
677 264
-259 701
19 -624
652 -994
-277 268
371 667
-200 -170
-607 -900
164 -863
239 182
-925 -173
541 -540
-897 -146
912 504
290 897
14 -746
-986 -205
-922 235
620 -807
-143 -352
63 -516
-358 -30
935 -3
684 -627
781 563
-625 -915
194 843
-877 579
334 509
-631 -873
-710 143
-555 370
861 -821
-907 569
327 879
-722 313
-145 -359
971 150
-34 271
-27 -989
312 -80
402 671
206 349
-802 -124
453 -987
602 -929
-315 -716
-585 -177
914 441
433 798
-342 -86
-20 849
-797 698
288 304
339 580
-875 -235
-387 750
30 -619
367 -545
469 -416
877 765
682 -71
507 263
-725 -636
653 -122
339 243
-465 -189
771 -128
-236 263
577 -248
975 -187
979 -308
788 -521
-437 343
797 -693
848 -993
-500 -419
-495 749
260 -782
585 123
342 -727
-287 -624
812 -192
201 -163
744 -408
949 -267
-341 888
120 -849
261 -590
-335 909
-448 777
-8 520
-693 621
632 498
-457 317
650 -775
-668 -550
214 124
282 -53
265 -959
-632 -715
-891 -287
-659 -9
-197 -120
7 -41
826 350
623 767
-235 804
-702 694
678 -399
894 -242
-250 -823
-543 -47
696 -128
-398 -5
696 -685
-356 359
583 -927
910 -967
-203 381
20 -273
-805 163
-364 679
-226 843
489 -978
388 -831
-448 703
371 -447
100 -633
-465 -76
362 984
976 332
-100 -828
566 -576
-346 726
845 998
-157 -880
-786 228
150 407
603 997
984 639
329 540
-380 -890
-485 698
964 994
771 576
91 443
25 836
-288 502
-696 292
797 -489
667 380
-965 500
682 184
-644 -583
-955 -839
134 528
429 -568
372 -563
-378 -436
-997 -516
270 43
-819 -70
42 -893
975 772
405 -106
-341 -142
-40 -217
-522 -430
296 -408
-848 -172
-365 768
-387 -215
-487 -675
550 636
875 174
-512 -404
485 -306
728 271
-101 -432
-861 -249
837 669
568 -799
-373 -1
-934 -318
575 -532
-936 -367
654 162
-892 387
-75 -379
228 921
435 -375
474 -262
2 -576
996 481
981 644
131 853
162 978
716 539
-147 -341
-751 -932
-136 747
-675 -522
-947 150
-909 420
-329 406
948 541
437 -683
34 -497
-3 283
-120 680
111 599
-266 376
529 -595
927 -168
-43 933
257 841
634 -178
-200 -419
-936 453
353 390
586 -776
-577 -63
-775 489
-207 -479
700 -764
-18 -820
-606 768
214 -506
220 -778
264 -160
76 594
-124 991
254 -691
751 653
360 790
-296 -320
627 309
-771 652
424 -82
925 378
778 246
765 -443
373 -904
-311 -198
106 852
657 284
-215 493
-864 -840
843 975
379 670
357 259
-498 -982
-420 579
647 886
329 988
159 769
-52 423
396 -580
801 -473
761 -535
-348 -288
-31 450
868 780
926 -901
953 813
-412 568
213 722
125 316
589 -821
-877 -57
213 -613
703 -962
-707 640
213 104
-291 -620
-420 -932
-318 674
927 -948
-378 -856
-154 208
-271 271
610 -381
531 652
-501 -401
157 -828
506 552
627 -126
853 105
-286 -615
414 -255
-431 -488
620 844
-390 993
-731 -95
550 184
352 768
-629 -819
-851 56
420 -408
-895 -998
-620 312
-956 239
795 -486
-311 843
-987 905
673 207
598 619
-401 -864
214 -314
-711 249
-867 965
148 -831
205 -866
-691 606
-333 623
-793 -924
-53 -660
921 566
-314 -22
307 234
814 601
292 -150
452 -764
558 399
-370 -311
-475 -339
-942 -537
-742 221
-542 -357
362 797
101 -567
86 488
442 -613
720 -716
12 475
123 -624
100 97
513 -933
66 -100
-447 -492
-183 -143
143 -860
-706 -346
954 -389
-129 -325
748 -883
228 -755
340 779
967 571
963 -286
-76 821
-663 -988
-785 937
206 745
584 59
960 212
-368 39
480 -747
-520 889
828 -861
-914 120
-694 854
-936 -107
586 -90
829 165
569 134
854 832
-603 766
-904 120
180 -964
590 -839
-365 -855
217 3
-960 -934
536 -711
-745 -515
871 88
814 -207
-937 742
-240 -814
849 -799
-375 394
907 467
-394 -857
-730 870
411 -644
-818 493
-942 -951
383 -563
-505 -629
-713 -419
165 978
-719 -621
911 212
-804 -229
-723 -442
749 -906
-147 532
-70 -9
982 293
-606 -435
-725 849
-803 -816
-811 318
-472 -212
-851 526
-163 -433
733 -407
-732 483
708 -343
637 -278
411 858
841 717
-324 -610
-485 436
-836 482
179 35
316 228
917 -103
772 991
-660 -343
778 -916
-735 581
454 649
377 574
-281 167
306 -52
449 -202
28 -834
685 -465
232 977
-497 389
1 -431
246 -373
-403 673
870 -779
-61 -437
22 398
-373 567
378 -883
743 284
-146 -185
563 873
-73 -494
574 224
105 336
86 327
441 -730
293 911
945 -480
238 -448
565 806
-729 -213
457 315
420 -993
799 378
631 -297
194 -833
-487 -776
-764 -313
104 828
-903 119
-401 -498
432 -434
-921 724
-539 -662
-416 -818
-744 -340
-899 -239
827 -53
-349 -13
-898 393
-640 -395
220 -711
-228 -430
18 460
65 -326
-13 14
266 -643
-515 -173
46 361
474 546
-183 50
358 -659
-673 -395
-492 -633
-464 -868
-848 307
-853 -546
114 44
-605 -753
-536 824
34 609
-32 -356
560 589
392 -513
402 933
-633 334
868 -587
-695 292
-796 430
-421 -251
36 -95
667 607
799 -596
925 -512
646 502
781 662
946 938
-760 -407
-376 662
730 -375
-212 402
-842 696
-362 -865
615 -170
-187 -731
-710 -305
87 843
-152 -571
180 -939
-827 477
-930 48
266 -501
794 -579
-669 781
-581 -353
-375 -567
131 -746
-435 582
9 151
58 156
362 306
984 -164
832 786
-785 557
-413 -510
-526 -869
882 -491
696 976
-767 -494
-295 -911
576 690
222 519
-512 361
406 514
69 -297
488 -113
649 -516
12 68
-841 413
840 -881
-397 442
684 67
-421 -724
-67 846
207 560
530 -341
704 -764
-15 -164
506 357
503 -796
-815 868
474 214
-932 668
-177 -449
165 -58
-725 196
941 -409
-245 396
96 -418
-910 812
-211 176
838 133
-846 576
-374 -17
-39 256
10 930
629 -503
-792 744
603 -822
-198 -59
689 962
-304 -93
904 -401
-425 494
346 -269
367 -846
178 169
365 -282
254 -468
-287 -793
454 66
-219 934
954 -420
-870 736
-99 -515
499 159
548 -164
991 324
157 -950
968 1
-16 562
-788 -200
-601 -27
479 278
541 -463
526 -130
-56 949
-159 486
919 646
696 19
363 -178
-365 -380
-235 762
-96 399
-45 449
-843 589
-358 -475
-143 -441
67 -454
-284 -450
-938 327
-568 -788
-248 -945
614 -644
261 526
682 -853
587 -427
-670 -996
108 -987
890 -340
147 -708
536 123
-607 -95
390 117
927 -768
-221 -76
-462 -59
-183 119
-979 -311
-307 575
459 125
-584 -290
-536 -422
873 -977
-910 -299
263 -412
-524 -237
-873 33
-644 993
-157 44
546 -400
-922 -638
968 -972
616 -871
-976 -390
604 -792
433 955
-758 -746
8 -636
718 117
895 -527
350 -995
-258 -803
428 -519
-444 683
-896 -909
388 674
115 319
561 -229
316 121
-376 -197
-260 -723
848 832
-712 666
-941 684
-278 -9
986 50
262 -383
106 -77
29 -342
-704 -520
-923 50
206 -370
100 515
500 196
655 622
814 -828
197 840
880 -893
-534 483
353 441
-555 844
267 -240
-103 -457
-145 957
-236 253
-679 656
-550 434
648 636
-593 -601
409 629
-313 -189
873 77
-530 -16
375 509
775 119
684 -236
-922 -325
923 -302
-531 248
-666 466
-441 680
118 -678
230 329
-280 -221
45 449
729 -761
254 973
513 797
993 989
928 -234
697 -128
-263 -763
215 -321
273 337
-325 842
-218 379
48 -843
384 895
-93 -527
-743 -629
727 411
268 -735
746 -954
-33 605
-171 471
640 517
263 -316
-974 596
383 381
453 917
-164 -681
-969 -224
261 -837
-674 631
823 17
-320 110
563 -244
649 716
804 -156
-870 -844
210 7
290 -365
-408 -386
655 568
278 -498
272 517
214 85
738 -39
399 370
360 857
572 689
311 450
298 524
168 512
388 -703
491 -132
303 435
395 -632
-714 -637
854 -966
-237 -437
-950 826
-302 127
-81 -611
-170 786
343 974
296 633
-474 768
-620 179
865 36
-222 516
361 -693
678 629
-11 -501
263 748
450 -366
-896 811
-454 -468
-344 842
485 -491
322 611
946 -850
-75 -126
-172 127
425 986
526 353
966 422
413 -503
-931 420
776 421
692 -766
856 -377
963 758
-968 -301
-992 -721
-596 456
-421 382
978 464
169 -685
314 -952
-319 7
-860 -241
-200 -115
-322 -80
382 440
971 62
-635 700
83 -750
-58 948
989 -74
-238 -937
237 -481
937 58
-242 -3
-707 -493
-562 739
564 500
909 -842
608 -877
548 742
-849 -182
534 189
19 833
-968 219
-193 654
-128 -578
870 -232
-561 978
-332 399
-418 669
345 349
251 -904
426 984
545 -707
342 767
8 820
-615 176
-670 -357
-524 508
433 617
727 -54
-886 162
676 316
523 -967
979 -571
-741 471
-75 150
-842 238
-213 -453
-266 909
898 25
-366 -303
-43 -828
-730 800
-655 -526
838 -939
39 322
-878 -500
-764 -261
664 107
944 -332
733 469
-119 103
-838 974
798 -298
-393 429
28 -711
-872 -858
-327 957
475 -588
786 365
-306 551
-987 381
48 321
925 -981
558 -223
-430 133
-469 796
-851 281
620 -736
-451 -705
-967 -25
-500 -937
-747 -389
510 179
-728 -2
975 -77
-959 311
-214 -317
253 -644
-327 949
566 611
800 -129
-915 663
-87 -365
486 827
526 368
-601 577
-135 -500
-338 247
76 750
965 919
640 542
744 252
-802 285
-159 867
655 738
872 -904
212 426
-196 812
-555 -771
-160 536
923 -240
-10 -429
461 95
605 115
-549 -153
-629 -858
524 -971
-438 975
489 -959
-414 959
134 9
251 409
84 606
143 132
-503 543
49 -49
26 807
912 -169
942 296
154 503
-189 -91
514 -363
-307 1
-688 535
835 -231
-917 344
392 194
-857 -50
794 947
927 -489
908 -831
-319 -377
597 109
173 67
214 -641
-724 923
572 -897
-143 746
-774 24
-63 909
276 -916
593 -267
-277 -91
740 270
188 785
563 -324
-232 -884
57 -743
-206 -5
-476 63
-501 -276
763 -730
478 400
912 349
522 -220
-27 -167
-909 -670
591 -17
-487 -581
668 146
-717 -47
131 -804
20 -265
160 781
-822 -408
461 677
806 -56
-768 -335
512 493
-904 167
231 -709
85 659
890 115
826 -818
392 -438
372 -190
-40 10
152 943
551 -743
799 42
710 524
-543 -165
160 -550
-269 -316
-708 -657
-896 992
-681 536
-775 962
752 312
-276 330
545 364
662 -587
-431 -684
-38 860
107 333
909 345
-180 143
423 -230
671 553
826 -410
-167 175
-928 688
-460 -704
775 -689
924 55
989 -806
-292 -808
170 -668
327 727
-433 -36
214 952
-749 450
805 601
-680 -679
-836 -16
-17 -432
318 -524
-351 655
660 76
-822 -110
520 -22
-236 -617
-367 598
-345 -905
386 828
-814 -425
-815 -941
-56 -963
-871 -222
-757 97
-913 -188
490 794
-363 -538
-309 132
769 421
-537 642
-646 744
937 40
392 943
469 -778
-166 -999
312 388
581 -361
468 -223
960 819
105 314
368 -242
530 -405
308 381
261 -265
737 -174
793 -568
-356 -790
-395 918
73 -695
-675 -616
-377 -408
-117 332
-184 -373
896 727
562 131
-279 492
-745 423
576 524
-747 -255
167 546
685 -870
917 44
-460 -666
607 841
780 574
-474 246
-591 512
579 247
787 -697
659 934
-330 618
419 222
780 -714
763 821
-674 -437
-38 555
589 -408
-587 -747
827 -266
992 169
473 53
-263 391
-753 633
519 973
478 595
-986 -633
422 -16
736 937
-777 -525
-949 413
552 -430
405 523
-327 -191
289 -244
458 128
319 -131
824 694
-19 325
-869 859
-129 -43
-879 -152
880 450
585 126
487 -396
719 998
-7 -83
587 -162
465 -183
-55 30
304 -295
87 430
-412 -786
-639 26
570 774
-84 591
708 952
-732 -788
698 831
-601 -262
-607 -200
-578 -792
-500 173
560 631
-379 574
-267 920
-886 -829
235 584
-456 -221
859 295
-215 690
-71 492
846 781
255 25
571 773
-265 782
-315 637
731 639
77 -60
-307 -523
330 -926
613 -282
-728 452
-642 -204
-93 982
-352 -441
-111 179
364 -278
-621 109
-566 -730
-805 -931
99 945
572 -933
365 709
355 -564
-549 -831
487 829
481 80
849 -703
-920 -996
603 -691
838 289
-421 31
347 705
-690 -864
-291 507
323 895
-767 -821
237 -887
-866 177
-442 331
625 -703
-268 -506
16 -690
814 -155
-575 -58
75 320
327 -931
607 -738
944 -103
148 670
-465 481
-629 -814
-790 468
-160 336
788 -549
-497 -551
-519 -353
218 262
684 -711
-506 -10
353 -692
200 -887
-903 899
851 346
849 -518
-849 286
154 46
-423 -737
343 -475
750 440
937 588
-170 -625
682 802
768 165
-500 -152
-959 -451
-544 597
605 158
-922 892
17 905
-73 909
247 -295
-411 940
776 670
-194 -907
-385 361
435 522
610 -923
60 -158
-49 538
727 162
968 -206
-971 -198
655 -537
-412 270
705 788
-789 121
643 -585
-121 546
157 -361
712 411
985 410
-5 -929
-565 515
615 344
78 -978
-281 -479
915 -84
-998 177
-840 -658
892 -557
-662 530
-333 -906
-245 975
154 -408
-493 625
573 -14
-73 -29
-727 162
26 800
978 -853
438 -903
-158 -835
344 564
-762 -60
-560 -519
646 -606
164 124
-104 -932
-792 -214
788 -10
735 469
838 815
14 -34
550 -629
998 37
487 -110
-242 850
18 140
546 -158
-768 874
253 337
682 291
-904 -518
-334 -988
-863 784
478 -235
347 -998
-647 -837
728 -79
-648 690
487 -518
876 -361
46 370
-819 -88
-762 -691
-814 -741
106 -563
224 415
334 739
681 -844
-113 280
-831 -180
671 745
-866 559
-403 133
-776 688
294 614
283 -206
751 353
588 359
-337 446
-302 335
13 -314
976 -612
972 721
-955 -234
9 123
-109 -62
161 -326
831 -974
820 -959
-434 347
43 370
778 713
296 566
743 -829
722 -579
-999 -322
894 -780
-574 -444
701 938
30 -399
568 465
925 18
-132 917
-669 620
341 -145
257 -467
-515 838
-398 -443
850 -917
-762 -780
377 -607
32 -943
949 -145
382 302
-202 358
-693 381
67 66
871 -95
965 593
850 357
-919 852
731 989
-572 329
860 -321
788 581
913 256
-52 -93
893 -961
-644 -898
-564 962
-863 -898
486 931
-478 -11
345 -744
-313 -489
-156 53
472 155
739 -429
345 612
126 -2
999 -257
160 912
882 -501
-679 -80
728 922
196 216
-282 -950
-426 -503
158 -397
283 144
391 -370
864 789
-152 186
49 -680
227 607
-623 -70
-958 -609
923 701
451 -608
220 -740
195 971
589 393
-868 2
-254 -871
942 115
101 -480
799 672
-832 -628
595 -790
444 82
-501 226
221 -612
-242 -114
-70 -754
56 732
-802 -117
-908 584
561 700
-437 -323
580 -630
-485 -962
-929 -784
455 -493
410 -126
-463 -973
30 427
408 -700
970 778
-574 659
-75 587
920 116
727 -122
500 330
-394 -776
556 20
354 260
-436 492
480 712
262 463
184 863
-295 812
461 730
259 -114
336 542
70 -552
-28 876
-372 -861
-17 596
-293 921
6 936
246 431
214 -129
986 133
866 -400
20 -674
480 475
180 -258
643 551
19 423
199 -385
-77 595
-850 -86
123 239
-226 349
975 -164
55 449
898 -539
6 4
348 688
620 -879
-182 -202
924 -961
-823 -863
-970 795
-752 -888
839 965
496 -20
861 -388
941 -847
76 -215
314 396
-93 492
-169 -113
-789 -743
267 -42
-619 626
-897 -960
-622 913
960 316
400 780
563 73
-297 -248
438 -675
520 -471
-21 769
-431 976
-60 225
656 -558
30 -59
-754 -40
29 815
-425 -118
988 435
267 955
466 -24
775 -60
243 882
177 240
-788 188
-442 107
-275 -874
-972 330
-188 -446
791 554
-2 -225
693 -296
205 -30
-56 -764
104 520
-209 52
-90 349
500 586
-375 266
508 118
-277 129
-271 -566
25 -439
-529 448
866 920
-256 -36
-561 996
537 -191
801 -328
-750 -251
748 823
-522 -411
-283 -493
-833 678
-596 -54
-817 -895
314 854
-897 940
-678 -510
776 -39
-521 395
803 688
810 669
162 -68
33 777
-965 -474
271 -745
328 -556
982 -175
224 -944
-363 330
20 -279
-623 -399
-535 -757
181 -376
-775 301
-693 659
504 -610
998 -223
-344 383
166 -324
-836 -144
153 722
-563 763
-383 752
-401 -559
-261 513
-927 678
-791 682
-313 -467
229 -940
568 324
-555 695
-297 847
-820 -471
739 580
599 -166
-482 -326
-765 814
909 721
207 343
772 432
950 280
-736 -511
153 251
194 -580
-785 350
191 -777
733 -672
40 714
195 -947
299 130
780 91
-473 -740
-588 -957
176 -546
312 -577
-457 -492
-593 871
-553 928
-774 -6
656 160
-979 269
-124 -852
987 -315
-829 -169
-828 933
-841 673
366 519
-128 542
245 682
-626 666
3 656
192 -201
-467 981
-353 733
-44 -560
-934 -881
583 -486
576 285
-536 -33
304 846
902 -792
-223 -886
453 565
321 329
349 -149
-962 253
792 -222
855 545
-583 460
-480 -561
-691 -44
-568 -222
964 -531
-53 -687
-532 -554
-569 823
-766 607
544 851
-584 750
658 307
-299 -802
410 -320
-832 364
147 632
970 913
194 846
-1 448
-686 34
-948 973
509 -592
974 -302
863 -757
607 -222
-981 -218
-929 -103
987 582
404 -710
825 -630
130 759
-226 -938
697 335
893 482
482 889
-176 -106
-136 -445
718 547
934 906
162 160
-875 360
-836 602
979 -865
-108 -167
850 616
-142 -221
886 -549
-545 -751
461 -292
-455 -860
189 -134
89 -218
-225 967
966 -336
813 791
-793 816
-51 -86
-663 967
-325 968
-956 -844
632 656
415 -605
854 159
-307 -509
255 -831
-754 874
-8 729
791 -534
986 881
-259 -271
-486 913
-875 -974
830 -80
-628 -667
-96 668
133 -704
94 -727
406 898
-809 -484
-223 -572
358 -923
-508 -994
508 207
-607 -869
-944 424
539 205
-314 -865
133 -209
881 -383
427 -883
921 578
398 339
-757 92
-928 -231
35 -614
-684 346
-518 -750
947 -649
96 -972
142 304
-327 645
184 -644
-280 -838
464 989
109 630
-97 533
654 -349
630 791
-89 -111
-874 -482
497 544
-836 -49
628 -578
-557 -242
93 831
840 160
814 816
972 870
-551 234
-868 -922
811 807
833 295
312 375
871 -733
58 -337
-322 619
-566 999
-734 57
155 785
-788 -967
-726 489
69 293
887 896
830 -460
448 967
-62 464
-590 683
-585 -390
79 -923
-521 -737
702 -432
241 -425
-859 903
47 594
-680 -780
421 -446
928 250
-801 871
586 -466
-376 -419
37 744
-998 901
458 -517
250 951
809 -842
832 691
520 -487
-505 -613
-341 407
-215 -863
434 63
-360 -112
550 665
380 12
738 833
849 776
977 -443
461 -211
796 655
-126 52
641 786
392 808
482 -971
-712 317
3 -191
-759 -321
-62 570
-165 939
148 591
86 878
-476 819
704 -129
-228 168
-767 -594
-305 -433
-777 -85
-852 -960
104 517
452 170
-596 663
934 170
-505 18
95 -244
-88 -965
403 724
35 115
955 -726
-210 -822
668 -521
-209 146
-52 274
401 -734
420 -999
232 369
116 145
491 -320
651 -371
411 -92
-703 254
-59 -696
507 -401
268 -587
-836 831
-892 -33
124 395
-610 -417
10 -175
-552 -365
753 -411
-943 263
-707 82
669 656
-134 928
-131 -788
529 920
395 -325
626 522
841 412
-351 -583
824 8
-431 -804
72 -897
162 883
-733 -491
-582 796
-55 -724
-379 100
-311 143
-500 -884
836 -94
-633 834
147 730
371 634
130 94
194 577
275 636
-587 -303
-572 809
-725 -126
-532 -591
663 -315
-487 -167
868 -992
-295 -43
-552 777
-470 382
745 995
-461 927
-605 -310
991 324
-986 79
734 147
-192 -445
-166 614
349 676
826 -115
-287 393
-839 -761
-606 -467
804 -357
-649 -898
486 -856
962 -908
-988 -622
-740 208
904 151
149 -854
335 -667
345 -39
-319 844
977 785
-252 -781
768 127
609 -787
-616 629
241 -457
288 -412
720 -423
903 268
942 761
38 -683
-939 -338
696 459
687 -214
-104 717
451 709
111 227
580 954
-230 400
-408 355
-82 398
-326 195
620 -430
-129 712
819 -876
409 253
776 449
974 433
182 -150
262 363
6 693
871 -936
-242 176
64 -870
874 -204
-600 -159
-101 704
-75 471
-622 -78
61 -307
-453 180
589 295
-502 107
474 -152
-344 607
236 110
730 297
-780 109
-410 496
882 -949
437 -493
-664 799
-409 -203
988 969
874 890
192 -688
521 180
-638 -178
437 -900
-125 -292
-171 -223
-584 -355
333 -221
563 460
336 813
112 822
101 -508
-977 -298
619 915
-747 -750
-675 723
257 9
