3442
462 -132
-26 283
431 264
-179 222
542 119
989 -294
-906 -25
-711 -475
234 -836
420 -746
180 -515
299 -716
-100 941
755 -541
696 554
-941 -818
-568 -921
-992 500
-608 315
-276 722
-670 -921
796 -364
130 -376
860 -612
663 849
99 719
-622 566
-730 99
-815 -72
846 -263
321 -620
-54 250
-122 -325
-141 -797
618 544
-143 -559
567 -780
-831 140
933 738
644 787
275 -71
7 572
662 -963
820 760
19 -227
-4 -680
573 -77
-959 -925
-866 -705
646 611
805 976
582 339
-892 -217
661 137
856 -4
105 675
789 -642
-297 708
-313 812
-211 252
-742 -123
-956 -343
917 -400
674 -752
536 -870
-399 -471
-965 -124
754 -114
-350 329
-65 371
-526 784
-797 979
-234 566
-373 -385
31 -566
-950 -234
-867 422
-755 787
-960 993
-332 -967
334 390
604 895
914 370
-739 -467
-343 -336
839 179
-947 885
-69 -628
-466 75
331 -90
-44 382
-494 -994
-587 377
737 878
-217 -913
-353 -25
-762 137
-817 701
131 291
719 933
-31 -315
-203 -976
-225 482
-760 197
-972 -349
-449 32
-50 -462
-980 349
-294 -970
-696 -845
-558 -734
-36 289
872 380
979 602
-331 -897
545 -512
961 768
417 962
48 929
114 -154
257 -617
368 246
-809 252
723 682
-76 917
840 505
536 850
465 -64
-370 984
-722 -690
433 670
-887 806
82 -855
420 -125
-262 280
337 616
-467 -624
-27 -753
773 438
-692 -130
-182 126
123 873
739 -905
-200 155
-258 -173
-518 898
-289 328
-399 238
619 -472
404 -696
-141 689
349 851
-528 -716
-490 20
16 -218
896 -16
-555 297
-425 -438
713 121
-424 -678
-255 -426
638 798
87 276
144 112
-603 949
-917 -149
419 -990
463 797
-703 -452
699 908
162 -699
-824 841
-836 -146
-730 -763
274 -17
-567 -138
-754 -791
674 264
992 652
-322 965
616 -8
352 707
-652 -732
414 753
536 160
140 -385
-559 716
-437 0
713 5
-145 -847
-537 675
276 407
462 964
399 -549
387 -9
-364 -923
476 -280
-549 -807
28 655
738 452
-977 -872
-382 -794
-298 145
-495 -306
593 -27
-837 -73
240 -180
271 -972
-855 -609
268 -900
616 765
-56 -298
552 -177
-731 -780
-236 -5
-765 -928
-804 12
259 -664
88 -355
-590 666
383 840
-96 766
-443 209
548 -923
-649 290
848 -987
246 -923
564 -926
725 -300
804 61
83 48
-103 605
-968 -844
73 254
592 904
-746 -596
265 -603
904 238
-19 -660
-198 -653
-257 -683
357 654
-698 -263
-817 -367
-821 -162
-526 -421
-798 742
-179 178
-421 456
-53 335
966 -454
742 -163
728 291
-134 272
-623 35
457 373
-710 -624
-877 542
-272 -817
-479 330
-63 743
806 231
25 405
293 967
492 591
-46 548
-350 363
840 -364
-204 -116
910 619
457 896
-567 -332
31 618
-880 557
155 -976
-973 326
96 -299
-792 600
912 533
-133 53
196 259
-28 -316
235 547
-986 682
868 -842
732 -840
460 -151
-317 -281
-920 589
-27 708
208 805
-53 220
288 322
737 -906
910 558
-106 -668
-278 -757
-165 664
538 458
-776 134
113 347
-19 366
-989 759
653 -778
-149 -993
-581 826
663 468
259 660
520 228
-441 250
524 -456
-81 602
408 -194
-818 -233
598 -377
996 -175
-925 929
-121 -699
-42 -573
-943 618
-400 986
-695 104
-249 -410
-30 967
337 -172
260 -805
177 491
-948 -591
660 70
-395 -903
377 -28
51 562
66 -991
836 390
-163 -717
102 91
-111 580
-569 -907
393 -13
48 204
-413 -918
767 882
-249 798
-633 -191
726 -903
808 119
985 600
142 433
-763 -61
-165 185
-129 464
-972 -737
884 471
-594 170
-267 803
261 -820
726 -497
-112 -842
-652 -965
503 -239
-376 113
607 424
62 -694
284 -569
581 319
276 293
-491 738
804 -495
290 -183
-748 606
-397 654
-359 142
513 -919
383 -304
992 936
-476 42
-256 516
467 -571
-366 756
757 827
-375 605
440 -318
118 -959
428 390
114 -669
643 729
986 -676
181 -150
780 433
821 -473
629 639
598 562
-217 331
-501 -91
-53 780
-431 870
-262 -731
-515 217
523 -523
630 777
973 46
594 -236
627 -539
-560 505
-335 -113
-584 275
-39 982
549 52
-492 62
159 -767
-831 -85
761 -753
128 799
221 49
-532 -682
937 959
-213 240
537 -10
-347 417
706 819
-858 858
802 -307
309 -330
-694 -858
224 533
-681 128
462 794
-365 159
771 3
799 227
-79 -997
605 674
547 -254
16 -184
186 -56
995 479
260 -452
954 589
-480 344
987 976
-157 -648
731 682
-632 -945
-775 13
250 473
-213 -378
305 606
-613 -294
318 716
991 241
264 962
892 -155
371 172
-503 665
-173 578
514 -326
-651 911
-508 -424
-344 -333
594 194
-546 -183
634 2
197 -330
-167 509
-764 -218
-1 394
151 -442
-61 94
666 -734
-299 -548
-314 813
-233 -434
29 -846
-584 81
85 302
838 -940
-122 -806
898 -576
165 602
225 54
509 -568
759 458
496 990
-286 -463
642 -155
952 603
240 193
656 721
244 809
593 830
264 -968
478 718
-212 -682
557 840
-72 516
106 -485
880 -134
-897 745
475 144
-944 534
867 -449
280 368
555 -970
-106 189
-575 -148
-170 -186
329 633
-864 -522
-714 -317
-302 561
-569 618
284 276
-762 -93
-257 -304
880 -618
533 119
-252 502
831 51
-548 -732
386 -6
77 883
512 386
336 -791
630 628
316 -197
-711 -45
-694 358
-705 -231
-297 861
-961 39
262 390
745 -167
-770 -396
-603 619
142 19
-933 -402
-224 -555
-795 953
260 640
807 -799
-872 -492
-822 518
-360 -418
-756 563
538 815
232 -604
327 633
789 198
-903 -385
-352 -368
-713 -901
137 516
-830 -292
-177 -412
302 -634
779 -796
272 648
861 -892
442 235
425 506
776 -288
-95 754
1000 136
-976 -827
204 241
905 475
-224 -45
-940 929
-22 319
-75 -582
-651 66
922 853
140 -611
-53 -830
-824 38
-64 -347
824 442
-174 150
132 393
306 767
-752 -960
-167 -876
417 437
-203 0
225 -523
-817 163
-253 286
573 573
198 -852
-773 746
761 -731
-632 -196
-908 515
-125 523
-975 -699
291 123
-307 357
-489 -783
-527 328
802 166
-993 -296
453 -792
-242 -495
-598 836
212 893
533 4
-426 -319
810 -264
-638 693
-420 -602
440 -76
-405 -334
-390 552
-101 684
-103 -653
565 -227
27 766
-833 224
-898 370
507 17
559 680
-815 -297
-857 -574
380 -336
-277 -714
-186 129
-176 -274
98 -437
144 769
-162 349
-671 80
69 -323
990 752
406 -220
-275 699
551 -228
382 -491
312 -341
-780 -176
-72 317
566 623
-137 196
546 875
945 -577
743 472
278 91
400 -187
-438 -755
512 -234
-335 -501
721 706
-73 430
-566 -996
-544 -647
244 595
100 -602
892 585
-103 -331
-266 867
-689 -171
695 -91
-179 687
-641 -533
557 -251
441 -535
-216 -98
642 -991
-943 830
-229 37
275 856
880 -605
506 820
469 602
195 751
132 974
868 -891
823 576
-518 736
982 -101
-476 -258
0 287
-749 564
-502 926
95 789
521 -968
840 -703
943 279
-446 238
440 891
221 695
-525 -204
248 568
-208 -943
853 -570
-340 -101
-727 -785
718 225
-566 725
751 -590
-777 -134
651 -35
-201 -533
475 473
610 -484
-514 452
-752 120
956 -596
-349 -283
106 720
-826 -374
314 356
803 -559
-806 519
582 682
-982 581
-109 293
666 -708
-248 446
-566 832
-157 -969
591 -931
-269 -697
-313 -32
-226 581
572 -588
101 -301
248 398
-854 363
333 265
-643 -678
-558 495
507 815
910 92
644 979
4 451
-82 -170
115 78
-995 -722
699 -105
-960 623
303 375
635 -310
222 -751
-634 -331
879 -961
233 -338
-752 -392
277 -848
30 -841
-703 865
291 524
762 242
-815 830
520 -491
-447 -312
673 -948
-982 -977
191 -74
451 -395
720 792
648 736
-367 77
956 776
-326 -1
51 -861
185 -735
621 177
31 34
-462 999
-628 515
657 -676
857 51
-793 -602
297 -833
608 -206
-433 604
991 38
862 -464
238 23
899 -204
229 -70
659 -533
-758 -292
181 -49
446 272
-465 -288
178 -820
-656 12
-36 -446
-639 462
284 80
923 -744
-595 -360
-202 62
-547 77
-585 -344
-37 -558
-584 581
-140 579
-603 16
-980 -111
-134 805
973 494
847 -160
-543 -435
671 -245
-704 359
140 -428
618 557
-493 -656
-814 -238
-514 -30
958 213
-130 313
865 -113
358 158
-555 -895
102 393
-182 747
572 647
160 -179
-836 -724
612 -305
-470 889
733 591
-836 -339
-60 142
-431 -662
-314 -279
479 -737
-662 -567
-689 -416
209 266
394 437
944 -484
-703 520
383 -37
-578 924
192 623
-563 750
927 324
361 -883
909 376
918 569
762 -697
-350 -146
-650 183
698 942
407 962
702 720
40 -153
757 -245
-25 720
607 -815
-85 -991
-530 443
-856 -874
498 -823
-494 -438
-713 -249
339 -457
-865 -898
-642 -30
991 625
672 -429
939 387
714 -347
721 -840
623 834
-170 371
-882 188
196 -535
-529 -853
463 -568
606 -501
-309 875
-359 577
-434 616
810 -670
-76 768
-60 787
-105 -827
-434 -450
683 -247
624 -166
780 154
-175 -105
519 288
-3 93
-583 531
-537 850
-358 -787
196 862
-777 -332
306 -33
499 948
522 -677
940 942
347 554
173 -477
-494 800
-441 335
-485 -964
767 -873
954 450
-761 17
326 216
-84 -986
139 -669
35 -952
-563 -783
210 484
-501 675
625 151
-966 81
-786 -560
-291 828
385 -230
821 145
836 -826
-195 259
385 491
899 598
553 -35
375 11
-727 -17
-284 -881
283 440
559 -573
382 -153
754 715
630 -552
440 102
-111 978
903 -769
-881 -170
159 808
495 216
38 162
90 -501
-49 941
625 -786
574 -653
278 553
925 -124
-245 903
-372 975
669 -767
-20 517
47 767
-232 -833
503 238
-72 -759
-215 -256
822 -987
326 791
-84 -287
659 383
-796 740
-55 -625
431 172
-832 622
464 -217
-85 -74
448 -173
483 74
721 759
372 983
560 -818
888 524
555 -345
-907 -775
-74 -65
55 -742
-818 74
302 593
442 484
-538 -171
-778 458
681 -68
-962 -201
-299 -806
-86 -784
142 696
110 -193
82 -173
159 993
415 -70
709 -466
-858 662
308 -244
395 -825
169 227
820 243
-379 -977
-226 334
-756 -248
622 -984
27 450
493 681
939 612
993 286
-456 -903
652 -526
-240 -312
358 11
-163 132
-230 298
-110 -557
-158 -592
534 -400
34 721
866 256
-27 -213
123 469
-166 -781
-754 341
892 -108
-385 744
357 936
-512 -572
-671 386
946 712
466 113
190 -117
472 -235
-943 -685
29 127
-918 198
-798 348
-509 -479
-165 334
1 57
-532 -770
123 806
-351 372
-467 265
254 -846
-501 178
-676 517
725 -381
-162 810
669 -142
359 864
-934 785
333 129
874 -50
202 -975
313 842
983 -525
582 858
-393 -721
910 496
981 580
351 840
-626 845
-242 274
-355 -603
147 -845
121 683
138 -294
-962 693
938 803
-866 -732
-703 -673
119 700
-810 414
578 432
940 -494
-225 751
-488 179
-782 -287
322 -510
780 513
347 -465
441 -920
388 202
-130 -578
-200 298
-673 -752
-561 927
-333 -736
835 -151
935 -721
-753 693
243 348
-789 -853
415 410
-711 458
243 963
189 -274
177 992
-258 -169
260 -172
271 -950
742 -340
764 612
-397 423
-906 -525
-449 549
-705 -526
872 946
835 25
93 -496
602 -847
-854 150
672 856
-552 634
432 938
-712 16
-619 -693
602 -592
-864 -636
479 26
999 -461
-205 -358
-381 -415
-664 -55
758 -669
804 -535
46 336
-983 -865
93 758
871 -337
532 -885
914 681
-685 -444
-606 -395
722 -279
495 512
270 691
-934 -763
-173 -453
-117 570
45 450
204 -416
941 320
265 504
363 126
628 710
416 -958
-790 -888
481 383
-664 -893
764 -231
-500 450
82 441
-740 -546
-935 -106
407 -292
911 -530
-626 -950
446 199
-128 505
-845 -871
329 152
301 647
-103 -508
-26 306
676 -255
339 381
-547 695
-468 -689
1 -610
-149 251
454 -696
-667 -657
193 802
794 -146
312 440
525 798
-851 -660
-526 178
341 -939
347 -986
924 -905
834 -323
-38 536
708 -853
482 652
706 -47
-786 -571
-793 -276
-963 285
521 -51
328 512
289 871
-8 602
-7 667
24 420
72 132
90 174
-65 865
283 316
82 -730
853 -479
293 962
-311 -788
-419 -561
314 389
2 -532
-616 -26
-122 715
-206 475
56 -838
537 296
-155 914
676 509
707 -63
-984 -261
-883 632
532 324
814 -283
366 676
-738 175
-608 -254
-81 -125
-479 213
21 866
451 -762
-601 -969
656 10
281 -983
-780 -931
-555 133
410 -898
733 122
966 525
771 210
774 438
211 -908
-792 -806
789 -742
-807 738
293 563
196 148
-705 -343
-730 -63
220 801
753 -667
126 549
359 828
236 -974
99 -827
-724 753
-377 473
612 -251
888 -680
-561 649
970 583
-736 376
684 668
-840 -22
-623 118
-344 -206
804 -242
-810 761
873 -834
-80 -967
-396 -316
979 905
507 581
568 -660
-870 913
995 -296
-933 -20
956 647
-861 7
-822 481
-373 416
-429 -380
-301 -529
-779 665
-393 -277
770 -233
719 -480
-402 548
361 -77
-360 991
-411 -720
-38 559
-188 680
-687 -950
-255 -884
604 901
-453 56
870 911
-40 -352
-894 941
-902 -532
-775 788
-354 356
-539 808
73 -214
-388 -232
-46 -838
844 902
-50 99
-263 -809
-978 387
-697 -704
-919 853
-856 395
906 906
502 284
760 -40
-353 -248
-152 837
434 -97
-893 -717
651 -403
-57 -951
-480 740
335 -58
-918 -616
147 725
-861 504
750 -785
979 736
-111 836
-23 480
-341 120
-918 554
821 -178
219 63
-192 885
-82 -121
-530 -363
-593 -669
-63 -424
125 35
-138 -294
887 918
-512 -321
573 998
453 7
98 -208
-566 -541
338 -812
-979 -556
-712 305
-298 -343
-739 878
782 901
529 249
907 194
-135 257
177 184
-675 179
345 604
654 948
-289 730
-726 803
445 849
-928 -883
-759 977
-973 429
895 790
-785 -437
-449 721
-323 -912
-27 347
455 330
827 -6
-934 245
-448 479
335 -12
-267 294
985 419
860 -245
236 -564
-305 -723
818 556
-94 532
-994 532
-215 -510
252 990
-952 -356
-193 -298
-420 -363
-199 629
-851 383
952 685
-607 -574
-218 22
31 1000
398 -821
169 -897
-882 820
903 796
-689 -446
452 -657
726 -115
154 -644
-552 -547
701 -333
-944 859
-872 -11
-703 6
58 -634
-710 -683
655 769
349 240
-594 191
-242 142
-137 549
269 333
-215 -143
-894 483
-571 -653
204 599
949 -692
-104 -753
826 328
-687 -375
824 331
-563 792
-925 -931
338 -11
-281 -442
571 994
248 120
702 973
47 351
777 -183
-576 538
976 -676
347 295
456 425
-311 -976
-62 844
820 744
758 -280
-717 37
-699 192
-390 123
-3 632
-668 -804
-645 -23
-2 -110
-109 167
803 744
-801 212
-279 572
249 273
-881 -170
25 -632
436 774
-674 -309
-617 -368
-371 250
385 -377
316 -905
-734 -710
-804 555
126 -255
-329 133
-890 374
991 -985
87 292
787 991
-909 322
-111 373
562 796
285 778
-873 710
868 268
-926 929
575 -23
154 809
-120 -454
-281 -604
719 331
-463 427
-375 -580
491 887
-578 -438
-770 666
528 -100
-651 931
619 909
380 -816
319 748
279 -575
-801 -347
-92 -15
-248 190
-206 836
400 161
925 -736
597 749
783 459
113 988
38 -71
-369 -845
213 274
-385 492
-580 -907
-327 595
24 -992
-620 -717
857 411
611 -802
-603 264
-843 -657
689 -932
858 -511
-999 -374
-411 588
-331 996
-891 -717
-934 898
866 255
-127 -930
840 649
-101 -987
917 810
208 -961
-285 -620
74 857
-732 381
197 -313
-719 63
-13 -788
-46 465
385 582
795 -940
317 314
-661 477
-990 -894
-43 -618
-6 -247
-85 -268
817 -124
-530 246
633 -466
86 -973
-607 -742
194 65
309 -984
543 741
100 -172
-23 734
-828 -686
772 688
520 -982
-457 -30
123 516
-450 327
884 594
44 478
-392 -576
-733 888
-131 813
-620 -51
-667 583
373 -914
838 632
-137 649
-967 899
-493 -497
665 -483
-888 757
904 -436
-699 -339
-975 -78
-777 386
336 -138
-462 -714
402 439
-688 -356
-612 432
460 -506
-195 553
652 -148
-365 276
656 785
127 -860
861 183
-552 -325
25 348
736 -517
549 987
650 -535
-532 -604
807 -880
382 711
-397 523
-341 435
18 512
-303 561
907 -834
-59 -816
465 -986
145 927
596 297
-654 -211
-374 -811
255 929
877 288
-71 -359
852 432
-27 -124
65 97
-869 702
446 485
573 -145
-425 -40
920 -798
119 395
842 535
-782 157
-41 168
-282 617
492 29
-159 595
864 767
-815 -223
623 -964
-802 -167
-124 -593
632 574
778 -947
97 -901
-79 289
409 364
449 -746
220 656
401 454
-388 399
101 37
398 -69
-710 -468
-202 -88
-911 23
82 -612
-802 142
-696 -522
798 341
960 -306
650 515
303 896
686 963
-535 472
-488 397
-140 62
146 -894
668 47
527 -519
332 495
-410 -467
134 -607
-992 820
535 18
-495 -930
-84 -167
809 -798
114 256
264 -520
849 960
740 838
358 -578
-853 -212
-732 -632
-730 -289
841 238
724 966
496 -240
755 135
43 76
-3 -241
909 885
-986 452
-663 -397
744 -981
-468 750
300 329
651 728
775 -661
541 -867
-552 868
727 443
-380 122
-422 306
958 335
-802 428
824 97
987 890
-885 -846
812 -542
214 965
-830 -86
-983 46
-374 -717
159 -890
399 486
-867 849
269 -687
-211 -31
-949 591
442 -314
-57 441
-6 941
-609 -370
334 -716
-205 -604
681 -897
-84 268
-750 108
-645 216
-582 -537
-286 -148
701 -594
931 870
201 -126
316 686
-593 771
942 539
-99 313
-608 -132
200 -702
118 -111
74 -81
721 605
-32 -739
790 -450
-943 -683
-610 327
63 3
-14 -270
46 -89
803 871
821 -578
667 811
695 638
-475 -663
-688 -28
-434 2
-687 766
-503 -75
443 -504
-541 669
572 600
828 -482
-260 -808
656 -595
436 -985
-790 -365
723 -209
774 -832
-319 740
-711 -481
575 866
-735 -146
470 -300
956 -261
-981 -411
843 -754
611 -665
691 777
-677 309
743 -304
-827 825
-505 -791
530 813
-504 883
-846 915
513 102
733 -908
-775 -2
-160 -823
770 231
343 635
996 -615
45 -980
139 897
-59 706
-770 67
279 615
580 33
426 -558
248 283
563 787
-778 981
-398 -990
-131 505
408 821
-588 866
904 -252
-840 244
435 -755
-404 877
562 55
445 269
-302 -409
184 -939
898 -284
-674 128
812 988
-527 -668
-699 67
198 -888
-155 -112
-151 -685
-506 54
686 -422
797 308
-482 534
-6 43
365 -282
-400 -637
-708 -550
579 925
-862 -533
261 -522
585 -996
-977 -271
-838 -622
512 338
777 227
-488 539
271 -736
834 439
89 51
580 -88
612 887
-697 705
614 -662
101 -93
972 244
-43 -311
374 356
568 -525
-477 224
993 -701
460 457
-105 -103
561 -224
940 -497
-10 -340
505 916
-612 375
351 330
128 -932
-65 -481
997 690
405 -547
688 -43
-265 640
-8 -839
-208 -469
122 -626
-117 681
782 946
192 -236
700 570
257 -599
-388 143
514 -186
609 729
394 -294
-205 -531
29 -999
-896 -650
469 -494
625 293
-364 -271
-980 553
-677 -76
573 429
-103 191
195 -107
931 957
12 438
-826 974
257 152
862 -342
64 -466
-524 503
-308 -176
714 -257
-874 -147
-362 223
-632 -222
-863 512
-314 10
45 -618
-589 323
-840 -38
-267 709
-524 952
376 610
-510 120
-621 -36
83 -243
94 -358
557 737
-689 664
-562 811
-280 -654
-222 -954
289 831
-219 -126
-379 -305
-120 342
797 -845
-749 365
-305 654
-193 -612
197 -801
-126 -731
909 -724
855 190
-587 143
-941 159
819 -239
-455 -18
-874 -905
8 -629
287 350
-598 346
110 408
-980 -539
508 -27
413 -226
-148 -496
792 -59
-767 -593
-464 591
-993 -167
-18 -367
209 -267
-196 -976
894 664
-449 440
-325 -854
807 703
223 157
455 -808
841 -162
676 -858
-670 39
542 311
963 763
-865 -20
85 335
-89 699
-837 -743
228 -572
864 -310
386 -109
-224 75
-217 -773
-968 -551
-244 141
-19 -575
571 908
494 251
-788 849
489 -26
958 -355
751 376
469 -941
983 -238
-904 2
724 -779
-983 627
614 712
-446 -249
849 693
-494 62
480 423
-85 -264
856 484
-887 732
-67 187
-318 730
757 812
737 818
-529 890
226 801
-494 898
-437 -976
-59 -231
-49 -341
866 -344
514 -126
619 -41
-708 609
-264 -789
14 1
214 -481
-474 91
-32 -444
-285 944
154 25
-728 -261
-574 953
-95 321
310 7
343 351
388 -69
-492 896
244 906
-107 65
710 423
-397 -906
-20 300
-992 440
662 -121
627 -891
128 -938
-574 -793
812 977
307 -304
0 90
-63 779
-866 469
-561 -846
-603 647
-17 -113
859 -223
255 692
-856 -630
25 505
465 -818
152 153
218 -663
489 -852
873 -846
792 -508
-213 728
-986 679
936 -418
-820 -465
917 7
593 178
750 -480
-660 803
880 240
-760 262
-584 -544
123 -684
-258 395
565 -172
928 -971
537 452
-753 76
158 874
-262 943
-173 -370
140 17
-331 596
759 493
-625 907
862 934
391 311
-332 518
595 -994
54 291
-402 757
-55 737
-594 25
-316 491
-207 -866
668 48
-373 664
899 989
385 43
446 127
339 116
-439 -779
588 195
251 311
-919 799
233 58
-932 -999
76 -689
-514 -244
899 -385
-122 618
199 -712
-179 566
-176 676
-707 977
715 750
-338 -523
873 -459
-289 84
615 908
-987 671
-609 -297
294 -826
514 -698
-446 659
-510 -240
-250 -571
450 111
-431 126
973 -962
483 172
-345 979
697 -792
-202 380
714 -143
783 -100
-721 534
-864 -93
-332 -555
-366 927
-926 -617
-213 -251
-487 -471
-347 -674
-514 841
273 82
649 -347
-839 -443
-212 388
-472 900
-845 -751
731 -689
-546 -69
341 165
656 463
227 993
965 -720
613 614
-122 892
456 -132
109 607
-460 952
-744 -236
-919 125
430 -432
-712 -763
-638 14
-989 222
-661 -120
-91 645
-976 730
127 900
837 -201
824 -868
-906 280
-381 497
198 488
462 -392
-857 866
607 -158
-424 470
797 38
273 -82
-177 -160
-882 724
935 -276
381 -1
654 -127
983 626
541 286
-751 3
-449 102
-31 -820
-616 -852
687 101
579 -467
-366 908
-961 160
-106 282
-984 -802
-498 -954
85 -174
-594 -426
934 800
390 -454
378 805
270 -842
2 627
789 -381
216 -519
104 -298
717 613
-301 172
-970 665
538 -22
-683 223
-412 -937
-249 509
-452 -457
513 -377
-968 -186
681 -376
854 -374
-858 -321
251 69
136 425
378 381
-378 322
-444 -52
746 -868
820 -569
-434 -100
-72 928
355 920
-833 -454
277 417
38 -448
-639 -576
305 69
786 -78
634 -502
511 -924
-596 -830
773 -739
445 -906
196 -657
-35 -457
-981 572
529 -345
819 -200
623 -761
-164 307
-776 351
-710 -908
-233 704
862 -619
-324 810
-187 -32
-921 -116
-702 158
-939 -368
187 -710
-499 -925
-492 -57
88 965
558 247
115 -635
-931 87
-603 -101
-627 -740
383 -701
-589 671
-201 -227
707 -616
370 -875
-795 331
21 -781
183 246
-741 -733
-414 -154
-475 515
-516 -275
916 382
577 -395
518 587
240 769
-558 870
119 -696
115 -374
351 -191
855 -956
-153 159
-603 215
-480 154
-319 -785
843 401
912 55
-923 513
601 601
302 68
2 745
-675 970
-233 753
-140 617
425 -293
707 -522
412 576
-242 447
-51 612
958 702
740 495
57 -610
-224 810
-991 -437
124 349
302 44
723 796
555 656
-745 -165
545 -998
753 -410
998 364
-7 675
-412 -475
660 -894
58 555
255 -998
-349 -808
-898 -364
985 804
435 740
584 -538
-993 -597
-414 -406
874 -514
-730 -718
-189 949
-592 -115
88 611
-368 153
-333 -743
106 889
344 -582
-606 468
-671 93
739 -557
326 -332
964 841
334 95
106 65
-104 929
-452 569
231 -610
921 -799
559 442
-470 610
97 -671
-808 782
200 438
700 316
-414 604
-263 -175
-801 583
-326 -706
-822 337
-932 -212
200 636
697 -360
868 -774
250 447
806 238
571 840
999 -14
-869 133
855 -923
-133 -344
921 -469
-62 -123
-12 -285
595 524
-839 -777
-850 228
-29 -602
-777 790
498 866
138 735
71 393
-775 -156
-659 292
236 -797
412 -863
838 -769
-162 -831
871 664
702 850
-283 -100
-332 554
602 591
-303 -743
509 748
891 956
-175 -614
-872 -687
-226 -483
-149 14
-383 -157
-256 432
-331 681
-936 678
-514 -239
-812 -214
-86 309
930 -702
-137 760
-295 571
51 529
-571 -527
-953 999
594 959
913 -420
872 -214
-652 570
-133 -900
-704 -529
-752 -79
305 488
831 -124
-295 767
476 -712
637 -875
-140 486
226 814
25 633
-428 79
-308 75
986 -888
-723 174
299 114
564 -709
-161 -344
494 -68
343 374
855 -744
-278 -45
218 -174
197 590
170 -304
-176 570
974 -484
432 -823
-353 189
449 -214
-446 -316
304 483
692 -521
459 -579
-407 -627
-120 -846
323 -386
-986 -696
-476 -919
5 -36
-126 146
983 893
-435 -94
-380 -482
-173 381
-593 633
718 450
-469 -108
483 614
-965 -459
26 -386
156 -923
-931 654
-29 -89
-15 -76
327 -666
-411 100
-978 -992
238 451
695 69
831 515
-694 45
634 546
802 -771
-599 -495
791 153
729 117
748 -634
-934 -368
635 -537
-422 861
-846 996
235 607
-931 -38
425 -729
-591 -458
173 -761
780 239
462 -326
47 199
-179 208
-169 448
-675 -645
-578 -82
-939 124
-539 241
806 331
510 223
-196 -503
972 -604
709 118
-150 90
131 -15
-196 -441
977 243
616 409
119 331
-93 50
-337 -103
-20 676
868 -582
-519 -116
-210 -826
148 -737
-641 923
-381 309
-869 -857
-469 -856
57 -263
-461 940
-819 -939
199 748
513 266
-348 872
743 -523
-515 -975
-624 -575
143 625
-358 933
618 -661
-195 -483
619 -170
723 436
298 809
376 262
951 -90
295 569
675 775
-175 -811
-192 186
-211 536
265 -676
81 -693
-992 54
162 482
-566 651
45 -234
155 142
132 19
961 932
120 882
194 125
-534 -555
-43 98
880 -172
-463 -610
712 -854
376 -323
478 239
819 358
-163 468
907 -856
-104 -128
59 325
999 14
823 -126
-911 932
-934 -165
-244 930
-13 230
646 463
-658 943
113 547
-861 -371
976 -284
896 -921
612 98
-155 201
-826 -110
-957 -716
420 779
756 -102
922 531
-55 -891
454 40
439 427
858 -611
912 -270
47 -853
673 -765
447 788
-561 -879
351 53
784 487
-929 -108
235 -717
-590 772
592 84
-900 889
-377 149
303 350
248 -776
-907 920
509 -607
-741 522
58 -472
-558 517
600 -787
-90 -586
-939 -663
-454 -499
-660 -823
442 687
660 649
639 924
538 -253
-31 446
-386 -171
-2 -777
815 4
-819 647
406 -253
978 -16
-429 978
528 -805
-262 599
-832 823
477 -50
676 549
855 -143
-838 181
475 53
337 239
1 427
527 945
157 -78
237 -564
557 109
983 894
265 328
437 -723
-87 -438
41 585
646 -357
727 -609
496 178
-937 684
-365 582
-550 -119
602 -287
238 288
-561 -829
466 -800
920 573
152 -875
401 840
-209 -988
409 -439
-356 762
495 -41
-868 803
10 759
107 10
-903 667
-430 -381
639 -177
-541 -998
-483 832
-331 650
93 75
-978 -818
-349 -86
964 616
851 -931
-542 -653
784 890
-581 -614
-758 325
369 -715
-715 -225
418 -825
602 638
-104 393
-177 112
-434 -796
-522 -240
-335 817
-505 -459
253 242
-179 -162
-893 653
386 557
268 604
-391 -794
-545 -346
575 -809
-366 -869
-526 -218
-749 -989
974 44
564 -92
202 515
297 102
-635 -159
-591 -25
705 594
214 542
587 -792
-186 -911
720 82
-418 -651
-848 333
-919 -455
-497 318
141 497
161 -213
64 980
-575 -563
365 357
38 -9
873 770
613 -957
-987 127
325 914
418 641
518 0
-731 314
383 441
-224 567
666 -178
413 971
992 -906
-918 -198
-428 -635
694 -778
-63 830
541 -950
-845 329
805 840
-121 -429
-409 228
-93 56
877 349
-253 -350
-273 -178
505 -689
-708 -359
723 308
393 928
793 116
411 -879
-402 255
997 103
-494 875
-799 897
409 740
-930 -15
-945 -445
-930 -731
375 -848
94 -665
758 -456
306 499
-46 -867
694 76
506 -287
486 494
-27 289
744 385
-197 545
-353 530
260 -196
-721 -782
626 9
816 -324
-496 268
-972 760
728 -974
55 785
934 634
-631 599
926 -75
-580 -364
126 12
47 -177
676 180
-104 -941
350 -797
-670 862
85 -96
458 953
-745 909
-167 -310
679 468
-558 -405
325 467
793 553
461 263
-440 -211
-766 169
-446 443
-441 -100
771 284
17 -189
-210 -212
-145 -990
-427 804
933 -420
807 -347
139 -442
-788 505
-631 878
960 -838
320 911
320 48
-345 560
136 203
-389 959
938 325
-524 -447
-84 806
-840 999
649 180
-351 912
628 -191
-563 961
-820 -589
489 246
387 514
205 -666
189 -476
-905 -889
-646 -999
24 664
-638 854
287 -281
-348 -878
184 822
173 -413
-301 593
969 486
-140 -915
-533 225
686 -464
-787 -599
-914 -797
-41 883
905 -423
-544 -869
-282 524
550 -441
731 -580
-835 810
-89 872
10 -153
-509 744
190 716
727 -223
33 -822
910 774
100 -217
-806 399
261 803
-682 603
913 523
878 261
-852 -321
-642 -567
544 948
-946 52
792 -967
-919 237
-662 859
-143 165
374 520
691 416
-671 -748
-743 -687
-736 -483
-556 -872
118 575
487 -661
573 -760
-558 821
565 -823
-877 706
526 -462
-594 375
918 282
327 50
-639 -718
-28 -27
940 -665
-269 -222
512 810
-723 -251
151 -448
-280 965
-687 280
-402 777
228 145
-176 923
-11 1000
-488 -482
585 -781
482 975
635 815
809 781
892 730
-591 -631
-915 -752
-312 892
-453 -346
555 -981
463 697
90 620
-780 -636
-804 -234
-203 148
97 -613
525 -163
-69 996
908 489
138 -159
-934 -700
506 -594
366 648
-803 -427
-932 249
-536 -570
-112 -671
527 727
-850 -485
704 44
406 -274
-496 -171
-232 -65
-759 -389
267 454
-689 -24
-434 540
806 -582
348 682
-28 167
-145 641
181 29
828 410
467 833
-151 444
146 772
575 -738
-578 -251
-126 -749
-220 -711
-431 415
-207 -165
-49 -116
-179 -860
-674 -962
757 410
815 230
-292 -71
522 -886
816 -430
-930 400
284 -826
-631 -932
721 946
-443 687
948 -520
-490 860
-73 961
934 -70
-441 821
-99 -116
713 -601
2 -112
771 -783
-876 474
-179 -141
-443 -898
-859 987
459 -224
851 -956
983 -451
337 143
-910 -938
169 -509
219 -785
-404 916
-719 780
-585 -715
929 119
132 654
-753 -462
-318 -485
-330 -400
5 -613
286 -734
443 -972
-992 -925
340 679
-852 611
-609 616
197 372
933 858
-558 230
246 -884
-204 131
-953 279
-810 -630
711 947
296 -819
196 829
666 506
241 -759
-54 138
612 695
829 -420
113 -808
413 -497
137 -178
-265 594
-687 534
-974 764
-430 340
479 122
564 386
-524 -771
-6 -791
951 944
333 -148
795 314
537 -152
-884 -871
-568 -100
-597 -887
272 425
281 -521
525 -232
964 25
-818 830
-749 -38
850 961
705 -633
-288 632
-436 -884
-473 -844
-756 812
299 465
-702 -798
-374 12
390 874
898 561
575 815
211 412
-591 -908
468 -820
713 306
216 -377
169 -683
-307 -287
-462 341
440 42
-28 774
274 -917
967 -241
321 158
520 858
839 33
-349 545
-420 -583
851 307
-565 -665
-853 426
798 685
738 -499
473 -724
-95 421
-665 757
-724 977
407 285
-909 311
-444 333
-74 305
184 -545
843 -604
719 792
464 -352
891 -554
-866 -390
540 -951
-492 -23
924 -109
-928 546
892 910
-20 133
-864 -673
173 -76
252 -114
363 -377
747 579
95 418
-636 209
-352 -671
908 642
-899 -839
-966 -250
-503 -497
878 -901
520 854
-865 396
524 121
631 442
254 -323
671 -773
109 388
-854 -794
-343 -559
-637 -838
957 896
55 -206
-226 -63
-479 874
407 -759
-568 -114
-735 567
-264 311
-893 -9
-141 373
750 201
-505 428
-635 -656
493 575
847 778
-555 -259
701 595
627 -786
954 -887
888 -595
935 749
944 979
162 -306
16 -728
-918 -810
748 -695
-620 914
-949 -152
251 867
-374 902
-710 -634
752 -606
809 -157
-745 495
-487 344
599 152
928 -12
-960 387
372 -972
638 -442
24 -434
795 -835
169 782
243 -489
342 804
186 148
449 -613
-226 928
200 -8
-2 -99
162 376
534 -718
-309 390
-929 -747
-337 143
-550 -262
199 438
-314 858
213 791
-73 -270
-561 -899
-458 481
861 -958
646 975
-749 -278
-291 975
-850 -33
989 323
-16 -517
-42 770
-662 -600
876 -725
-675 456
679 263
-785 -525
303 480
-739 404
-907 580
134 -381
385 -936
258 -511
509 -835
565 -570
-396 -604
-282 267
811 337
-225 -521
524 226
-494 506
-779 236
-352 156
452 794
218 -701
-33 -203
-589 422
421 -221
973 -923
247 736
335 -138
132 -787
-665 -626
776 795
-45 308
114 -762
144 -122
-903 -622
592 472
333 -937
-596 -768
556 -3
-786 771
-4 -170
-933 -258
802 -145
-845 -859
-492 613
889 -164
-973 -505
865 135
-521 -913
-515 722
281 960
-570 544
322 -192
-324 -411
53 787
828 306
-932 -708
-795 836
550 -30
-903 -68
780 -972
660 157
471 -467
-369 -8
866 -394
-462 -105
-450 -465
-149 348
139 -628
-495 -312
-160 448
-616 219
175 58
-30 719
-869 -798
-229 451
-892 483
385 169
-727 -554
150 927
-597 291
998 190
-591 630
919 -428
-80 227
356 946
871 -229
-152 182
732 -614
636 311
-551 183
-913 -302
-699 -407
488 711
866 745
926 -461
-438 156
-286 -739
393 446
-302 528
-854 -866
-387 -213
-943 -708
725 491
-660 -108
-840 -461
137 520
-898 225
581 335
849 721
-821 -545
-2 750
1000 652
-706 701
766 -2
-141 8
-289 53
115 731
342 220
-873 385
-827 -449
497 -803
625 797
-897 600
750 -420
499 -930
170 -961
-753 727
-517 280
961 38
-407 -561
915 356
393 462
159 235
703 -957
-299 962
-943 163
749 475
843 -193
-244 943
791 -280
231 -203
297 706
-376 -811
893 906
468 -336
896 -568
-855 -532
847 -28
729 -80
306 456
936 100
999 -343
709 39
-322 85
27 158
264 -420
-779 112
-256 -129
387 642
-475 -246
-49 -557
-499 -847
207 -745
74 -452
729 -187
889 -637
392 -303
47 -216
161 647
355 376
-44 700
-86 -497
-364 -379
-507 -770
-602 -860
-213 -129
538 103
-41 -781
522 -49
-976 752
54 -895
-85 -819
-836 431
-799 -807
809 -235
288 703
656 275
-173 266
-435 -899
-975 152
-711 293
-264 -31
-260 -924
854 453
-875 -197
-773 504
521 924
880 765
957 -696
342 819
276 23
463 994
-457 442
-723 -300
552 497
-915 981
-698 187
-462 281
-402 -575
498 192
-650 -158
626 -917
634 798
240 -517
-685 -670
692 -737
410 454
-713 -310
-127 8
879 998
60 919
-624 572
979 767
-221 703
-232 152
3 747
-394 -578
-723 593
-416 -114
20 144
-219 310
-107 948
-251 490
272 206
-27 -202
129 -57
547 -120
-62 -779
-295 -775
-382 953
897 656
-558 639
-627 -91
884 499
-444 822
-30 -700
-724 364
-304 890
-949 267
-878 935
476 493
-597 -320
386 828
-997 504
399 -926
167 -655
322 -496
918 -637
-30 689
31 -376
-115 -899
340 -754
-976 860
-499 234
-539 -447
-427 13
-146 -749
262 712
