3399
-881 726
-883 -699
711 -810
-697 -504
921 196
-438 600
820 -439
-692 -289
386 195
560 -184
824 69
-815 -717
592 -192
-437 296
-442 30
-307 446
-667 194
559 -776
639 306
771 709
79 608
766 469
544 940
-429 -757
-838 -358
-12 790
-496 -461
1000 -2
-229 -179
668 -577
-924 553
-438 663
-908 -575
122 -976
-227 -529
476 -708
-27 588
241 -332
598 -706
557 -320
327 -465
-611 -860
-135 -851
680 -513
290 -122
-248 900
-695 272
-762 -107
-106 506
-649 -589
87 -507
569 134
355 384
588 525
576 -505
-399 661
-461 -982
-396 -614
619 -195
-215 -48
444 899
936 14
-115 -998
8 543
481 405
-82 249
-969 908
947 891
833 821
374 823
-300 -161
-521 -333
-300 -349
-400 272
110 -22
-222 502
-685 -83
-605 -490
-840 127
905 -369
-545 970
-219 -372
147 -947
-287 -478
-506 369
-312 267
-100 -273
-824 946
36 338
169 461
922 -900
635 -212
-466 842
-335 356
338 455
-832 -293
-106 -302
566 322
-780 -242
715 596
748 686
745 785
-34 -786
-276 889
553 -368
696 842
966 635
-691 -8
-716 4
-357 672
-670 -870
-986 396
735 963
953 564
899 585
-758 985
-983 -765
-878 -544
-605 -541
57 -111
44 -268
692 686
396 -224
495 -93
-1 -158
-183 33
-782 -975
-830 697
627 23
517 969
998 -107
-906 632
-953 -104
986 -110
83 585
858 -286
85 950
262 563
-541 513
-439 -603
197 908
34 240
713 -494
-964 843
72 -987
-878 -550
502 538
277 554
828 965
330 540
-906 437
-684 -333
-195 14
-667 -113
-894 568
-76 -602
-353 171
734 245
462 -793
525 -22
823 950
-471 767
-437 -895
546 -393
210 -685
-423 857
-108 -800
-703 126
-422 228
730 -934
227 924
904 -851
438 709
486 -9
-485 23
524 -755
184 -272
626 -561
269 208
626 -586
751 -535
-97 511
-123 483
-55 -696
405 -688
-900 -802
-196 -939
-900 194
-560 20
913 -193
854 -886
898 398
243 892
-413 -92
-428 497
-545 976
332 351
917 327
81 -539
-157 -276
230 635
-781 833
295 492
-680 -545
774 175
535 -219
-135 137
-282 722
640 867
-281 68
-104 -421
945 829
385 -979
-718 -184
240 -194
-681 976
85 444
920 -789
554 -9
-651 -150
-352 430
-303 -848
-438 10
33 884
-969 188
451 503
-240 -138
751 -652
-106 -133
-977 -516
-278 918
-322 493
553 331
163 262
-162 64
-54 444
822 -614
103 -615
-798 151
-598 -454
-609 -193
-959 486
-74 715
-494 447
323 1
-477 985
-170 997
432 11
236 -464
-966 -168
571 478
-384 300
768 825
48 -136
137 7
826 -483
-286 21
-663 745
17 304
48 -589
224 -424
-473 199
-962 -796
835 -431
-251 484
-88 298
-887 265
302 627
-186 -891
724 -571
423 754
-184 -395
-457 -460
546 696
56 -705
964 -933
-299 -73
-398 928
681 266
-878 280
-437 -595
-398 883
224 489
-307 -135
-928 -987
844 375
980 833
556 761
437 -42
772 -790
-459 847
-189 541
570 -730
-323 -806
-434 -129
-270 632
632 -283
434 -660
296 407
-780 -634
-330 193
-449 -313
968 -518
511 -830
278 210
-360 616
-402 152
360 -430
39 701
-193 941
903 971
-387 -120
-542 179
400 -963
-807 -390
-709 481
288 417
-954 268
411 135
-648 -72
960 416
-795 -374
-243 130
120 194
-973 196
-896 803
-470 -218
-69 -415
99 735
-685 -898
-357 649
987 -829
389 -130
-344 -753
-267 -977
960 130
701 808
-956 247
-520 -266
349 756
776 -156
345 -830
-240 -215
51 683
-607 674
-413 582
-922 111
203 -300
223 78
765 -792
830 -358
-274 -519
195 499
-836 -664
632 410
975 -559
-691 916
-175 -718
1 -278
-915 -355
966 -606
985 -18
-670 -463
-28 171
820 -245
-578 655
-306 448
251 -11
-4 -521
630 741
246 104
-795 -495
-567 492
273 909
902 835
-110 16
-8 249
173 958
-137 808
-627 -543
-466 188
-269 -453
-980 -534
-658 733
-98 622
-135 -234
-712 -441
455 -725
-490 372
-528 201
437 -373
-471 -820
-336 -66
-667 -307
-388 -3
927 -658
499 -919
-845 533
-558 -321
-449 634
-734 447
653 -366
359 480
350 616
682 164
566 -929
823 331
507 -712
726 489
-453 -780
-389 439
-639 73
333 -981
-714 -283
-313 870
-57 148
224 354
603 -974
-5 -631
257 768
110 660
60 -186
-860 -23
143 637
242 674
23 -134
-102 -962
-549 811
274 -536
773 -878
-46 -214
717 339
-304 -144
-550 -691
364 -308
-711 506
43 765
-950 951
-828 -673
893 -941
988 290
-976 809
307 122
-122 -516
811 762
391 -235
76 -32
-342 -194
922 879
291 -692
338 943
765 911
-793 -506
455 -310
335 -60
494 -78
364 -913
175 983
-788 355
-935 -909
-320 136
-956 582
590 -79
453 990
-842 -535
45 535
-811 652
214 -329
187 279
-373 695
-19 336
890 -31
250 163
459 -755
-450 594
-51 -759
-758 458
-75 428
894 486
535 -598
-324 533
-239 -42
588 -693
-325 778
-721 -568
-561 -683
325 299
1000 249
78 -971
220 -94
962 -274
905 310
335 -519
658 384
-907 -74
-921 860
68 -117
-458 -768
145 194
628 -705
635 -622
-342 365
593 413
720 -655
368 541
395 735
-978 671
54 -718
120 299
-382 986
923 73
-530 250
709 -269
-843 702
-133 -902
-166 591
423 955
-123 567
-664 -545
459 451
-649 -28
511 652
939 77
955 -556
-995 -38
381 690
57 -281
-701 -932
-471 -362
197 -600
929 -468
-44 641
827 -419
-185 106
-191 -232
528 -171
-419 -63
225 800
-911 -144
-783 -75
-283 -675
812 -593
-667 456
-562 -421
-297 811
78 581
909 575
-293 190
351 623
-984 623
-330 -576
-712 47
-71 -997
-984 549
-984 -48
351 -612
538 -804
134 -262
-776 -395
200 -113
-506 570
345 190
85 731
470 -642
-485 25
-79 -786
-259 -241
538 747
-718 780
492 416
200 -730
-851 339
995 959
468 -262
906 -252
104 -64
416 187
-99 859
-397 -392
142 -199
-842 148
25 126
784 605
-946 -129
-222 -405
-682 -388
-247 745
-924 -880
-296 415
221 152
-814 -497
-281 -27
299 -26
-989 -861
-691 239
-406 246
138 -538
185 -168
421 595
-643 739
175 353
-178 335
-45 -655
-357 -389
528 242
-535 -52
810 -786
748 552
992 195
994 575
684 -777
371 -738
94 857
-615 260
981 551
-594 673
946 -396
619 706
-211 534
-965 -466
-347 2
561 478
921 487
944 62
-104 -309
-701 -137
-855 119
831 953
217 564
-337 25
728 99
-790 367
883 782
-11 -467
337 737
411 911
509 -634
765 85
599 963
730 -30
-807 -747
733 690
-726 57
473 30
484 463
725 -336
-745 126
-88 54
331 -266
-731 311
-618 -56
-556 374
-382 -346
-844 -198
-677 -757
578 810
620 249
696 666
56 -411
839 -490
-344 82
-669 -63
-840 -751
705 -195
-352 -348
-78 -471
643 645
13 557
746 603
-290 -651
207 -506
97 -577
-71 463
-51 84
875 -399
913 713
811 294
832 292
-92 882
988 -3
-485 608
468 59
-526 -945
206 234
-786 523
-540 -99
-935 76
942 488
424 -977
-157 -69
-181 711
-576 -434
-490 -846
708 864
131 635
-398 846
-908 323
-908 -236
-375 -578
624 485
663 912
797 -677
-349 917
978 222
961 -526
323 -587
-160 -738
-693 -466
-830 62
568 -754
-372 450
666 872
-605 164
-198 429
321 491
-693 -840
-21 -159
241 167
-957 906
-492 217
-356 239
692 427
129 -835
-758 -847
-315 66
-460 485
-631 465
-260 898
-544 -390
-803 -706
115 -196
805 249
371 566
137 440
98 -271
-883 833
433 622
-849 788
440 -705
-650 799
-728 -906
-818 15
257 -384
129 -875
-445 -977
-763 286
565 -901
-119 -255
-473 456
-579 839
233 804
596 269
1000 807
651 -694
-468 553
-201 -81
-301 -814
880 -207
60 -667
112 520
-173 411
-757 790
-672 143
268 -217
-241 989
-76 748
-898 810
945 566
104 -142
112 -829
-203 341
660 266
-18 335
-158 934
481 778
946 -107
-342 660
-874 110
-4 736
-88 501
627 -401
534 543
-6 -309
909 531
59 -280
-793 -665
490 553
517 663
225 -428
-597 -764
-838 677
-674 -879
-785 772
623 542
97 -825
37 640
939 757
-964 983
597 -112
-560 -882
-344 -17
-728 -864
-123 -113
931 -993
-220 -887
260 724
141 720
-3 -841
-247 -606
-99 301
23 250
-694 787
127 887
-499 -947
535 -129
769 -723
774 353
-534 -332
316 -2
437 266
-450 822
468 -658
-140 627
374 -739
242 822
-119 -476
-362 -749
591 292
-666 525
434 -808
600 -158
-968 -664
79 181
309 411
-663 -657
-220 480
-7 -93
371 -743
-75 -156
850 524
-496 -536
-854 570
-330 265
-723 -884
794 320
626 993
-16 800
878 393
249 -300
914 -929
402 -664
-553 -472
-420 -775
-22 -978
-118 620
-905 -884
380 -624
-360 488
-449 340
-277 -477
754 -666
229 -192
278 -63
698 150
-483 20
520 806
144 195
902 59
-898 -721
-112 485
905 164
688 741
-273 727
364 -218
345 92
-270 848
-987 745
292 -627
548 -755
324 -616
-332 -865
-577 697
-405 631
586 -671
601 685
-706 -426
875 -749
483 942
-513 -669
-323 -356
283 -439
-391 268
157 -624
151 415
-47 749
101 406
-732 684
-416 -721
188 -148
-85 433
-797 939
-21 -488
-696 849
-456 -129
853 -882
836 -47
303 -108
649 495
-448 163
37 815
356 -569
581 905
134 -813
-749 545
57 -902
-721 -764
-714 -815
-913 -92
104 726
-88 450
569 -801
920 -722
204 884
345 848
-649 -309
-458 -555
23 309
523 -199
-62 508
-433 -57
971 569
-719 -558
776 215
-877 -175
659 -853
602 -563
163 31
834 411
-279 -559
-831 184
-741 -578
-685 328
384 894
431 -307
832 463
-500 -695
-134 34
-970 -638
-846 166
-817 -216
-783 -362
-394 665
-517 180
-391 831
992 -573
-662 431
530 -298
131 481
41 731
554 415
824 677
147 222
846 220
-920 77
-83 821
-278 -239
-806 225
-107 -963
857 -600
-363 -61
855 434
-724 892
-331 522
894 -696
-8 322
115 404
866 -44
427 975
-50 655
495 -725
879 -388
-212 -348
710 195
175 531
469 786
-97 591
-217 391
-83 105
-500 -782
29 -44
407 -259
-989 -825
-698 -10
621 995
84 -173
546 180
-895 83
-978 808
749 869
603 656
983 -918
-18 -134
-120 -583
872 747
-369 -457
-72 -18
156 18
-815 -690
188 579
368 -61
855 -976
-519 -145
-21 -573
-41 38
-538 -243
-159 303
-617 680
-421 765
-509 896
258 -963
-778 895
966 686
-560 219
21 -302
667 401
668 919
271 -737
525 437
-331 946
-576 70
475 709
-470 -106
-563 548
221 208
-178 -988
-827 -971
681 20
-49 523
-533 -96
-888 299
-867 553
-886 -265
275 358
646 -867
-873 -870
-864 -913
275 -237
749 926
464 375
797 875
-750 -323
-311 -452
-496 -691
284 639
-459 663
-670 144
297 -524
-878 874
-323 -449
-518 -544
856 274
175 -502
-251 529
-910 735
-198 -344
786 -171
-681 68
85 330
435 34
420 399
-330 -951
986 106
886 -743
234 -487
755 -47
724 -474
-622 -142
-90 862
491 -426
354 960
337 303
565 359
741 -913
385 -426
538 -885
944 -906
262 -817
600 129
-50 400
125 284
-577 -667
265 231
-4 -525
908 197
491 731
-683 -454
511 -892
797 440
164 440
-410 393
892 -415
567 -998
125 144
-27 156
551 -783
752 42
759 -975
675 298
-898 -869
-278 -491
142 630
-734 -955
-758 511
274 274
331 -906
-324 666
131 -646
-174 788
3 -956
344 -188
-694 -27
-259 -739
-988 95
570 -936
-433 -588
872 423
-227 97
161 -456
75 -471
685 442
996 978
825 115
-331 -480
615 -660
-193 -508
697 -47
848 -958
540 -294
830 -362
773 633
-647 85
396 322
110 -477
475 -260
-965 361
-763 -709
-762 50
967 762
476 986
657 -231
-917 -410
-543 810
-641 914
420 764
798 478
780 948
434 -970
464 -257
-182 -972
-345 -135
464 855
35 315
841 304
-226 -761
302 -928
566 804
78 -988
328 -616
576 492
318 41
-102 239
136 -974
804 -993
604 -554
425 -772
-642 -777
-45 -565
-690 -765
-476 -541
357 180
917 -485
14 469
671 85
-315 51
251 24
-544 602
283 -495
592 955
-459 425
935 -353
163 -460
983 957
956 941
-417 923
-127 -269
341 -873
407 625
338 403
-88 -991
-48 -45
456 175
-43 198
-727 -339
-659 -106
974 -965
937 945
-800 338
139 -716
627 -139
-963 10
-826 904
20 857
877 -100
393 471
783 -592
690 -385
-721 487
531 502
-644 -182
86 76
-249 -227
683 469
-200 32
-591 -45
-784 28
912 -487
348 186
-259 289
-17 -589
-533 -7
-99 938
274 320
824 618
-286 178
651 352
-492 37
-231 919
-395 -270
467 293
657 -669
523 -311
-191 672
-980 354
518 344
166 414
-94 976
-645 520
985 -803
-949 -129
938 -958
-16 903
-738 -615
778 -831
957 465
-968 -711
-348 76
828 436
456 183
-324 678
-121 86
-584 -954
643 -651
559 -431
-386 -17
400 430
692 -99
578 -393
444 -433
-989 -669
894 330
337 453
673 -74
266 -187
-596 661
277 -304
792 -654
974 17
744 32
-830 301
697 -354
863 128
360 -52
57 -599
199 -896
-516 326
-611 -795
-683 -289
977 -312
-545 -827
-667 178
-353 904
739 -970
-64 -7
632 -904
476 -876
211 834
751 139
-851 -633
748 -588
806 819
-932 257
-988 -343
843 -975
795 -757
-670 282
-21 264
546 -636
-595 648
645 981
-212 839
165 14
-892 658
858 57
859 -971
-923 335
-638 -159
349 572
-773 175
-275 82
568 775
378 -210
-24 -867
902 637
-544 480
-537 -131
-645 242
629 -92
850 375
-170 -415
187 495
-294 -171
866 -862
998 367
553 239
-367 -166
479 307
-895 -8
545 922
-957 12
532 951
-163 729
766 -252
-876 -227
344 -455
797 843
116 13
-603 -421
-401 286
703 -382
870 480
945 34
456 168
797 528
-496 758
465 808
15 -283
-769 -558
348 179
378 -928
-997 31
-27 63
-705 -714
380 538
-720 860
-65 414
-581 -245
-797 624
-132 -706
296 223
-739 -309
600 841
-500 -190
-108 -930
-978 -344
-785 -696
-314 770
-408 822
195 -525
-712 155
141 -955
256 26
-433 840
816 350
595 -612
760 -757
350 -545
-256 -809
-448 565
-378 791
-469 -853
699 -310
-242 -230
-100 -586
-119 -340
-383 373
-913 97
-295 302
971 735
433 451
-45 763
-938 -594
-866 -758
-336 203
486 -841
235 660
283 147
-11 -513
29 -353
234 -823
8 376
336 -64
302 343
641 -494
950 359
796 -569
247 35
-70 -593
866 -298
-238 715
-413 -928
637 -851
-793 537
951 448
-949 -984
-822 -602
-872 385
811 -220
177 -352
209 782
648 88
586 290
-188 124
-659 822
-907 632
-627 833
817 87
-558 843
-106 -811
-153 -412
-881 637
-364 -523
-382 60
-421 -823
80 -748
-430 154
-966 -244
-813 -707
-636 557
357 107
252 -405
696 -76
952 -171
-109 -332
-239 -642
879 -349
-31 40
528 927
446 -924
808 -408
356 -838
202 -241
-492 -887
79 734
431 -66
-709 599
-623 534
636 -916
-561 994
473 738
-417 61
-891 181
618 -177
326 138
706 -513
602 -712
324 763
370 916
221 136
-554 -129
-20 857
7 48
860 384
34 978
-66 582
922 44
-503 234
307 -781
-15 -805
-482 -544
-679 38
1000 257
-488 -561
-878 753
989 721
639 -9
-45 836
384 -448
916 1
592 -308
142 200
-401 -310
-538 732
-593 67
271 900
-320 264
568 465
-324 -245
729 -50
290 -882
221 219
644 -354
-723 152
624 -146
-111 -301
-49 -348
902 992
-656 661
334 172
-254 991
-117 753
868 -870
857 423
237 -930
687 591
-742 -332
-316 671
-84 653
-158 157
478 578
716 476
-312 -991
-897 408
549 -413
26 786
-940 -178
973 -821
226 -498
-348 -511
-77 -781
145 -965
-574 473
971 -892
-993 554
-712 42
178 229
924 21
241 -357
-160 502
390 750
-191 -203
-211 -648
-98 137
913 -291
-688 230
-91 -751
535 185
514 487
-967 180
-828 -305
698 -696
-189 957
170 245
755 -998
417 403
-869 -995
-916 -882
-763 -58
6 -107
107 958
-747 368
-691 704
-198 -141
-510 -459
182 -475
837 611
429 511
-53 -972
701 213
774 727
651 -457
-20 -840
-926 885
-588 910
363 -683
838 568
-212 613
865 -376
97 -130
410 -117
91 239
56 174
283 -698
240 353
-179 -19
-990 25
262 -343
768 -633
-868 850
722 74
264 353
-148 278
-948 61
491 81
549 645
578 -430
-976 572
822 217
268 -74
364 -276
-733 -475
-657 -168
553 322
-655 -109
433 -708
-25 49
-30 -285
-253 701
542 338
33 643
-739 -322
-383 608
-933 530
296 -166
-329 -137
773 814
-937 -492
52 -420
-36 185
806 946
282 -356
683 -53
724 257
-395 566
-887 682
204 375
81 -766
-831 351
-25 -262
804 -613
-780 -496
245 -595
-640 51
-645 733
680 968
102 558
-194 794
-778 -624
275 835
-408 250
678 558
-812 -396
-934 489
424 566
-215 -421
-925 499
620 10
34 467
902 -503
-901 -749
164 -539
-565 702
261 317
671 441
-183 -317
-875 240
-420 -347
-431 690
-753 -150
-640 365
-565 -642
237 -710
86 -387
485 -457
562 -192
-933 359
552 760
-981 394
728 14
-256 -724
286 567
708 208
-781 808
-436 -279
169 -898
-497 508
-315 -933
122 376
507 -848
726 -639
267 238
981 -224
-275 -965
-305 907
-354 836
-144 515
57 328
-675 -366
52 -913
-677 818
48 -435
-369 172
-578 153
194 -827
-718 -996
-99 -7
73 -341
-577 486
539 292
-752 -985
352 -39
-714 821
786 413
-952 -50
-266 -526
935 -173
842 -834
-394 -892
590 754
-915 826
19 617
-526 -840
-602 -831
915 -495
825 76
548 984
-299 -749
-981 587
-430 -961
-803 -835
-558 -824
-649 630
-975 -629
77 -517
798 -773
-637 974
839 511
925 -539
247 86
-89 809
623 -694
-748 -347
214 -741
-328 -533
-752 -970
180 470
-753 -678
997 370
-723 -519
940 -884
710 -913
-772 -711
70 277
-714 -857
-778 -654
501 407
-746 -329
-200 -490
-998 760
-669 383
868 746
421 -831
-186 -737
392 -849
949 339
411 396
-420 68
-416 707
-521 116
373 568
282 -817
707 338
-59 699
184 -845
-999 -317
181 749
-8 -78
-408 678
-370 -496
296 645
209 159
-510 -332
331 595
199 -875
-654 227
18 976
748 211
954 -398
-43 990
412 373
-724 180
343 -753
849 295
-11 61
80 -459
332 -515
-102 694
-503 -147
168 -988
-456 5
-304 188
372 -747
531 -265
66 -1
-755 215
44 291
-518 -142
-129 589
-279 977
851 31
370 -442
-706 -130
-168 -465
-536 286
429 654
-275 -227
-8 -891
-859 -63
136 -718
339 -943
261 351
192 917
636 710
-778 -787
791 615
44 178
303 122
-859 -576
-431 -956
279 -817
-958 -454
316 -348
-557 710
-724 139
194 -931
165 337
-330 -787
-784 -861
345 24
20 825
-476 -302
679 -560
573 -902
-232 107
-352 954
-386 872
62 96
223 594
-536 -519
-720 923
394 768
-592 -107
-888 -310
564 -971
810 -64
-479 -377
824 554
-117 704
164 -34
704 839
-422 76
-844 -671
601 -761
-644 815
751 516
-22 -71
855 -797
28 279
-798 974
-301 467
358 -427
-316 609
-663 -490
-127 667
-275 -339
182 573
-151 752
611 179
668 -936
956 -972
-95 751
-557 -19
449 957
225 78
-468 561
871 518
-858 752
-361 -258
-543 -961
882 439
-273 113
528 755
-843 399
306 -843
94 -885
-264 744
805 -108
-703 480
-287 999
295 -398
207 -678
-122 357
-559 -488
-623 -985
-984 -851
-76 -450
-766 -833
311 -669
-59 -959
744 110
840 855
806 435
772 -519
-51 776
542 -711
5 -36
2 -334
538 808
-641 279
-870 -318
357 919
800 103
-97 -174
-269 276
-383 237
591 841
-79 742
911 605
-363 135
896 -737
-111 938
757 -765
205 -463
985 807
-871 467
457 729
497 502
398 618
-946 848
621 62
578 -612
685 955
-750 381
267 -978
-559 309
576 -180
833 51
-883 -482
314 -210
141 -293
806 180
392 -829
498 -110
-681 495
-474 914
-949 -806
191 -570
-277 477
-670 839
-46 -818
-801 764
822 -632
-185 -116
55 951
-434 -254
940 202
-657 212
-867 -712
867 611
-751 -754
-945 623
422 366
801 -93
-814 312
489 -598
-244 614
136 -668
-822 -455
-902 -84
-759 630
-589 -363
-129 -130
747 41
514 -144
314 32
-571 800
738 -432
-395 612
-273 -566
-664 -989
-48 -721
321 109
755 -619
276 -967
-926 -916
-19 -319
-960 -305
206 238
-381 603
-467 147
63 -174
-422 427
262 -739
-894 691
-734 163
-314 470
-2 365
-999 955
232 422
-4 463
-504 -524
745 498
622 759
-462 -126
990 292
-873 -534
-454 272
-726 585
-860 670
900 323
689 88
372 -231
-964 782
316 936
256 -32
537 579
-828 -597
-826 -33
-236 742
705 -702
644 -582
-135 844
-828 -813
-660 306
-989 -86
291 333
-988 -961
474 -667
833 -200
-815 -900
-46 906
885 -995
-964 -134
76 -526
587 -141
-668 375
30 -250
-215 113
-907 227
-616 -964
107 -358
54 199
-76 -383
928 -768
982 -317
162 528
967 126
807 245
-613 -679
660 -798
954 -601
899 -616
419 511
256 833
900 584
101 -896
789 -650
-633 507
-72 565
686 -348
-798 617
-730 27
-858 -574
87 -316
-122 911
836 -936
170 490
597 -819
-788 382
-346 -940
-535 57
669 -281
-759 -171
-195 496
665 629
-516 -40
-195 -528
164 437
840 606
-404 353
-777 470
613 -534
-718 -972
-60 574
-368 427
-317 -349
333 -481
583 -264
-995 720
-353 -722
-946 -841
-622 100
928 -656
437 326
324 -693
224 932
-970 -717
-529 850
778 -180
-777 -285
-968 238
287 421
-441 -622
122 -645
-548 -577
806 621
992 579
903 -335
371 483
546 294
-93 242
873 -91
-502 -671
-711 151
-37 907
-170 -364
-181 -978
-494 -14
-592 -119
351 424
-389 793
-405 -906
-186 850
453 -107
220 895
417 206
571 -40
768 -740
651 38
349 -431
508 937
88 250
66 -252
83 -78
-113 -883
-113 -792
805 -697
260 -705
-632 540
899 -326
694 972
-389 -348
583 -216
-850 2
-590 -469
98 -200
-634 861
183 652
900 -697
-68 141
-787 710
128 -687
-753 -47
986 786
-289 -711
-568 471
-634 564
857 258
-355 408
345 334
518 616
-80 -427
0 -992
-919 514
809 -735
596 -788
-655 -645
-741 -3
979 894
821 -74
643 -496
798 932
406 509
817 143
437 832
394 567
80 -444
830 -658
-221 938
536 388
410 664
322 805
451 358
249 163
-599 -264
-482 803
171 -262
-245 585
574 32
-980 692
-616 362
425 -568
791 -696
-986 829
-650 354
314 11
-626 -780
-240 786
444 556
-384 -709
504 772
-773 -462
-721 -689
-152 303
757 580
466 551
-115 -628
-882 998
-60 -500
-642 553
-431 -271
-264 -307
-498 -657
-812 282
212 -136
665 -418
-824 525
501 -791
-536 -617
942 -627
-333 290
555 866
-452 79
-831 986
-290 775
-384 -774
733 143
443 164
-47 -337
-408 -779
849 -736
-516 274
594 -567
595 -766
893 -583
147 -38
145 -478
-449 -724
958 -998
522 -3
110 146
242 361
-47 -253
553 -201
480 732
354 -740
430 349
-287 561
829 625
-369 -780
246 -515
-336 353
855 556
-42 -547
-789 503
513 -490
970 853
-674 -804
-522 -538
43 318
-574 560
28 -683
-464 -522
-993 -254
545 685
-336 807
-52 429
173 -761
587 -409
375 333
842 476
654 -115
253 823
122 541
835 352
-631 321
495 -159
332 42
193 85
-656 13
232 -348
686 132
327 -305
674 -571
-808 -180
108 580
899 -575
-151 666
45 -559
-177 627
-239 249
-693 -407
-480 728
619 -350
169 976
-53 427
-729 -513
-912 -639
-242 -196
487 612
179 355
-372 891
-897 -609
-55 438
-510 779
21 22
967 56
185 -739
620 -708
945 -683
207 -273
-872 930
872 -859
128 -840
825 811
180 123
886 531
-194 -311
-315 254
648 -265
-139 365
708 254
142 -714
-421 565
812 598
998 -516
-741 988
-786 348
834 -816
69 688
321 -618
-895 642
473 69
-852 966
621 966
-323 439
-979 -354
-652 -652
717 986
617 697
471 862
-62 621
790 13
551 -80
-146 -522
-730 369
-451 -285
933 801
995 449
396 138
-672 -450
303 -387
194 295
733 894
-436 -722
-486 -575
-202 -244
253 -302
-297 -406
569 230
-316 735
-740 -109
485 -614
-646 -192
-436 302
392 189
966 335
-952 -335
-803 -97
359 -554
68 119
200 -603
-880 407
-97 -590
647 365
-818 -490
-566 197
272 207
387 -796
-393 -248
957 -747
-90 -632
438 721
-482 -884
438 -481
426 51
588 544
-310 -322
590 632
16 -747
13 492
156 873
346 718
-600 -5
716 889
-285 -96
237 -690
-337 881
-680 -53
-662 436
-781 415
-2 -674
925 351
-217 211
-281 934
-649 -13
866 751
-260 309
-516 -317
445 -495
378 929
488 879
-635 -528
-5 -30
469 326
-315 -861
367 247
-694 77
158 253
-935 -948
147 43
606 565
317 992
502 692
39 859
-393 408
324 -349
-484 176
124 660
419 -94
-284 -294
-251 -544
-96 -338
520 682
40 -574
134 -863
571 -163
876 -494
150 597
-973 77
-509 -529
-514 -55
947 920
-519 168
-341 18
381 922
334 -225
275 963
142 765
206 -292
834 -42
679 -949
-186 -812
424 593
662 -441
985 -440
521 199
619 -150
78 -24
773 416
473 -158
498 48
-662 -708
-441 116
-15 44
-666 -709
-988 704
-363 256
829 122
684 572
-411 173
529 190
-671 -53
707 -875
-402 -405
873 289
-338 187
250 46
721 858
-87 252
2 978
806 527
791 -872
-506 -134
855 885
-978 219
409 272
899 357
-991 2
-911 -272
-710 856
-722 -894
915 726
-180 475
218 608
-799 353
-183 -728
696 80
595 -536
-477 336
29 413
-329 -428
349 -168
-185 -361
484 645
-964 -43
987 -553
570 763
47 890
-670 319
-995 519
71 -483
877 246
-526 39
-642 550
-684 538
-922 -900
-432 -63
838 829
852 187
31 75
220 -933
-808 -638
-186 804
-533 -735
995 434
771 871
723 -745
-938 211
781 827
691 -469
-287 224
90 488
47 345
286 614
-396 -663
60 -50
-983 43
921 -337
-374 -42
-594 656
503 332
179 -216
140 -809
541 937
-575 -173
711 158
338 27
-254 -886
845 -140
845 -692
910 233
35 611
666 971
631 -281
174 759
-239 -206
709 -906
-666 -319
556 -170
841 109
615 458
516 952
671 -78
549 -567
402 810
106 -361
-534 740
315 629
-887 -171
-710 -494
-822 161
-53 397
567 -473
851 827
826 554
387 -358
-507 629
178 273
-96 -163
-564 894
790 -749
941 -594
447 -703
-916 490
-836 464
72 535
373 -5
-956 -662
-733 -762
787 -210
-483 397
-878 598
-396 749
-24 321
-451 276
94 561
-751 -728
127 -54
119 759
-881 603
-131 -620
-868 -609
281 -259
-43 177
-365 -738
-755 -559
-481 502
-578 266
-340 795
-66 831
-98 159
-124 490
187 -545
-745 -797
-8 97
91 -864
-398 -583
-405 497
-259 -240
950 697
893 500
-535 29
502 429
720 -611
772 -602
-947 148
-422 518
725 960
-820 418
-178 -576
-868 388
-39 641
213 -856
335 583
841 -246
413 -628
971 -255
-32 -198
-308 -149
-192 633
-778 294
-692 -616
443 802
-822 -132
204 -264
-933 -838
153 -103
352 -107
-820 -376
432 214
-12 613
261 -641
659 -338
250 383
-905 550
-395 884
761 179
884 -206
679 -966
-870 -363
-829 -214
743 809
-776 -999
713 356
-544 -48
709 265
376 568
-397 45
-546 -430
781 -299
736 -40
87 -586
-299 -986
476 635
-280 422
-163 -155
392 206
-727 -172
994 187
-917 952
-679 954
198 -89
747 267
-158 -804
-748 -875
-524 -12
191 -72
-641 24
593 -747
-547 -229
-684 286
-388 753
581 -402
-407 756
733 359
862 55
527 -514
908 935
327 470
503 341
-883 943
-476 -684
588 414
884 -334
391 -614
-770 137
5 827
-338 852
-848 -639
-384 433
658 -235
811 -806
-6 898
-178 -575
962 818
-292 159
513 905
791 60
608 -46
-49 -20
445 -836
663 206
641 -109
556 548
387 623
229 -461
841 -931
-487 120
-494 576
437 -225
213 -170
937 -445
840 -310
421 437
177 573
-25 61
45 67
49 -942
-207 208
-83 -293
36 -688
-239 289
138 -184
-783 -726
319 862
920 215
728 441
-508 121
-870 937
-235 966
775 102
964 -306
-659 840
-268 76
-115 -151
266 -354
717 317
-181 276
653 -339
-310 -680
-679 -330
720 50
-60 166
808 -631
-881 -448
-385 472
-564 -748
-481 887
726 -511
726 485
126 838
-54 376
212 -676
220 -141
-422 -860
365 74
568 -896
724 887
-705 466
442 -966
175 -297
44 -77
-25 -79
-401 -432
689 56
562 -955
202 -225
-107 -177
-990 983
987 7
120 -27
497 807
516 834
796 -593
-206 150
-523 -459
-399 -412
564 751
-240 117
525 352
-348 -460
205 -412
426 909
708 907
-769 741
-879 456
273 -776
-65 -984
324 261
545 898
-11 139
190 2
-129 -863
429 531
-593 -810
208 80
-24 -259
369 553
358 135
510 934
163 542
133 -914
-420 -698
654 117
786 -718
554 648
447 -232
383 984
320 -460
-126 -88
619 -322
-847 743
421 188
278 685
805 -539
316 -266
263 826
-257 544
368 -667
-778 213
-140 592
384 88
-710 -747
-480 512
-245 -745
104 310
350 -541
-9 -674
147 -329
-173 -969
433 543
501 -476
385 66
-120 -681
-249 255
800 865
-556 -921
-966 -581
-579 -310
-648 -238
-614 -766
-695 -252
638 -401
-821 733
250 -984
656 -287
-79 -83
498 -793
89 461
983 203
855 187
675 -143
296 -32
-447 680
-704 287
527 901
51 -309
-131 91
5 970
-700 -676
226 -458
150 689
733 999
-598 681
-199 -525
165 -941
-566 594
-808 -644
650 673
-340 985
154 -99
-946 18
63 875
699 -797
57 -838
762 146
739 -471
-99 991
348 86
-634 992
-120 604
585 360
-586 586
822 -709
-864 -588
51 516
485 -965
-4 657
599 -5
139 -909
-349 -423
-666 936
852 361
475 421
104 353
-99 180
622 -928
-692 -654
-652 925
165 -26
-749 128
-65 -239
-600 -928
82 -951
1 -942
-954 68
732 797
143 885
-433 78
186 921
-953 624
-121 -562
-814 904
-555 -136
-963 481
879 708
731 -435
728 -950
954 -489
-441 115
550 -200
-285 -786
490 -16
-322 643
-949 -943
-446 -29
-685 603
-467 -586
206 314
780 68
-169 -992
-23 -513
-592 659
-715 -219
-172 725
-124 999
-306 -11
955 -248
902 249
250 776
-129 633
842 -643
-942 107
150 212
-823 -912
842 411
635 674
-627 220
-182 -86
510 -342
415 739
-768 765
-719 -110
-219 907
-200 49
300 -692
997 942
523 701
-19 -634
-549 623
-470 737
134 -40
-399 989
498 -954
433 331
-21 -541
-271 -774
-509 -68
-441 -971
-583 47
-40 718
859 489
-669 312
43 699
-659 -810
-93 128
635 37
905 81
-31 -885
-15 19
-947 -131
-218 -970
-269 -799
-890 -291
712 -568
-400 540
-754 -758
783 949
947 -593
597 -879
872 -894
-809 431
722 261
-390 447
227 -910
-15 -580
-746 824
-556 -708
-995 864
-96 -9
92 -382
274 -871
-158 716
593 312
-453 -916
351 37
935 -318
-738 -844
728 -520
914 -199
-817 -628
779 681
-828 -316
239 -996
615 223
746 899
682 908
-874 95
412 652
-903 892
-460 998
-319 -640
370 -562
-560 614
757 725
760 265
-340 225
774 993
-817 -263
-817 463
713 7
171 473
-596 -884
-716 -442
708 -94
-3 -313
-266 533
-524 -695
-431 -993
406 -659
-222 -938
997 -811
804 -137
-566 701
-706 0
-501 573
-69 -482
-996 209
-887 -981
389 -59
961 -250
56 -846
105 -127
527 394
476 -868
967 563
-539 50
288 69
-994 615
-880 68
-85 751
-613 -994
-11 -290
-268 290
296 962
288 741
-739 -431
-305 -332
-506 930
442 -712
-949 205
220 654
-585 514
433 -830
977 -310
16 -880
156 304
-744 41
623 414
-869 357
-621 -984
-194 -707
942 394
396 598
-253 113
-498 -114
806 266
-308 -249
112 -228
-719 -636
-553 407
897 263
-5 -534
793 -201
-879 342
410 -30
-352 -251
278 471
894 -631
999 -304
40 -908
-269 690
804 699
432 -859
-808 -54
-649 -173
-538 502
-565 -335
878 6
-874 -833
-445 -145
-471 -320
633 -702
-288 -247
787 -714
-297 -294
255 341
-641 45
127 72
-849 -430
-233 -653
444 806
-680 591
359 -120
-881 794
-407 -357
780 191
-354 -808
-44 -779
-139 923
-921 585
532 -709
-561 523
365 -937
-594 298
386 4
-956 623
-969 855
403 -597
-244 -318
-268 -640
807 -975
-794 -64
212 434
714 -120
988 71
544 -949
407 -660
-192 -129
466 999
824 936
-736 -205
-295 -922
97 -101
112 544
-158 536
598 -433
826 185
-745 -375
32 486
867 -334
30 -109
439 115
72 660
442 -425
825 -890
-953 426
-191 56
525 -111
-399 -899
-904 808
658 -639
301 239
-87 -931
-327 -398
-723 187
-920 699
-798 616
-123 -376
-371 749
-108 861
-425 -740
129 88
334 -949
983 -345
943 -237
-143 794
-396 -234
593 232
-387 -541
450 163
240 761
-353 -405
-607 -451
-784 773
-224 93
-888 -553
134 384
303 891
46 500
-735 -992
-428 -506
916 286
207 47
-374 -334
909 675
668 949
275 426
801 -997
770 -165
-399 -369
569 -436
684 -913
-178 955
-806 -855
746 -422
881 612
71 -563
809 -819
283 724
-48 390
-238 -889
653 479
862 548
-826 65
174 -310
496 687
655 260
666 29
6 821
-632 -420
-407 150
817 859
-159 113
392 -979
-687 -532
-709 -485
-125 -235
-946 920
-697 -512
-666 -809
492 866
149 542
811 -501
-24 -985
-42 -171
-750 571
804 768
-777 -595
185 810
-231 232
-168 -592
67 953
-839 -826
535 555
569 -474
-520 52
-252 -278
56 -93
868 986
703 -713
231 -27
-720 -162
-974 -561
-884 403
-312 -576
900 -651
41 663
-432 808
43 -287
544 77
-854 -371
982 48
783 -309
800 678
322 184
-360 883
-416 10
-550 749
-805 -371
985 -428
-395 -614
-543 556
-341 507
-982 752
-383 63
849 295
-46 222
-89 148
340 972
983 -673
190 942
441 -427
522 -225
-232 321
840 -49
948 -712
-760 737
967 -314
70 130
808 186
-508 744
-766 -334
-567 -816
-30 742
444 -857
756 279
-81 100
-533 388
988 474
-206 913
-80 784
-938 -201
-198 -180
208 681
483 -748
500 -996
-980 -188
-965 -11
-312 317
33 -208
558 82
286 -236
14 -815
-522 857
670 -684
-128 69
-852 886
247 9
-989 517
-494 367
698 442
-716 -864
223 -838
-396 -520
-585 875
-629 521
659 -27
-705 432
338 879
866 -694
-231 117
-102 677
-333 -758
895 391
330 850
-25 -785
-591 796
290 -995
-361 -701
613 3
-867 802
-809 -887
-606 842
-946 578
115 -381
-505 -975
389 996
552 505
910 291
-970 -88
-105 843
-490 -191
371 562
580 -932
-452 726
-251 766
722 -964
-898 -215
