3458
256 851
-39 246
-434 702
458 -800
515 859
769 -684
-102 -682
902 507
412 10
-900 -288
311 -53
-6 573
142 -530
-87 -970
-925 -451
447 -937
-91 733
-370 989
522 188
124 869
203 348
98 -281
194 976
788 320
117 793
899 -893
-576 320
-780 -642
-875 -989
-258 -36
291 302
247 766
-329 623
124 409
-762 -664
435 942
903 434
130 380
-928 359
619 7
-313 140
-242 -474
-842 993
318 -242
-309 953
303 -944
-170 -152
-76 -93
-721 -272
859 977
715 955
-762 -316
558 -602
-328 685
797 946
229 184
619 -629
759 -926
-848 -540
607 710
-535 537
754 939
-558 -29
-832 926
-11 250
579 127
160 460
397 -691
936 672
-530 209
144 58
-536 348
-232 -739
916 48
486 290
497 -897
-570 155
656 438
-142 -473
-15 376
720 -461
-500 555
62 805
863 -925
702 -856
667 -671
562 87
-275 874
-185 -726
878 775
-783 -413
-822 -64
859 422
273 -56
316 443
-832 -312
216 -829
-994 219
812 -452
70 -275
344 389
343 915
778 -272
-803 249
335 -436
-771 -385
-855 62
-604 321
223 -125
-34 -423
728 951
-475 -58
582 -589
112 -887
83 249
536 -957
-292 -560
441 -895
192 287
-386 611
-40 -727
185 656
-491 732
-859 555
747 810
-435 -47
287 -875
-279 -902
513 -789
-228 188
986 -618
-738 -2
-763 785
379 -238
717 601
729 -256
-549 -70
-566 18
829 917
-505 740
-682 -861
-233 489
-376 -661
130 -772
66 211
-664 -36
377 649
-895 436
728 63
-797 -450
-759 585
-922 -458
-609 -714
-8 -450
-934 544
784 -298
184 997
-492 791
347 578
-551 53
656 -494
-674 -847
857 -101
167 319
576 -861
-101 861
858 -779
-947 783
29 -217
-117 -869
-77 311
121 72
650 745
-948 805
-191 -175
694 939
755 -350
196 499
465 515
-663 486
-702 101
-919 -649
-821 102
-10 -111
-868 -686
-5 -863
544 287
474 -334
-621 662
-634 -566
338 210
-640 600
-732 648
35 -453
-246 186
-177 961
472 188
70 -59
481 819
313 934
133 466
848 -792
-646 83
523 -356
-836 -282
-644 847
-763 -374
-735 163
-614 895
100 800
715 440
-383 -423
570 865
-949 814
326 -890
765 -667
287 509
-30 248
217 -855
36 -418
-612 334
-443 -294
18 -188
544 -364
894 -227
-419 25
621 645
-41 -652
655 748
-322 650
-286 709
572 -617
211 940
-552 890
740 458
29 401
796 -375
904 709
-62 342
-187 -860
7 891
71 257
647 -296
-823 172
-385 -555
-296 625
156 728
509 562
-888 407
-388 565
739 -387
606 204
-813 157
-961 -186
-772 329
7 441
-306 240
330 -979
-750 362
-385 56
-765 483
-111 -53
-164 584
-329 464
790 -219
420 -799
543 -724
-881 439
-743 -813
769 -521
-904 725
848 189
586 -731
-482 646
-139 434
-831 656
-414 -385
-447 -911
219 765
-60 -744
-58 -609
-998 -314
-849 876
-760 202
-937 -573
997 -881
-273 785
838 679
-92 418
731 -811
-648 -727
519 -260
-827 -256
256 -518
976 -705
-326 -174
319 717
-348 -756
844 -8
656 701
485 276
868 -745
745 -394
803 319
243 -721
-535 433
-892 -393
-408 725
19 767
422 126
-12 805
-141 406
-198 230
-932 59
109 966
-159 -439
-7 -177
-73 -171
589 -644
813 398
-769 899
384 962
720 932
942 -559
-188 964
-822 -251
-354 -231
-43 573
94 323
-888 812
-358 -785
-414 517
190 -388
580 -413
835 506
494 -150
641 -217
551 -144
-475 -649
831 298
65 375
54 -425
551 656
985 621
-205 76
-415 982
652 763
698 953
265 -125
-60 -232
-428 601
252 -275
-864 354
-264 -540
298 505
613 -649
-350 959
977 93
-490 85
280 -112
-206 -439
687 -223
-982 401
771 365
773 299
-945 876
-137 257
-416 254
-331 -738
-662 612
-904 -590
886 304
797 597
-190 -179
-925 -562
424 -339
-589 465
-214 -331
669 298
947 -871
855 493
-163 -89
517 -838
930 -523
551 -159
-844 -582
-586 -151
572 510
797 161
51 -223
311 708
-446 572
-515 -996
-118 395
-563 158
-77 38
249 288
902 -94
549 843
122 -614
991 -653
-304 477
-276 679
-627 663
599 442
666 -528
186 -578
-642 902
520 -220
-553 953
-800 757
412 -6
51 205
498 851
-816 -403
704 550
-748 30
-140 421
243 -636
-222 341
214 153
721 -318
946 949
308 -191
845 -385
-183 -695
-256 -58
-92 783
-517 -548
809 -460
925 -137
540 -49
-274 520
185 379
-605 136
-941 303
-993 -234
-786 -320
-950 -271
124 103
-621 790
264 -254
901 633
228 300
828 693
419 28
180 850
-954 223
630 -791
-88 741
-654 602
41 653
-756 136
619 768
-73 -726
-850 703
-829 737
-772 -468
-826 -408
436 393
-741 511
-920 99
-594 70
-346 573
-924 -357
679 861
475 675
-438 376
709 344
-34 748
755 -601
-558 641
-908 647
-452 415
811 -887
684 719
-989 -285
-752 -430
-270 -821
580 -606
462 -412
527 426
899 -966
-449 870
-383 158
-704 683
918 -239
-625 902
142 -671
-766 180
-963 -667
372 -652
441 568
706 -785
793 -168
-873 -44
-145 -35
200 84
484 -728
416 113
-760 801
-487 133
7 -449
879 276
-854 119
229 -126
820 -541
452 -766
-729 -280
-520 148
442 -474
313 877
140 685
74 -252
998 213
116 32
211 187
689 -77
894 -661
-103 -27
-176 736
-660 -959
-666 -995
660 976
-955 -423
-776 -328
-498 -403
241 -813
-433 349
925 592
-976 57
-299 363
-247 913
64 -629
-108 -773
-844 -384
183 357
849 -279
734 -679
-948 518
-566 467
-468 -877
540 -316
566 800
208 709
-999 290
-182 -693
-534 -438
-781 270
-418 -169
288 -377
938 637
-873 382
666 -782
145 63
931 221
702 176
858 -898
-900 500
961 508
262 -723
-122 545
-387 -460
-277 -874
552 536
515 -850
-885 777
-159 420
921 130
-128 869
441 728
-845 555
-294 -362
-101 703
167 -939
-885 -787
-711 -52
140 789
-848 636
-129 -731
-480 376
375 -328
844 775
946 -307
884 378
716 504
-66 -884
130 410
661 -450
680 288
-763 -242
-198 -996
674 -389
467 486
620 -918
96 17
788 678
-927 -227
-772 -758
-346 833
-768 590
-156 -315
215 99
-950 17
-856 527
-537 -520
780 984
-185 -222
-839 -158
-526 -404
712 135
-940 -191
844 553
155 326
-542 -359
147 327
6 -315
-159 3
316 -380
-111 24
-678 338
-623 399
-521 971
-37 -618
-380 -632
947 -656
797 427
53 -499
766 730
-900 -70
470 -259
162 -921
-626 504
459 -918
246 -536
641 424
724 511
-514 -339
-245 -674
140 -224
-19 678
-163 -551
290 125
73 -242
997 -767
-213 752
-591 -82
-549 105
559 879
314 -493
988 183
384 -377
-67 -274
22 683
242 -341
-509 265
-932 643
727 895
-721 470
-23 -806
870 -299
-430 -77
394 -685
86 -699
449 -974
262 -108
39 -295
215 143
-35 -346
385 607
-684 -585
-520 103
-472 -103
-325 -70
-403 -226
-130 -229
12 767
359 600
58 -314
-613 212
221 920
487 887
-434 261
-753 919
893 352
839 307
328 653
819 -876
-630 686
367 66
52 188
-594 -904
172 215
-157 440
472 -916
-238 493
-54 922
181 -669
250 387
-322 -537
612 867
-112 990
70 -573
540 807
-807 -213
124 544
427 -599
258 -343
464 820
271 364
685 640
99 216
289 383
-136 -368
-254 -307
957 -761
683 168
132 56
-617 -62
-774 280
-275 359
970 635
250 -291
-814 823
-176 -721
897 -213
-976 -680
374 -435
-263 -655
295 695
-82 -375
-684 287
-279 679
-358 938
-221 386
711 -449
-481 555
98 875
489 -288
-570 840
83 -256
-926 157
954 -371
-654 68
442 998
332 -82
375 704
75 296
-297 -488
-644 -438
-256 -886
-86 -28
-282 911
-902 -472
-142 -455
86 -394
-639 286
90 650
-14 -89
-207 -26
845 294
766 -801
-300 985
-198 601
732 2
912 -110
-487 -765
235 848
363 -278
-37 -342
810 -511
-38 360
211 -797
-831 -294
-160 -419
42 -663
745 107
-908 -767
-546 -866
617 650
-32 638
-416 -391
291 932
161 -710
-683 438
-611 -710
779 -177
-278 294
-528 -524
-833 566
-787 360
436 -137
839 459
440 908
636 -651
655 307
-532 132
578 439
-968 231
198 362
-964 728
936 -754
-132 669
-723 408
-655 780
108 660
-224 576
-823 439
879 -866
-432 -552
295 438
-858 780
344 -117
-496 596
-640 994
400 472
105 187
-364 80
230 753
861 887
157 241
720 222
-590 -676
175 994
743 -930
709 270
-618 -486
549 -306
-629 748
-96 -439
946 -914
-392 140
164 629
616 375
-543 339
721 -743
828 908
-173 747
-262 -923
-337 942
137 -575
-272 356
-639 -7
-333 16
-387 735
-277 -691
-634 514
-553 -929
-716 -209
-290 444
115 -4
-112 232
103 821
-275 -540
129 307
-574 741
-339 47
-345 116
-559 363
-230 -102
262 844
-694 -920
-523 823
323 -921
289 865
685 -603
518 900
948 -133
-378 -829
341 847
158 397
30 798
970 706
691 -939
270 -281
752 -700
-128 762
163 -622
-426 629
965 862
-796 -270
941 -692
-814 -701
35 330
847 607
-459 662
841 -804
60 865
-920 160
204 895
-993 694
223 -330
352 865
-257 -797
-766 -381
581 -773
804 -277
277 279
-386 209
-698 -258
605 0
-413 688
11 232
-348 -426
-96 -446
-38 587
-516 992
877 729
672 219
662 -413
704 -678
-997 -601
-935 100
431 448
-957 -747
454 797
309 -624
-87 -331
635 265
-738 -27
-358 -209
-331 -97
-418 157
195 915
-72 -658
400 -709
-24 34
-993 -520
-516 -124
305 143
920 663
-23 609
738 213
349 -851
962 -570
-174 455
-612 929
661 -427
-148 -732
906 -754
110 -557
-91 -894
19 -573
-7 -312
453 -316
-28 26
437 -95
376 865
25 984
-567 401
-553 -600
-632 -173
833 477
978 -876
590 14
824 -847
733 -814
-228 -448
777 708
-159 -882
-277 380
-95 -277
-237 -183
11 -27
132 -224
563 727
-477 -314
-72 -991
-514 -594
292 -956
-163 386
550 180
203 -78
-257 -819
705 926
-17 50
102 -189
-258 -648
-727 -920
-278 150
-85 438
-924 -71
365 106
330 -199
-243 602
210 -146
305 -551
700 -480
288 -308
741 -190
163 200
171 572
-705 -558
-476 -165
-912 -859
-867 26
517 738
244 -466
590 -919
-283 419
-890 -54
-26 104
-479 571
-94 475
-652 -9
86 -251
792 956
-595 -44
829 -271
-5 587
-465 57
188 -885
746 -869
971 -594
-675 -962
-749 424
-96 470
-473 -692
149 -272
-576 -465
336 -995
569 -960
-793 688
-996 -413
-407 584
763 753
-546 188
383 576
-765 -470
-670 833
674 543
107 254
323 -107
444 -991
134 431
221 995
796 372
-456 -710
233 -36
-926 -736
602 -930
140 -493
358 966
462 913
-793 -697
-673 -96
182 -299
-684 767
-88 928
239 783
395 497
819 -897
-833 420
137 -165
-331 -38
965 -637
-839 476
70 -709
271 126
721 278
15 506
-630 -30
672 920
-376 -302
806 207
822 -66
-708 -115
57 684
945 935
805 -261
-941 -912
-881 -556
-995 -455
433 -960
959 13
-993 -760
66 -886
269 879
873 -785
861 895
502 -951
42 263
931 557
791 976
987 851
-523 -365
-612 -570
-474 411
-610 -290
-955 954
401 -725
-46 941
200 -672
767 207
328 -93
-356 -913
-145 -537
-620 368
-75 -921
660 101
-492 -367
-289 -886
-313 310
-109 -415
-763 -445
-182 497
10 863
208 -289
10 36
8 -902
486 -612
606 649
314 449
250 -957
-436 -445
858 -942
853 360
-532 -201
125 -346
543 397
-711 -576
903 94
485 338
-493 -11
288 -419
303 -343
-694 -414
697 836
-850 623
469 183
-353 -69
-641 -273
421 337
-588 -187
917 463
288 -841
-349 -420
550 503
727 -740
833 -905
576 228
-98 18
-276 572
886 -982
67 -104
-979 341
951 757
-307 869
-259 -444
-625 537
-280 808
-977 599
-982 208
478 -554
618 -668
-508 -770
853 -304
684 815
117 -349
925 515
-478 -971
826 403
-309 585
-598 122
164 1000
-714 620
-835 298
-108 21
215 -284
38 -862
246 563
-734 240
916 -69
-304 -57
908 -962
886 -315
-366 -691
436 219
596 577
-417 776
-62 -729
-690 439
397 -83
823 681
353 -33
-249 -173
978 497
564 87
-840 27
-76 -206
-342 950
89 74
-116 -359
339 -333
-631 963
116 998
368 -506
18 -831
767 185
832 -356
-256 -22
538 -206
86 517
-494 378
566 536
750 793
-26 -557
942 -664
39 689
-577 -875
691 -952
433 -164
-347 416
73 -286
299 -75
183 -843
-547 989
789 -491
-645 -152
533 833
-216 -532
-41 -141
-327 -355
-131 313
764 -963
-256 232
681 439
751 450
-182 -229
-85 242
-166 570
692 348
207 463
993 -986
-920 18
403 357
214 285
-729 407
-454 523
542 -348
850 -812
-707 -875
739 -183
-700 416
-522 752
544 953
883 -145
958 -775
559 249
-425 844
230 859
-875 428
455 372
-425 351
594 -650
489 -814
146 -593
928 -30
-294 -298
-135 -577
610 -297
431 -992
-529 589
-865 -859
-812 419
893 495
-484 42
259 176
627 568
-611 -829
791 -299
485 857
-141 342
976 -567
-602 918
-683 806
-683 -41
450 366
-475 652
158 630
599 501
-292 -969
-606 312
148 -856
515 -830
-830 537
628 994
-372 259
-211 -368
628 -95
909 -640
-526 -755
-473 9
-593 715
558 228
978 342
-577 -522
412 477
-239 -516
-78 220
-274 394
-690 922
799 -285
-508 327
633 -698
-218 -654
473 765
775 -628
529 565
976 543
-783 572
869 -196
-651 719
869 424
-975 912
260 -828
-771 -552
-167 527
976 656
279 -51
910 368
-36 676
-862 404
140 -373
203 -206
-469 -702
663 317
-115 192
960 -649
575 -577
569 -678
-606 185
-185 -845
-838 -417
-960 451
-101 589
965 -699
-593 848
623 623
344 403
-212 249
-150 -307
-970 95
868 27
-568 424
-575 -707
449 210
-429 -447
404 868
-805 818
614 802
-646 -640
-731 494
440 541
-375 372
-891 -101
-116 -990
-125 -762
201 -390
672 -989
534 -329
21 -889
-462 -318
593 454
-723 -910
-77 225
298 949
426 252
423 -973
-371 466
-649 907
-454 267
-317 -460
719 -825
-506 709
474 962
-607 287
594 454
611 144
-494 479
-694 -985
810 290
437 742
-620 139
850 203
-825 -631
449 -978
478 -997
971 -471
-106 471
-27 472
234 -193
-270 918
543 931
956 -924
-784 -972
-815 825
183 767
-417 331
-896 308
798 479
910 954
-688 883
-950 19
889 -650
848 -337
447 -643
697 -878
624 901
-794 -587
70 -968
-127 222
509 -912
-156 -97
495 941
-266 -609
-588 71
906 187
75 194
-41 -196
-57 70
-571 -987
-837 122
-611 131
516 724
-451 964
425 866
-818 -13
-77 134
-313 746
-323 867
958 901
427 -421
563 838
315 -267
-853 -740
-771 207
-115 -717
113 600
159 939
901 -598
478 984
236 42
-368 205
-258 673
-150 72
146 710
-288 -468
172 -942
753 -367
119 -654
-353 -291
-798 970
400 -736
-198 926
-665 992
-293 336
-705 601
695 -438
493 99
563 -359
-205 385
821 -322
20 -210
-434 -443
748 -666
-984 -46
507 -954
910 -210
-442 244
638 -922
332 924
383 -386
10 -560
-797 264
590 -995
-884 664
-773 -242
-97 515
-78 130
890 -725
988 -803
277 316
791 -417
762 485
647 7
308 101
584 -522
-727 -916
-43 388
903 525
763 -556
-511 -412
-517 -778
567 -196
-990 -416
-681 -898
-456 508
-314 729
-117 -255
-243 629
-950 -399
708 118
-158 -489
-688 977
-519 365
-84 96
940 -722
361 182
297 -159
-571 434
-340 368
-451 148
-38 284
164 -671
-49 370
255 950
857 875
247 783
338 293
796 981
558 -749
-199 267
761 789
-228 133
-658 -57
-382 -867
-969 43
-59 213
-119 -426
214 -676
715 -356
-791 -366
91 -900
-764 361
159 -790
613 -222
28 494
-601 627
490 832
-413 122
-542 -416
470 164
-931 584
-89 -213
412 -847
245 225
-857 166
931 319
871 652
-733 -580
643 -708
-987 -338
971 -265
-244 147
103 983
-203 -483
-883 853
-936 400
-732 543
538 44
301 -171
408 -615
523 -120
324 -667
327 -669
909 367
676 453
65 690
99 -588
131 -207
-569 -910
987 -394
263 333
688 -983
-90 -808
-810 -384
226 -325
600 459
927 -853
420 462
145 -263
938 -853
-68 717
739 69
524 -769
-478 -90
-444 490
-132 -868
168 -129
-393 -970
57 843
-636 -639
-732 -743
924 945
-790 -795
-692 176
254 -265
-127 312
865 -246
-941 769
526 623
-95 -854
-891 -907
-560 -472
-888 582
596 224
327 528
-85 517
908 873
460 -591
550 176
-29 867
983 -317
-326 -51
253 885
-825 -628
321 -948
-535 452
737 461
-864 -783
-530 71
335 -241
118 320
291 -684
560 386
-735 -813
601 -477
-14 -847
290 -329
-418 -13
-650 775
602 -546
-708 479
897 621
178 -967
676 241
324 -789
-447 330
847 -990
533 -88
809 -612
-93 993
-659 -570
752 -896
840 -646
276 658
-731 -729
-559 513
-311 -641
-894 749
414 -639
674 -834
385 -629
-814 -758
-982 -34
41 679
639 -801
-375 609
-936 -878
-202 713
-303 581
-587 802
-398 -435
-377 -965
462 179
-797 -229
-18 -818
37 176
300 -50
-391 567
-385 972
-426 -86
202 707
171 587
548 -995
11 -573
-443 -466
-840 26
-971 -271
-31 -108
-267 693
44 -304
203 -426
98 -783
-113 844
-754 985
-522 -76
-748 600
50 -239
273 -375
887 -399
567 -617
588 -177
358 -685
246 -980
-871 950
20 -387
230 -700
-53 -269
-748 151
592 445
-342 247
-841 -401
252 -53
671 -528
101 417
-502 -155
-157 173
-946 -609
-874 -348
733 501
343 -9
-987 -783
-200 270
871 796
-752 -470
568 -822
452 -358
-934 420
-587 -152
-279 -248
-900 268
-491 17
502 -691
227 -394
-976 934
-478 420
514 255
798 746
-693 -472
-585 489
-336 -636
368 425
-555 -935
855 459
-136 122
488 -527
160 785
672 813
-199 -706
-62 172
-643 289
429 -863
-702 -328
-600 -527
742 599
35 179
-260 347
942 -860
660 717
502 364
-372 -425
963 771
-855 185
451 -495
659 553
261 521
-364 221
-714 -572
-448 -376
12 -67
-622 854
-957 112
-229 632
411 770
-135 -898
-769 -33
-679 -600
-460 -953
430 -548
166 -682
-483 -570
131 -186
-882 769
-988 645
419 184
224 390
390 -805
463 186
-587 -942
-401 955
-195 -668
-647 -19
152 549
242 -269
-169 -590
-383 819
478 -740
-45 10
802 582
545 -675
404 111
-739 -859
235 367
-593 408
915 -846
658 440
200 822
-802 -772
689 357
-972 753
909 722
460 224
-530 -700
239 -436
361 -156
67 115
138 -378
587 -256
-424 186
-229 434
-116 -96
748 927
977 525
-892 -586
858 -847
564 1000
-569 357
63 -139
-218 726
189 199
-486 -190
388 -225
845 389
-238 -511
821 3
-533 800
57 980
-107 -150
576 -463
-251 658
-354 -47
-392 929
909 354
881 474
-706 473
183 592
-115 345
-742 249
-426 -764
281 463
587 547
726 155
225 277
-715 208
877 185
567 425
466 -308
393 -510
-168 291
924 152
781 -138
227 -240
379 849
-945 825
269 746
-422 -286
465 -687
-970 329
76 76
-716 729
-494 942
-204 -175
257 -469
784 133
-336 654
-553 -602
539 -795
-966 912
108 -207
-599 -328
-71 656
-516 322
-208 407
945 -268
355 416
-583 637
-172 -184
450 852
-384 -218
-957 801
844 -373
-743 -404
529 -35
-284 55
390 722
-63 604
-318 157
-537 632
-657 235
289 419
-66 -741
-386 421
-115 -113
-902 -87
201 -715
139 702
788 -156
-52 -526
-698 -169
-982 925
-940 -980
-608 319
17 363
-318 250
-825 277
428 -370
276 483
506 -633
533 -694
-908 -8
-204 -273
-560 -156
-879 399
198 176
-766 -821
386 -710
155 -394
508 -840
13 -624
-521 514
783 319
-948 -354
973 960
820 957
995 65
-200 -743
775 -211
714 -805
-790 532
400 495
830 -927
437 -585
-75 10
46 816
574 -780
-180 791
-129 -481
327 -535
-558 716
-474 -530
-689 926
447 452
109 374
897 220
168 253
803 565
-46 800
-581 827
-870 61
622 157
270 609
-389 945
192 -962
-490 665
-310 -3
-314 451
962 791
-802 274
-340 -461
93 -50
-686 176
901 940
293 801
-485 781
-495 -870
564 633
-814 477
154 873
-599 643
641 -763
621 -261
-162 -366
403 565
848 -6
-420 796
-426 377
177 454
975 -485
-337 -261
-689 -665
226 727
520 875
-156 912
-77 661
-333 407
-991 517
-572 -432
-620 -139
299 528
668 531
149 345
-220 -475
28 614
393 -630
937 968
558 -959
214 365
-543 859
-181 228
-676 -497
-635 -990
220 -974
967 562
417 162
593 495
250 -776
544 609
318 378
651 185
-997 930
650 -707
176 945
133 164
825 977
-720 191
-834 14
616 -101
203 -606
-83 -742
-547 -397
669 -645
-30 750
-539 -67
430 257
-265 71
-259 265
394 -555
252 593
-379 -685
-841 965
522 490
-111 378
515 364
-634 367
-450 -657
624 -256
120 -933
987 670
491 -651
-709 672
247 712
-441 329
-878 -394
812 -905
993 547
-222 976
-798 268
637 971
367 299
436 336
-733 730
306 -593
-950 201
-753 961
-646 880
-756 -63
132 387
-575 953
-86 185
-794 989
606 -36
-748 41
799 -642
-278 506
-13 -400
159 573
-477 -445
203 -86
537 91
-987 942
827 167
-198 91
773 449
-605 849
905 742
564 378
262 -331
-764 -696
922 -184
-912 653
-137 308
366 766
439 338
-509 615
-128 681
-204 349
-955 -622
878 439
67 -215
-460 378
-873 292
108 -905
-495 -89
633 -443
234 850
615 350
-236 463
137 412
422 590
-254 128
-684 685
-571 -202
-495 -936
-450 315
885 661
718 10
-563 844
232 -998
86 -294
668 -760
295 -877
-649 -972
-335 -519
103 -275
776 -256
944 -740
112 957
993 18
-170 770
-700 785
772 107
-200 -133
50 22
30 461
733 -91
118 -630
-742 292
-24 920
-249 313
-318 -501
-602 -545
229 -76
9 -879
-578 616
-835 -40
310 944
-681 -237
-487 948
543 442
695 327
-81 449
237 -318
-134 397
-127 -784
-51 -248
-928 -595
-456 -699
680 -546
201 643
-635 -385
621 785
-835 848
326 807
-934 -867
-917 175
-341 -512
323 -442
-630 952
224 -299
828 -858
-68 894
27 299
-475 -457
-221 -12
856 -711
-674 -847
-706 854
-687 889
-966 -979
-12 -817
431 -18
450 -208
370 -693
645 676
-205 -75
-977 417
43 674
-919 -386
549 672
636 925
-115 -100
-942 -522
-519 -769
442 -349
-806 493
-947 -496
706 -226
836 -576
-541 73
-794 158
-900 709
580 793
674 -899
-445 428
-815 -906
605 -607
176 -77
-137 20
-234 -332
336 -249
-465 -383
894 -614
-612 456
-87 758
-802 840
-251 -882
322 380
-751 518
122 -281
322 239
-944 675
364 552
58 343
-170 -443
859 604
251 -932
992 623
-144 -540
-682 388
249 204
172 592
-710 925
-531 259
-512 -432
731 -88
-964 -114
682 732
67 58
-862 -784
598 -257
67 -832
-925 -22
245 48
905 774
391 314
812 665
245 456
557 -942
-858 818
-617 720
-485 903
-630 -143
408 -724
264 832
-768 902
-175 -116
-717 -57
863 -647
-585 -965
-46 792
168 737
-262 -155
416 329
-330 -123
533 752
-273 476
-763 221
84 -479
-830 -999
-860 289
366 -864
254 931
-699 971
73 865
670 -503
307 786
496 82
794 873
-267 714
-307 -610
-272 678
-592 142
398 -303
418 -108
799 523
-881 -123
305 -345
341 -819
-31 978
632 -85
81 -46
212 -787
888 -539
-778 -21
221 -347
777 486
642 668
-445 -786
944 -996
700 -668
951 988
-46 772
-205 339
398 -656
-274 148
-205 398
232 -770
-995 -592
-89 673
-107 -411
-193 -976
628 163
-224 249
158 754
-669 -346
-726 -616
-125 386
867 182
-213 -933
752 246
676 -949
292 241
684 -780
806 -413
262 -257
78 -610
-764 -221
-571 -929
996 -361
-854 -445
222 -841
36 936
-54 470
-517 -188
-254 -904
-251 358
-788 -451
17 -129
-28 893
-714 -690
-309 614
219 638
691 -56
-781 273
-474 971
847 -326
-743 -58
897 -244
597 911
-943 629
576 450
819 -968
621 -878
500 973
841 -943
135 -679
385 -544
-542 -754
-204 -155
-712 641
-51 -624
-476 -338
-947 -340
-677 29
923 839
319 97
923 528
644 -268
-752 -524
-797 -268
-222 -713
-176 -755
46 -413
-196 996
224 882
474 1000
-95 -100
-925 871
737 880
329 817
-924 -700
92 944
-819 267
-546 339
-900 -231
-777 365
-985 536
-856 49
42 552
-798 -438
-450 297
402 -484
-69 280
-669 845
110 -596
946 530
569 334
-560 -70
414 -325
266 843
-294 314
-871 -417
-543 59
137 349
798 118
762 487
-601 -368
-519 7
-846 940
-708 697
715 406
528 -9
-494 366
-477 775
-267 -169
416 118
-975 -818
351 -174
-712 650
-71 -823
865 -330
765 739
66 272
437 -64
63 -705
357 497
-159 -634
-327 136
886 -420
972 -768
-309 -344
489 -85
73 -402
258 334
898 475
898 909
619 352
-109 854
-408 368
15 -657
201 -86
-904 -113
-249 838
70 318
-467 -688
517 -916
278 -394
-149 -830
-773 242
618 844
890 -761
-262 -430
101 -4
-780 -439
992 985
975 220
777 -411
-757 -70
918 444
-112 463
96 353
-876 -157
-463 745
-273 628
-546 -287
-865 -414
373 949
394 -706
103 -879
536 -846
-973 -349
-835 -96
54 263
936 794
788 113
-387 -779
-650 952
627 -483
946 904
-947 -553
619 -395
-87 58
-98 990
-869 -597
-616 168
-745 -341
-104 38
913 609
425 105
-987 -696
556 -388
54 279
-569 45
24 147
193 60
-915 437
873 -572
-544 -981
-694 282
-237 560
-544 -200
-503 363
311 889
-829 969
872 -493
-821 -614
-380 -218
-733 509
-932 488
252 -197
-522 956
630 -251
-735 150
203 493
323 -720
123 -459
728 -630
-523 -182
-807 949
-165 959
974 -756
-157 -838
-108 -233
92 896
349 128
647 751
-22 641
514 -513
666 660
-236 -536
-31 585
827 307
967 -314
885 -927
437 -895
-112 204
433 -915
-957 783
-44 -217
-311 -394
-815 -35
946 54
-459 307
-120 795
845 -698
-622 -747
-534 -435
43 160
-235 -524
-960 438
916 551
-132 -794
9 -514
-12 -335
-322 -115
-766 -151
-384 -7
-413 808
830 378
352 770
-143 644
-244 -629
-983 -572
723 822
844 -309
-35 -509
-755 12
326 887
-641 823
590 -280
-409 434
-545 -448
275 -646
-125 302
-355 -579
177 -613
654 -827
940 130
564 453
602 124
-255 -28
550 303
-983 827
-635 741
730 -305
857 -643
281 93
632 -781
-847 -583
-182 622
-165 773
-683 -802
781 66
-24 -430
259 457
970 10
910 -889
385 210
495 -134
-893 682
194 623
-963 -217
235 903
-475 -230
835 701
592 -878
687 378
50 -61
373 -45
10 995
462 -136
666 841
-166 427
696 -187
760 -622
-778 -499
720 350
242 398
-778 -328
-483 -994
496 256
237 881
466 -285
210 226
-305 927
120 -259
814 937
-990 623
606 857
-591 206
794 -389
936 871
-900 309
752 938
-318 280
-294 837
-560 -24
-504 -221
-821 873
-357 -445
834 991
555 105
-373 -59
-55 -58
-255 329
-683 983
96 957
-513 -658
-52 -916
782 99
101 446
274 57
-436 285
283 656
-957 -524
518 767
470 379
-500 -50
492 515
-871 -203
524 -541
-83 535
368 -961
436 348
315 -213
182 -927
-358 963
-577 641
-644 -776
141 385
-751 987
-517 653
180 -757
1 868
905 -627
-696 -396
-122 -450
-897 214
290 393
-641 -264
766 -855
-497 -147
438 -305
903 -859
-105 -639
85 -131
-499 -824
-189 -187
596 -810
-957 179
-821 761
464 587
-664 -174
-828 940
-177 325
616 -70
768 111
928 158
-861 809
-748 -242
-843 416
461 203
176 416
-284 799
477 -715
778 4
761 0
-313 -845
-983 -727
356 -942
62 -791
888 -230
374 -139
-189 972
601 -454
556 338
-593 28
-149 821
930 -146
39 739
-57 511
62 -275
-84 -215
70 595
-367 25
55 478
-617 -738
-667 -255
-534 -510
-562 -225
655 218
152 843
572 830
473 -653
857 -760
100 -54
939 77
311 -312
811 813
725 307
-743 139
69 378
-93 235
967 -314
-412 15
731 847
109 977
464 880
-364 142
-291 203
800 631
307 -693
0 -889
-515 -964
-641 388
-147 107
88 -569
597 -339
-806 490
56 -160
571 -556
-688 -571
-20 -490
-67 -295
-288 435
112 -457
-196 -78
-452 126
-673 965
-665 -591
-17 885
132 387
-617 100
-223 -273
547 -544
-817 570
-857 -296
438 792
-205 114
-987 -81
-264 711
635 -450
663 547
-202 123
639 910
623 944
547 986
-669 259
525 -661
912 777
710 104
180 -119
-143 -587
-235 -528
-709 -612
17 -232
-461 815
164 -328
-855 -224
-949 826
-680 907
204 -961
-108 440
2 -124
259 259
-294 737
476 -760
431 -106
624 176
421 -267
-53 237
969 -850
777 358
-12 -915
-775 -47
850 948
-653 -860
405 -872
-631 842
-56 573
-848 -570
-970 -431
-692 745
407 -854
717 -780
399 -129
683 637
980 840
931 -366
563 229
159 496
290 79
520 -288
-812 370
-229 86
47 566
-99 106
158 960
414 803
294 748
-769 -473
857 679
932 -828
-52 958
-856 860
745 345
340 -110
949 -75
-2 -280
911 -811
-367 373
446 951
-207 231
-936 -138
-21 205
130 532
158 2
-341 979
-434 -39
-216 -424
849 475
-674 95
975 930
-511 -163
-931 -124
640 -727
-300 -257
-867 936
708 -25
-643 27
395 -720
437 -630
-685 -996
-465 557
735 197
-48 575
-859 841
-502 -751
-55 -521
128 48
77 -581
301 -425
459 843
-957 146
-113 656
-186 632
-203 -572
821 -682
-890 351
-852 764
-734 912
-533 -215
-596 539
389 998
873 8
-904 900
264 -26
-705 773
143 -446
970 316
-839 587
377 -44
65 -880
907 81
78 241
330 681
493 -559
131 -384
-81 -692
758 103
360 -243
642 -77
-541 621
655 -419
423 668
-279 62
491 -769
-609 471
-712 -563
-896 705
579 170
81 -886
728 -575
990 891
-442 -126
535 -182
749 576
-665 -12
-680 199
-189 -26
-53 208
-345 -352
-340 -955
-864 -87
-239 -541
138 -880
-898 483
-968 441
955 -120
950 546
-216 886
351 361
-944 615
-707 79
-369 -371
132 -344
644 -889
-83 -550
-188 -363
-940 818
293 410
-782 -331
726 516
-711 -4
-257 -179
161 -66
-579 -320
-299 283
346 331
-115 -868
767 -873
922 -100
345 313
436 260
-548 838
243 -86
-869 281
-592 -423
356 -939
-950 381
-740 -359
328 517
-114 583
19 328
355 787
799 -109
464 829
-419 -600
931 -643
-78 983
444 -830
469 266
-964 137
-980 -590
559 829
-11 996
-743 36
-60 -127
-46 308
671 40
561 584
507 285
-949 -746
981 -810
185 -676
-128 634
939 -930
386 -871
975 417
-82 922
-577 -11
-592 199
-610 5
-501 -775
529 -977
-110 -77
959 930
-503 353
-553 219
394 -739
403 -98
870 -587
289 -795
114 559
892 -438
750 -792
-531 -603
-220 -384
596 -379
-634 213
804 655
-155 50
-558 -199
577 -218
-531 -845
-509 101
394 -918
-20 96
-633 -307
637 -428
476 620
-284 -988
272 133
746 133
482 796
-387 -946
867 749
-594 220
-812 548
-662 -393
-780 -280
-118 -233
-362 -70
-182 -124
-60 -193
-357 752
854 943
-968 -810
769 428
-120 -560
-63 514
-600 -854
-603 305
-458 -39
-419 60
-610 -727
932 -976
342 -727
126 579
-680 823
369 -189
451 -356
899 490
465 550
487 -29
-377 648
520 -706
-97 3
434 83
693 369
-252 297
660 -123
-266 99
510 -331
522 704
-562 -109
-395 -112
319 -945
762 -778
-663 941
-917 673
351 -794
-161 -967
-150 480
611 -774
931 268
-975 -942
323 -140
-959 -565
268 -270
-461 119
-860 911
-40 911
901 -639
964 11
982 -606
-732 -865
-856 752
-593 -374
-15 153
-81 335
728 211
493 -320
645 -691
-370 -258
822 264
-672 641
482 -637
339 -24
-977 -406
-392 960
-942 -179
-581 -891
-54 -736
-752 347
907 -362
175 -535
28 317
671 874
-96 -40
-827 884
-378 575
-214 694
768 840
-995 -670
675 -878
-66 -450
-301 -986
967 107
637 141
361 769
162 -496
90 -639
-361 -334
592 -646
-834 -339
-836 183
-254 -768
-520 -995
389 -188
-417 982
-981 -190
-1 797
899 645
704 24
-503 351
722 -457
381 -339
-568 -545
769 -630
263 -794
277 -859
925 -819
-557 833
-206 143
-549 401
288 556
-387 481
-237 324
-104 499
783 -251
-27 590
-716 -381
515 -329
866 171
865 -963
-99 55
-594 -458
672 575
-638 940
-751 212
680 -394
-71 203
-46 -474
928 -708
-517 -457
-53 89
-549 819
-794 -210
-2 -27
112 -452
705 -460
697 -636
-30 -646
-788 -716
-683 -856
413 691
518 -693
673 -307
-830 -932
-287 701
4 89
-931 -690
946 260
160 -848
580 -113
-215 -613
536 245
355 438
-297 -520
-823 917
-939 301
-708 293
-741 -968
49 551
325 488
-997 622
-948 -671
-692 362
-591 635
-741 -591
30 382
325 -592
-995 -678
-748 -651
-874 169
-672 538
-486 -236
873 -590
449 422
944 692
-349 -333
968 665
73 103
257 -347
194 -305
127 264
-795 -232
765 786
394 -870
-957 8
775 83
-215 -870
-308 147
649 897
-818 -4
534 554
-220 -250
-784 -189
996 899
563 281
587 920
-173 -435
207 -457
-968 618
-315 -403
57 937
738 -1
-278 -97
-381 -668
22 523
-661 -78
-804 194
512 -88
330 583
533 -450
-534 28
-490 -177
-833 -70
-75 546
110 224
-968 844
-99 -579
-577 342
-18 -17
183 926
-792 56
352 480
825 -109
815 -943
-594 -197
-748 -465
335 -634
585 410
700 -651
-433 33
344 -389
-551 93
392 -641
486 -817
-310 -46
671 105
326 -129
-331 -866
-554 615
825 -647
213 904
200 -18
-870 529
301 419
-815 -953
357 -163
206 -524
-575 -774
785 181
-866 -830
-360 -143
-923 -530
777 -582
-942 -844
-22 324
-155 -536
567 390
-21 899
-831 595
-918 -79
-409 -841
-929 -260
-9 -29
312 922
385 -72
129 136
912 -348
-976 -45
631 446
-465 -229
862 -638
813 -377
186 -468
740 407
-401 405
56 -820
-603 -642
-731 872
-645 -64
934 661
-369 176
246 791
249 -477
71 226
-757 -218
436 -454
201 299
600 717
73 979
650 272
457 718
-785 -276
292 852
527 8
-685 130
979 116
547 340
-956 -39
-549 341
180 674
634 -680
649 -71
-76 -379
13 -494
-103 915
-569 -856
841 519
-281 -886
-293 225
-491 36
-522 -926
-697 989
-474 909
-827 -651
-321 899
477 491
879 29
310 16
550 -424
-506 638
-620 -637
-879 550
-25 712
-568 637
514 828
895 724
813 -329
698 -982
-225 -557
527 307
220 213
492 -635
719 -51
-894 551
263 30
649 633
914 -580
242 -334
442 889
314 -852
98 -610
612 -975
111 -950
356 898
-825 -195
556 -165
187 754
455 249
-124 959
-185 855
0 -931
-977 204
634 486
-368 549
-118 97
-203 930
50 175
446 465
-940 -973
-595 125
-651 932
722 278
51 -621
231 -179
-186 -292
156 199
-104 -227
560 -675
884 -968
-315 597
832 841
481 -172
-293 -250
195 990
405 106
605 -77
898 832
811 -374
877 704
853 795
-260 -548
-760 -801
-392 840
837 -762
-711 -629
807 396
-812 313
-938 -581
612 -708
-323 -113
554 246
651 -451
-603 120
621 289
-912 33
-249 -854
-466 518
-875 119
455 724
900 446
144 119
959 641
-100 392
-757 -688
-714 -951
258 -372
-566 -368
641 -478
-602 -587
273 482
-764 -179
-938 579
-875 307
489 567
813 -966
198 -50
722 963
885 140
50 415
58 842
