3383
-675 511
362 106
-424 752
666 518
949 -543
-218 990
16 218
462 729
208 -651
-120 125
-75 -392
-510 -6
350 47
406 -507
-821 -965
-928 565
-376 -691
-63 735
-491 -799
370 562
439 -661
-536 387
479 820
875 311
940 -303
-812 403
-542 552
-949 739
599 738
540 -804
-894 -369
-739 915
-701 -755
-143 -182
-847 679
-102 559
870 -626
-719 -572
459 -327
-187 460
147 -676
-362 -582
-631 -806
-49 489
618 698
213 396
48 347
355 -172
980 72
-94 276
178 -486
-87 789
-326 769
-423 744
634 545
709 -848
941 -995
548 -981
386 -843
967 -507
237 239
-775 -37
127 -602
-485 -367
-971 518
939 -349
-95 323
-696 -532
-453 -291
839 985
-970 -667
451 298
-302 -275
311 607
-346 -879
331 -67
-982 184
-16 -141
-426 -407
588 288
301 -179
-347 736
999 618
111 -789
449 889
-908 -883
-378 525
-618 -556
-245 -861
-378 -404
-340 -105
194 858
88 -435
897 522
-195 -901
-353 -774
916 -104
-488 -428
-693 501
-635 -196
373 -786
968 126
962 -33
999 837
15 -281
-214 491
540 111
933 -748
767 -841
981 250
45 -555
-548 743
-974 -68
587 53
-747 670
-749 662
270 563
-902 -686
19 870
558 -876
-891 -158
875 -956
-690 -704
76 35
-56 -51
-908 585
-532 -482
-85 -465
-256 -205
24 92
446 -51
944 672
-108 -976
-973 2
-897 -505
466 587
168 -837
800 -209
634 34
-625 527
697 -104
390 -608
596 -738
707 -230
-252 629
-732 385
-164 217
774 356
-513 430
-469 295
480 541
588 976
-883 11
851 356
57 -194
37 -320
908 -529
-430 -984
828 750
653 -752
-88 -983
842 412
793 -517
-709 -600
-969 357
761 -153
-547 221
-524 140
845 -7
-455 843
466 -853
-809 -82
-280 -181
704 -345
-20 949
32 937
675 519
-896 -795
796 -886
968 -107
69 588
-826 -133
46 -351
-863 168
-959 158
13 -324
701 -510
188 529
773 595
-598 -474
-20 348
581 205
-563 -24
-49 579
205 -930
500 -909
336 -117
-934 811
-372 -703
268 474
352 -703
-11 831
-590 554
302 736
-564 -801
342 861
868 -902
-44 -413
399 -636
655 368
-972 -96
-728 955
368 -22
-499 223
-323 692
-211 -517
994 -821
-790 299
425 491
-509 -299
643 936
45 212
-899 408
805 325
-513 705
-281 -509
153 295
-644 307
-803 819
918 895
91 258
-229 -285
-625 547
20 -374
459 510
-61 679
292 -75
102 915
-754 -851
159 521
-105 234
-672 884
581 -20
743 676
-881 -373
-706 -61
-355 244
-256 858
703 -415
-630 -397
-434 410
-248 -67
310 959
875 -446
-481 -287
43 -551
-690 -844
129 -502
-273 358
-813 454
-305 -932
-788 483
-773 -975
689 -696
-549 526
-555 -355
988 120
-744 -943
353 -195
866 568
-216 925
401 -917
988 889
916 607
-881 -115
821 737
-557 13
-742 438
-627 802
-951 -155
-183 273
573 882
540 -608
-533 -887
877 744
579 415
481 -103
-600 -967
841 -639
15 -503
-835 378
-760 -211
453 -153
926 806
268 -866
-50 137
35 243
617 -8
-9 872
555 798
67 -505
663 30
-765 -132
361 73
-114 -61
-405 -991
-847 -987
-974 -495
540 930
944 -934
670 941
-327 76
64 523
514 744
-317 266
446 745
-631 -478
-234 972
-219 206
-404 148
-670 503
127 -464
788 789
-852 -281
-447 -940
185 -983
61 504
-974 422
665 482
-192 -613
378 -594
-548 -784
265 -734
-88 51
-497 567
-663 371
-51 -394
-76 716
348 370
798 662
298 -681
289 477
960 -73
432 -130
324 -305
42 -281
179 -53
-353 -820
-806 143
660 -375
-871 -495
503 252
-57 615
834 46
67 -59
623 -730
385 -541
-496 348
607 672
-692 286
795 714
905 629
374 441
-515 -763
628 -224
643 72
-661 -303
-530 472
616 -733
-688 734
752 117
-40 -658
-84 975
-386 15
51 334
989 396
325 -932
853 -515
-405 497
415 -77
-928 301
-435 -682
622 -655
72 -353
696 113
-649 -924
860 -966
65 616
-507 644
242 -49
-478 -442
-195 -830
-38 -740
182 -793
-646 -149
-196 174
-12 63
-262 844
648 -919
59 793
480 -855
783 152
-739 -739
417 -774
-252 377
84 -126
598 -109
466 438
-286 771
259 267
348 -403
-290 94
410 -387
241 915
-797 -177
-592 558
759 564
-720 -174
-595 422
-815 -755
-193 -634
142 -175
-730 -70
-859 -30
854 824
-475 -79
-152 -110
-822 955
-439 15
763 -959
950 158
783 -939
-715 -150
49 -22
-845 732
-7 -86
528 548
22 -140
410 -59
-243 -68
-548 852
723 977
774 543
875 429
-535 542
-241 -641
201 -276
-1 -712
-622 386
-629 -424
23 -697
-384 103
-899 -470
101 -413
235 -756
-909 -339
542 -738
439 -973
462 430
-9 891
643 -558
-170 -283
149 -479
633 926
-681 -396
133 68
865 -464
591 621
-624 -799
-638 -602
911 -250
447 893
419 -561
326 910
824 -217
103 -417
877 -62
344 283
-672 677
180 -705
954 377
-7 -10
185 -738
-162 -556
304 -880
-906 5
416 -501
280 68
179 -258
-421 556
189 193
-989 -320
-319 230
509 9
228 609
826 -350
-907 552
445 -107
136 -166
37 948
262 127
425 600
-859 -876
-265 -741
-122 275
-4 676
531 -156
-30 757
134 263
-164 -602
-88 -835
-559 417
-193 954
-407 651
-251 267
-517 677
-40 503
19 695
-106 616
948 -296
-395 119
450 -3
-60 -951
157 -136
276 -580
-322 972
-140 480
353 882
-336 150
311 846
168 634
233 -657
-464 -960
379 122
-709 -672
439 579
-57 -207
581 801
615 -825
972 -625
-589 -403
458 802
-335 -414
116 574
32 916
541 456
185 -866
-970 826
-539 -800
-150 424
-99 -333
487 -74
-28 -438
172 918
-828 -745
198 371
108 -332
138 -256
565 -660
-336 -114
8 -995
-397 399
-528 -673
-229 -594
-65 -270
312 -229
402 937
-243 -744
340 969
544 197
-124 -160
148 637
-571 -58
-716 205
-86 725
926 376
-49 680
-413 220
582 -634
576 -701
886 811
-516 -423
-412 -965
-95 945
-881 695
553 39
-434 -85
-482 51
-760 -755
768 -621
711 -986
517 773
716 878
419 -824
-286 -774
-211 -880
-957 -858
-609 -724
-102 -319
506 72
-50 699
431 626
-503 751
-4 430
-404 -624
536 472
836 -90
-258 -259
-806 -954
332 -391
412 -988
905 -881
-372 856
-871 -614
-580 257
593 119
199 685
-55 927
575 516
-347 294
890 -424
370 -218
586 942
593 -424
-2 -391
-603 648
172 187
877 -217
363 603
-831 445
-413 438
-883 -267
-732 -970
704 230
-184 -29
322 259
168 364
822 83
63 -539
517 511
-223 -802
759 205
-470 40
-655 -305
231 -297
-784 -997
245 21
24 -39
284 621
619 303
-886 467
986 413
352 933
590 472
-675 947
420 -57
-324 190
-902 208
-258 754
172 144
-520 -477
350 701
124 -599
-824 253
407 -677
-557 770
-753 -819
854 -756
-216 -246
368 365
-229 705
-877 139
870 -832
470 905
-591 801
-89 51
855 871
-814 427
63 -905
-875 -473
-706 -25
-768 503
-595 952
-946 872
-390 -28
-539 890
449 -298
-323 -398
-505 -772
-302 560
-758 318
266 270
-870 -4
-283 622
-682 -551
-887 -432
632 -374
-886 -842
126 445
170 121
701 10
-524 -200
-713 -805
280 -300
487 139
-553 -243
369 -736
700 -406
811 -807
703 508
490 -601
-630 -672
-932 299
520 711
-407 147
241 214
-38 964
630 557
-907 567
125 969
510 948
-548 -905
-434 -576
-938 912
433 199
744 398
-639 776
513 464
-716 531
259 -846
-361 675
-772 777
791 -21
-861 482
324 -205
324 -888
-971 912
-710 -40
-582 -523
960 582
260 957
-489 -452
-475 -764
149 726
-8 -936
-94 30
-562 -764
-685 601
-146 103
131 -626
-453 214
-556 539
467 726
73 -713
-773 696
386 -635
588 -77
981 -163
525 -972
-193 -661
-370 853
111 -331
584 -66
-627 -819
-922 126
-35 891
210 -248
742 -248
-720 -865
753 795
875 176
-445 -811
978 530
969 395
-751 -241
471 -73
-97 592
128 413
-452 394
195 879
887 122
-390 400
177 466
930 -39
420 -446
-647 990
657 -90
140 382
717 -350
-403 -99
233 398
-187 514
-220 -47
749 -304
914 -865
797 -11
201 67
-127 -875
656 -532
639 772
-361 376
-566 694
981 -287
500 440
-108 -102
823 -181
-338 504
960 -941
-508 -415
-160 196
-318 -426
882 -792
-27 -784
-132 -463
-728 765
726 -269
114 503
-68 -19
-864 -7
149 794
-446 402
911 396
-938 997
-271 -844
231 -889
335 147
197 -122
843 -63
-350 -502
-991 894
-240 957
735 780
123 -950
-681 473
56 519
356 -258
-452 963
-33 -566
379 -610
623 -900
-474 363
-222 -669
-783 648
528 -330
711 888
552 307
-32 -300
129 264
-628 103
-862 579
327 -814
-916 -949
-549 -876
-371 -485
-332 -677
372 51
-137 454
-749 -451
-384 307
-760 -624
-402 34
59 -169
928 316
-634 463
-868 726
773 -973
-892 947
675 -648
104 941
-623 9
633 722
854 640
228 400
-632 153
-87 -129
668 423
783 561
928 611
-216 -54
51 -711
-828 192
378 562
743 -351
-766 751
378 -89
533 -934
-141 -818
941 365
404 -736
-342 -721
740 485
-972 579
768 604
863 112
-207 -904
19 126
218 284
247 -58
-312 965
785 -554
105 -262
-49 -841
40 884
659 -576
-865 14
112 615
-854 348
-312 780
-981 -724
-590 276
-143 94
-980 -778
568 -238
-555 -984
48 -842
39 -889
685 -595
-441 9
290 -161
254 -349
-35 -333
-365 -135
753 -675
703 -102
-202 360
415 -632
-238 163
-201 761
-987 59
875 880
805 -612
-67 -952
478 -664
663 -346
600 948
-106 812
934 678
-101 -947
-93 -897
354 437
-133 921
799 436
-293 815
715 -673
-695 655
515 181
-943 -896
-677 -269
-891 -300
-203 151
-462 637
741 -924
579 944
-352 -549
-9 427
840 837
-286 230
-215 -688
468 763
658 -96
-468 469
642 -111
-453 186
985 798
233 872
-358 -892
393 -702
337 -220
-69 -824
233 -581
-427 -296
-181 705
-607 535
-794 -620
470 702
-334 947
-794 629
-621 -549
-100 33
222 -942
2 973
413 -315
259 -694
-13 658
822 -10
-225 565
869 -66
401 -717
-847 -939
-802 40
-681 528
-765 -222
176 -456
-852 635
618 941
-46 -281
-168 -902
-600 290
-582 237
-622 919
812 -253
-998 816
672 -58
850 -254
43 7
-567 -988
433 -806
-449 -348
-751 293
214 -472
-145 566
-673 693
99 552
960 419
261 -812
423 -901
725 551
-287 -650
957 -88
-808 -795
374 86
-274 32
-821 244
-516 -544
497 -300
-855 700
-127 390
171 -12
-484 381
-704 816
-708 -314
-742 -26
-118 713
-755 -339
-188 -613
-631 -362
-582 -87
662 388
733 117
-638 784
-744 -898
812 -963
586 -750
543 -148
-247 -156
142 544
199 780
403 -816
-366 -479
-458 799
-563 39
477 491
-752 -615
-872 -616
224 -459
-261 -374
126 507
696 981
-446 -652
-350 629
-252 -525
-157 -547
15 413
601 305
-940 776
83 -174
-16 -171
606 77
430 -627
622 643
890 141
317 375
204 -798
581 218
911 -524
926 -633
932 946
-489 -594
650 657
821 -687
43 181
189 -640
-587 380
-702 -123
798 189
-290 -193
-683 900
256 128
-152 -853
-678 294
-790 -984
489 282
-463 746
401 -182
434 -127
-818 887
-580 256
-980 -737
-667 -396
-751 841
-89 -574
496 834
-728 627
174 75
684 47
80 -305
188 251
-85 -779
756 34
-230 427
270 549
-738 -195
832 -574
-729 -744
535 -154
613 -750
897 -652
-306 166
635 721
-627 881
63 885
623 302
620 514
702 -30
-188 947
714 679
-218 67
859 -918
-352 627
711 -461
-381 970
532 -376
-924 730
318 97
935 -521
-154 378
138 -218
-513 -293
466 504
-200 -521
-808 900
936 -585
867 -666
-307 -939
499 -998
948 -600
369 503
535 -653
568 556
-312 941
-958 -980
-960 494
787 905
583 -178
-666 274
-383 -130
-118 -19
-323 420
-325 915
174 -904
-719 -561
662 607
-551 -203
-859 507
-10 322
-266 256
246 -712
628 165
-844 -137
592 -657
177 -758
19 125
594 -745
-751 564
-136 -27
164 633
-846 -197
836 -448
868 29
-744 56
-315 198
-850 691
714 660
-102 -345
420 7
33 518
-406 648
20 238
374 -935
-965 272
-655 721
215 -175
-993 165
-473 339
585 806
309 882
333 861
777 -322
726 263
666 -532
-517 -335
35 -389
-167 -141
-372 759
463 -340
-507 448
-930 -191
-895 -311
-706 342
-138 624
368 489
119 -655
38 -799
686 -567
978 -342
-101 -565
-255 -626
494 -794
-746 835
5 481
-634 -665
148 620
408 -595
-472 711
-103 -107
810 383
401 637
-44 364
936 -150
326 188
278 -540
22 398
174 -587
-86 -865
-903 129
-699 -939
-382 291
835 28
373 572
869 -220
-969 282
875 376
516 -438
-683 333
-36 -817
985 495
315 -354
147 -708
-69 271
-434 -451
-982 420
53 -375
251 -457
760 232
863 -266
-33 648
640 -210
-367 -622
658 9
-382 -421
-984 248
719 922
-344 319
841 -244
207 -285
99 -614
18 213
-676 -602
794 -756
-868 -424
-883 -860
-881 539
-371 137
35 951
-351 546
962 61
-746 606
655 -411
-715 -593
129 296
225 -582
465 -404
744 139
563 -924
-427 57
-233 724
-441 397
-691 -155
4 482
-198 -259
-37 -437
910 141
-131 792
-702 168
-470 -569
-813 886
172 -437
687 221
724 -114
-94 987
-122 -842
784 820
-43 -294
-559 -946
-801 -735
958 878
951 -881
478 113
550 -450
-81 -422
-401 -961
-586 -864
-971 78
326 547
-866 39
481 626
260 396
144 863
-272 -606
-590 894
-555 -866
902 576
846 787
-631 -558
711 905
-368 -171
-115 -530
435 588
277 332
-450 648
-738 542
-665 659
71 130
110 -433
-66 381
-967 -275
238 -285
-661 301
758 578
-24 -7
-662 17
619 944
-645 556
258 -349
-107 669
-402 914
45 -374
205 917
855 929
20 266
985 180
813 306
34 -395
741 -165
681 -447
147 796
374 861
-632 -270
625 258
650 973
-884 711
-753 522
-703 -813
282 -368
-275 336
-952 10
472 -337
-56 -665
858 -386
492 979
-514 -630
-350 820
-973 85
209 -987
727 359
996 -701
450 -475
649 665
-284 946
216 971
-481 -360
-94 933
-669 293
608 675
924 -938
-793 -915
-307 581
-756 665
-231 82
540 239
37 771
-24 -693
895 -388
723 85
877 750
-195 736
-425 336
-84 -43
-621 126
141 -179
786 244
110 -943
702 -440
-390 99
-896 219
-703 -967
580 463
-882 -386
716 -474
231 -921
469 -497
-623 -571
28 -336
-68 16
-386 115
569 975
-45 128
-965 -184
25 510
579 826
497 841
26 -356
490 531
-291 -764
208 491
-998 -809
130 239
-658 -44
742 -927
651 367
846 267
-326 -33
440 963
-188 -169
-409 -707
-720 950
211 -733
-659 334
-911 966
958 -412
-142 242
-57 -179
542 -653
170 851
78 -246
-928 -486
-934 718
88 567
279 -28
882 -407
-561 829
-311 975
-994 -206
-605 -616
272 -720
760 24
-740 723
260 849
336 -955
-51 124
426 -124
36 282
-854 -571
-259 941
778 -180
-243 -91
488 -602
6 109
138 -307
179 -606
351 650
-763 295
662 855
-998 474
-976 444
993 -123
-556 -954
-545 -955
71 488
175 426
967 -318
252 371
-691 641
-578 -809
-641 -788
758 980
-249 75
426 553
646 534
289 146
694 -287
-468 -313
-253 153
-456 660
-297 -658
-841 -474
680 942
24 587
579 -442
-486 -537
-778 344
36 310
-690 -853
-174 -347
758 630
-224 -64
618 -853
791 -470
287 -476
-407 607
-908 495
684 -87
709 -39
-200 484
627 972
850 868
5 520
-315 336
-786 -413
-381 85
572 -238
496 859
949 -365
-87 -986
-560 -768
728 77
-907 -652
-873 427
-124 843
-154 8
662 -933
381 -251
-746 -315
752 794
62 -293
678 -497
930 -481
-983 -979
718 656
-37 451
-849 324
845 -648
-254 -876
624 772
-961 -102
-968 -114
-461 156
-412 851
-992 758
-946 -260
-202 410
867 -499
399 935
210 -691
-467 -181
-235 553
-910 56
753 -41
-29 -56
-769 892
12 417
534 -835
-542 -394
-433 855
108 -668
550 477
-449 728
-335 69
-420 -446
-444 -606
490 555
-241 -800
963 -571
-276 514
33 -553
155 -405
-587 -571
-166 910
267 450
405 71
352 -954
-334 -137
-977 750
-919 833
-433 -873
71 501
-275 424
-624 -96
201 -814
-58 880
-622 -295
-867 -375
817 945
-982 -262
999 -761
-353 749
806 981
504 305
-896 691
-493 887
-510 -82
-622 -129
559 811
-495 -351
-499 744
358 475
800 -153
-484 -642
-631 410
478 279
-275 958
-11 303
565 -808
-832 226
793 896
791 192
-564 96
638 -938
423 -773
954 282
-411 798
229 -967
-494 -871
418 641
-829 -214
912 -514
468 -354
-418 -682
-779 -521
-396 371
-798 764
-228 -588
293 644
-381 883
397 -223
-782 -411
-309 -515
955 4
48 630
-668 188
-407 9
86 -441
134 703
803 10
862 -149
826 -499
-908 -176
443 -389
-555 451
88 462
-327 388
786 520
-474 220
703 226
-605 326
-483 -123
802 990
377 -213
971 122
716 67
-392 59
922 -842
-363 -573
-517 -515
773 916
726 -289
-909 -115
-238 429
78 -445
-822 -516
625 -286
-621 294
-842 81
-304 -528
-359 23
305 505
76 64
-946 -793
-641 -179
-203 -30
187 415
213 -674
-861 915
-455 -166
-405 -373
996 651
468 -511
16 117
589 -85
-972 -65
922 348
9 -652
-623 801
-548 -471
-343 -921
209 562
-671 -467
-931 787
882 718
384 425
821 -292
773 -619
531 635
-487 -964
-17 -669
-803 -417
-764 -828
957 716
-113 -282
653 786
-421 632
-233 -235
638 598
-347 -874
567 199
287 -176
-235 -420
964 883
534 -503
-887 -703
-971 609
-205 74
-111 388
-732 664
14 936
264 -805
-947 -263
-562 947
746 913
-602 927
90 -218
-819 -248
465 -458
-902 -387
614 547
-490 -611
-858 -689
-675 615
-936 22
216 -814
-106 -913
-266 -244
-345 -223
-353 -589
622 -10
503 -746
-77 785
451 937
-77 -209
-226 -885
249 80
856 200
234 434
-476 -802
-174 -78
991 -95
928 546
-417 253
306 -503
274 863
-576 -914
546 -974
955 -877
-599 -564
-829 -191
665 181
105 -248
-7 -517
-215 -508
736 135
117 63
545 -388
-989 361
-133 -746
341 232
350 -594
-886 -800
-595 -819
184 -703
326 775
503 52
-253 -845
189 580
447 -772
-533 -564
-856 985
763 245
-248 -963
838 861
-751 415
-24 -89
668 -153
147 5
-736 670
-204 709
676 115
-520 415
836 701
-611 -597
-29 292
985 963
-299 862
-997 397
634 -694
836 -955
-70 -897
307 -180
403 -604
707 452
149 -468
550 -953
-648 552
159 -694
51 -38
-991 726
-532 698
74 -255
735 428
-579 -194
-257 717
-78 -38
718 544
542 -158
493 891
-221 -299
-846 -479
-378 126
717 -419
323 -658
-647 -828
-302 -196
68 -360
-570 -340
-659 365
-983 49
-751 -804
-951 563
724 -791
306 -785
-512 -123
841 -111
911 -221
-467 -110
-183 -132
-676 114
-227 578
518 -139
353 -987
549 -898
760 -329
-632 -867
310 912
434 -920
-635 -879
-666 539
469 299
639 -641
198 395
753 108
-843 476
-526 959
-887 747
-121 874
59 809
-577 671
696 131
0 -645
775 -638
-748 -814
-872 -910
242 -993
131 499
-356 200
253 546
-436 -861
-839 -827
-882 -580
-685 729
-628 -285
-85 -276
540 -58
532 9
-981 674
411 744
-521 297
-889 -526
-706 402
931 758
-408 243
-3 190
661 704
-756 590
-138 18
-141 658
-67 615
-199 853
-347 700
885 962
-288 -662
-21 -805
355 -429
-56 651
866 636
-755 524
-213 -471
-419 72
-844 -582
439 65
-956 -216
531 687
147 398
589 -2
-991 -761
515 -412
711 -276
-609 483
849 -389
100 83
983 678
137 109
190 -927
534 -280
-31 -582
-926 564
-737 423
953 -711
708 481
-930 -947
-344 66
182 -424
-471 335
14 -456
-41 758
-414 947
83 -840
126 833
-137 100
688 214
-795 503
-908 -239
-81 -619
-178 182
-502 -361
725 620
-398 659
21 -602
860 732
-558 482
415 335
251 -956
-352 -231
421 -192
832 -887
947 650
614 298
-106 190
-627 621
137 -593
204 8
490 -767
888 -526
473 310
-22 602
417 569
-256 635
551 652
645 785
917 690
-384 520
-250 -788
526 553
640 -908
-753 309
-493 252
466 781
-11 -475
48 711
281 351
-198 226
-93 244
434 -300
941 836
-150 153
-265 926
-465 778
-318 564
452 79
-663 108
-801 -715
308 -139
37 -418
-931 368
-348 779
-738 -885
-332 -757
801 349
541 -990
-746 516
-776 104
915 974
870 -218
-674 -311
17 578
522 44
612 -795
-476 626
11 322
-38 -501
-773 294
-160 209
720 654
-253 891
314 -213
-374 -444
-699 230
-47 153
699 405
-892 357
-277 346
-117 109
-330 399
-790 955
670 273
-570 588
-899 -849
-793 329
-409 -718
241 -187
800 -230
497 -788
-197 -979
-200 -282
-168 494
57 -113
956 -496
564 679
-483 936
191 -424
405 836
-153 -292
867 -82
-838 -118
-816 79
-462 -75
-457 597
146 -317
561 18
561 -673
340 -358
-24 846
746 299
396 66
-670 -902
202 769
488 466
582 867
-157 -324
-190 -98
-109 -178
-417 -495
583 -812
-842 -973
-945 895
-668 -966
327 880
503 892
-993 -429
668 982
-452 140
-556 830
-929 52
-310 -295
615 -288
327 -869
-856 -586
240 -301
760 -561
-43 -685
110 379
-872 369
394 521
351 -305
-238 -479
-645 539
-893 599
-971 838
-45 -767
-83 -202
262 -941
960 171
-441 352
364 353
-894 -545
38 635
-268 -369
-810 -278
99 315
840 481
-548 941
-110 -215
-561 -317
837 195
-182 81
693 -111
-568 -276
-970 868
632 723
-36 -284
222 316
434 -606
-725 98
-90 -114
-660 993
522 -280
-141 -19
393 167
776 -426
587 -453
222 -275
-326 -876
197 388
161 -145
-28 -25
504 -795
-333 77
16 -446
-262 589
-96 -874
972 -975
92 -259
-47 156
-328 303
310 203
304 -904
70 -579
437 582
198 -686
-648 84
-398 -315
136 -134
569 538
266 321
-999 39
-757 568
-885 -909
550 584
509 31
-10 -24
498 -761
-148 -640
986 -520
14 206
-430 366
837 -244
-342 -283
-765 220
248 476
-106 457
-176 -791
-849 45
-79 -384
-798 913
-977 -159
-932 137
-637 -972
166 877
-365 -122
-643 -586
176 993
989 925
388 -402
98 883
57 106
-707 272
616 218
-922 -515
-265 -769
-810 -895
-433 103
-222 140
353 730
-281 197
-137 416
409 -748
682 -685
-277 128
456 -88
-756 -57
-622 157
86 863
664 -222
694 -176
3 -920
-37 622
-138 -229
-17 -265
-284 -128
-409 961
-832 717
267 706
-520 -806
21 685
-593 140
-422 -112
93 332
506 110
600 -502
56 94
-401 980
808 944
-261 -683
236 148
196 798
-66 -711
-379 -699
251 -842
224 -63
708 -996
896 -415
-236 838
-959 -688
-911 -554
240 41
212 -738
962 27
551 337
213 108
241 -535
-662 525
-333 -842
478 -719
368 -375
-164 893
911 741
227 144
386 -384
-602 -784
210 -915
-488 664
897 -534
-508 756
-147 152
879 104
229 943
877 -188
-913 -210
340 -407
-684 -636
499 -680
832 -129
352 -928
-517 -552
-699 -556
-681 492
456 -482
1000 -759
622 679
-11 -547
510 626
-718 -994
-651 -836
-439 426
221 532
476 957
893 -246
973 388
799 -247
248 -43
148 837
165 -245
297 580
-832 291
-954 589
229 -840
459 817
237 14
-214 -708
-774 162
19 -710
-541 -771
194 -598
446 -933
-183 -604
-367 702
605 -790
-425 673
-398 -47
-797 255
-42 413
454 -560
-737 -50
625 728
-284 -116
826 -659
-259 -652
-209 636
-390 -480
-99 235
692 -199
509 -355
-169 -340
-557 -632
-181 30
-873 407
-955 895
384 15
-431 656
-108 306
700 837
945 325
275 -919
457 -734
846 37
591 -226
666 895
901 -88
-982 418
-494 743
44 -366
116 721
27 220
506 155
905 -609
-289 -924
792 95
166 561
157 690
-872 679
-364 -144
543 -422
322 -34
593 -199
-914 533
268 -746
253 -123
-892 -730
-112 12
685 -850
-321 -28
441 -696
-686 736
-14 281
340 -266
934 -701
678 394
-844 329
661 590
520 774
988 956
-392 140
-697 768
653 367
-659 -826
-447 606
715 -425
364 -347
-687 355
-99 196
814 -99
920 -978
699 -726
597 -207
25 777
611 696
170 688
-289 659
-303 -630
-168 -814
361 -414
-883 612
-586 -33
-18 -45
-594 -178
-754 876
-939 -64
-871 -161
-308 329
874 219
-824 -412
410 600
-654 -136
-167 386
-717 412
108 840
956 -199
154 -119
-410 276
487 -326
399 -855
430 903
368 -521
751 448
-321 -98
605 -592
985 681
756 -84
-277 -564
765 912
-907 -323
-830 -391
862 418
-720 835
-59 223
-240 -255
-866 -388
-299 -353
439 -775
-797 712
878 545
-60 246
-28 608
106 -451
-227 -203
676 -618
-497 -459
626 173
-153 -58
-281 987
-422 887
-863 738
481 -512
-390 -742
-141 -2
-947 894
304 -981
568 -666
769 -256
372 499
1 -454
-730 493
537 509
-925 -388
-593 924
-74 -135
654 709
642 851
-190 -755
246 209
90 751
628 -340
-995 596
320 -872
-344 -943
458 -298
-131 -972
-678 955
-900 445
271 478
-161 589
-730 549
-425 -48
-246 526
217 330
-159 221
-522 723
-591 376
221 754
-971 564
562 876
-813 -738
-357 -438
681 -503
975 -196
651 -581
398 -96
654 135
255 -992
-126 297
-404 -65
626 564
14 50
332 811
760 -48
671 434
758 888
536 -781
-686 212
267 -529
-406 98
418 -981
-92 -419
519 -729
861 862
626 -595
805 997
-558 831
266 229
252 -402
-841 387
-778 778
-837 142
240 12
906 251
839 405
501 -728
-614 566
-615 541
681 925
601 -911
322 -509
266 355
201 -138
291 -188
-982 -393
449 -299
497 -349
-884 -491
725 947
940 391
695 -781
121 -443
-868 212
-123 -89
492 545
-133 -606
-807 593
597 898
351 49
415 246
398 575
-770 46
-311 199
-706 -779
797 -433
430 159
-32 -687
-708 -686
384 44
-767 868
-857 -566
395 536
464 688
749 -279
715 -664
920 -429
-384 174
-474 -219
-778 -419
26 -361
-976 -953
426 987
-131 -361
968 262
-675 -216
-508 -277
-637 610
-894 940
510 920
-901 896
886 -317
-571 884
-185 476
929 -990
895 508
521 178
-104 965
471 -716
-92 701
212 -55
-404 -610
-506 69
-744 943
-505 549
-68 833
-411 -64
-937 602
750 -288
-404 -511
-472 46
813 -290
98 -849
-645 63
-627 737
-562 251
504 36
-475 152
-193 -295
925 555
242 508
-750 -397
-875 -367
984 -76
-965 -128
-218 -379
-862 -592
151 -535
493 -74
-735 -209
-332 475
883 -103
-563 798
895 828
-201 175
619 652
-629 -520
-792 646
946 218
990 -37
549 -693
-882 912
-857 -335
-73 -393
322 -467
-284 459
693 601
202 -274
-983 -912
-589 -956
-201 -768
-646 156
-678 -975
469 242
948 435
196 -650
738 553
268 -358
351 520
691 -786
314 -706
-518 316
278 -573
732 -620
-170 -879
233 662
934 372
-15 -159
-120 528
-846 -162
-637 469
-144 -500
-836 -493
-344 186
674 -274
836 455
843 657
28 779
753 -686
-191 817
875 474
744 875
59 65
441 -268
476 -500
838 -716
-616 247
459 -617
-502 657
857 858
-551 474
-175 283
399 429
273 -338
941 -242
912 15
-432 546
-518 -885
65 -542
954 941
958 46
-981 -101
-999 673
-595 749
-172 -150
-632 -863
810 -300
195 128
653 10
-942 718
466 301
290 964
-867 -366
-796 910
-435 -724
-405 -939
518 93
-585 -902
-64 -372
94 -633
-413 -474
445 -330
-609 549
18 47
-914 161
-553 563
-87 -70
31 746
-21 -143
593 492
440 617
742 770
-4 466
-334 235
-828 -800
533 -674
157 254
-737 275
-913 -860
-27 576
-872 -534
-809 53
664 602
-706 455
161 -841
-681 -739
-629 -143
-624 -3
344 580
870 -636
189 756
-966 728
-36 -343
151 398
-174 106
-186 -965
-444 -597
-500 908
-167 23
-456 -796
-457 -851
207 -983
-771 -885
484 222
931 907
-423 639
-732 336
983 -770
615 255
-803 -575
-271 -482
-406 600
795 -721
-36 16
-205 873
85 425
709 490
768 -40
454 -49
-808 13
-764 -416
-973 450
-353 957
834 -728
134 393
-360 674
482 -807
444 159
612 987
-529 -568
190 39
-708 334
-413 -793
-492 994
446 902
165 881
387 -197
382 518
600 914
116 846
354 -225
945 -902
-497 -78
562 -313
-505 553
526 382
691 -614
-153 -69
217 683
81 -114
-595 248
-397 -268
856 -350
-208 803
-106 -824
-572 -40
-943 696
496 -415
239 706
-779 -822
973 -175
-143 489
-840 -712
267 -232
-944 -337
367 -122
-740 11
617 413
300 272
562 129
561 454
443 942
-163 348
-867 655
-134 288
765 -593
988 10
880 80
-969 796
611 -355
671 714
168 305
-798 890
784 -605
485 170
987 -744
-335 -795
-863 600
-995 -556
383 764
-407 388
-159 -531
670 -788
466 -883
-537 -997
773 -318
510 -235
738 742
919 858
-176 864
-707 746
-252 880
-769 92
-674 366
681 -873
767 -464
354 935
-294 478
186 -944
176 -42
-352 144
-742 319
-795 871
-443 95
899 101
-240 858
-981 920
517 561
-686 755
-871 152
169 366
420 -237
655 -864
-848 328
-344 -403
-974 901
-726 -736
570 -293
-804 -856
-741 274
-642 -989
921 667
839 811
-346 563
-767 -189
-725 653
118 -816
471 637
423 104
810 469
544 412
-49 -592
-242 85
-180 624
108 -639
-70 -712
-991 -277
707 -871
-726 59
206 782
-425 -381
492 887
358 -731
-496 -250
-78 -538
849 -869
731 -492
112 -656
-686 71
-39 325
-324 -183
-886 -919
-174 117
-875 -130
26 -799
-90 -182
-119 748
-349 -580
531 902
23 166
-392 579
45 100
975 718
589 510
656 -339
713 -383
-716 9
-187 -2
-181 282
184 -704
-623 597
726 -865
32 741
393 -698
-540 187
-13 276
-494 262
245 -826
-618 929
686 336
991 -497
-829 862
-340 184
177 -915
723 513
36 136
-442 733
-235 -332
101 -345
966 667
-383 587
-723 -518
-633 599
834 938
-297 -75
-374 191
792 -10
-32 434
716 254
119 255
-925 851
-400 366
145 691
-868 -781
191 -551
-847 437
819 -306
-467 511
670 815
-196 -936
874 851
90 611
-207 25
-424 -970
-292 -44
-834 124
-399 -921
405 282
58 143
82 290
-330 131
579 778
528 157
778 330
-766 -283
683 472
-360 -558
-555 532
996 -351
2 131
309 -78
-625 940
599 421
747 964
938 -648
97 251
-366 -850
-60 -285
322 -481
493 -764
-472 -750
-394 98
-73 491
516 -710
-105 -283
-905 463
302 -929
-814 887
92 -618
-934 740
999 -521
-657 -60
747 -303
-997 520
960 380
-386 534
-871 -595
-522 734
-991 -11
815 925
484 526
-689 -157
351 451
-737 -683
600 370
569 -206
-661 -493
677 -938
-134 -59
-159 -750
546 -995
532 390
574 79
578 420
573 -87
-690 -124
19 579
-894 103
768 -761
-275 -787
211 -160
769 790
701 244
410 -742
-122 -511
366 743
65 -54
-440 -627
894 -17
724 -20
-45 -562
-344 217
554 892
311 627
-22 434
-923 265
437 920
-679 -520
-523 -605
-457 870
471 -770
26 928
147 650
-766 -13
-79 966
-430 -211
299 29
-570 723
-430 690
-937 -417
51 -371
351 -208
-873 -749
-117 -369
-596 487
532 -429
757 -509
-356 981
306 -379
10 673
447 155
-924 -223
702 -723
-800 569
-348 172
-199 387
-59 543
962 -951
320 680
-51 -203
-599 -823
520 505
-584 345
813 861
933 -972
-969 -35
64 886
-957 -881
-861 134
221 101
807 -717
806 -921
-521 -512
551 462
856 800
855 545
963 944
-659 -16
392 839
964 850
68 94
434 -592
93 240
807 -690
162 -623
134 61
611 638
662 -589
145 601
-554 -683
71 642
-989 298
4 -604
-488 -48
590 229
-629 475
327 -596
274 -126
-116 -496
-456 -600
275 677
-125 -869
368 -330
561 222
-468 -319
-570 -856
565 -250
-409 730
-685 -802
548 289
945 284
840 352
-953 133
-240 938
519 -289
269 451
-674 -5
-773 -379
647 -286
-306 370
110 -415
976 333
667 -587
-853 -473
-663 678
343 43
-807 -557
787 344
138 -415
-140 114
-890 100
-464 -456
811 954
967 -220
-257 -149
-602 726
1 993
476 445
271 822
-231 -534
-916 451
-982 -107
494 -573
-602 -131
394 -343
-538 -223
31 888
502 -384
-429 235
95 -207
287 903
545 17
972 -985
545 208
699 -782
919 571
294 797
917 -775
345 163
231 -107
-978 837
141 239
-613 802
-134 81
397 645
-6 706
337 -95
310 -548
135 -947
-744 287
-394 -720
-706 -813
-258 -947
767 -178
432 556
-386 -598
574 972
930 979
547 474
-606 676
-111 352
-958 -496
-483 863
-754 -208
250 -133
601 976
377 665
-267 -328
156 682
-943 635
13 -283
-747 -302
787 502
-451 -585
-322 -647
-537 -847
599 581
764 -125
409 297
-863 -653
-274 -888
28 508
122 -460
-619 -61
376 204
659 250
-697 -730
386 102
-29 -772
-827 -175
-860 -442
-784 816
423 683
-317 -397
399 168
678 -786
-150 -36
-328 -485
-477 -486
918 684
-645 572
-564 -815
550 280
-675 719
856 -459
-333 427
861 186
406 -247
138 139
237 -824
598 643
-666 42
-746 32
-874 564
218 -62
-368 155
460 258
405 665
-733 323
688 435
281 -39
-417 -629
-270 76
-911 -396
167 252
323 -519
-619 -830
409 957
522 748
669 -143
-887 -396
-886 616
402 629
342 11
-540 413
465 -773
270 833
160 -790
-567 -955
393 -439
-186 919
-244 -656
391 638
-489 480
46 -634
39 761
-856 -647
29 651
-921 -355
406 -755
-365 849
-583 319
656 -907
-369 897
-612 -884
-715 -704
495 163
-654 -12
529 -321
-681 -693
-598 40
889 -652
-259 -72
880 -677
-269 627
-18 792
-441 -172
143 -281
-779 572
-620 550
-958 57
270 -432
810 600
283 269
-803 -100
354 758
-953 -22
334 -679
834 -646
941 322
476 718
-858 -988
-200 832
317 987
327 158
247 226
803 -619
-309 -77
-832 671
-481 514
289 -883
-561 169
-452 515
476 -446
-387 -906
-375 -953
-148 -41
646 -871
-881 317
-88 467
749 -364
991 -387
-120 -728
966 688
-73 -288
392 685
503 123
-761 124
353 348
268 549
536 -875
351 -15
-262 -555
709 607
306 178
747 55
143 -923
133 -897
743 -807
581 974
-439 882
-772 -92
262 221
-814 -938
-674 -468
-42 -180
-677 94
-91 -358
-338 401
-996 -994
955 55
940 430
277 986
-656 -48
362 48
560 -553
653 -67
-957 481
487 924
856 673
907 411
945 669
-580 -70
-140 72
-432 -590
-878 590
849 101
-780 -942
-664 154
217 120
-568 -746
-927 17
668 282
775 330
-640 -49
592 -572
-511 994
-218 -590
-924 767
-860 -652
744 112
112 487
-196 -861
315 186
846 733
