3428
687 -212
-77 773
138 -54
880 732
718 -472
-835 -42
-257 440
-895 493
399 487
214 -620
567 8
-411 928
-633 639
-878 663
701 -210
70 138
5 464
-289 723
580 631
-936 -595
-475 -522
-184 710
-15 -658
796 -218
639 218
-941 -52
80 -70
110 -322
-552 416
-795 -691
684 428
905 330
382 24
507 332
121 403
-544 -499
-562 895
801 408
-165 826
-412 -157
623 222
574 333
511 -313
115 -377
374 -585
643 978
-433 -324
581 -484
-797 -499
721 810
17 840
-97 -91
-544 891
130 -395
-698 837
-701 -193
-921 -806
-435 -386
269 633
-804 -669
-661 -898
-539 477
-336 870
-28 119
235 327
-136 804
595 300
672 716
500 -253
306 900
538 565
-912 -608
350 72
-358 776
-702 134
753 -197
989 -964
-590 358
-875 -173
61 -381
703 638
-359 707
488 -71
-328 299
482 141
-438 798
-769 -477
835 910
-691 -578
908 -382
454 343
907 -138
196 248
-31 150
-57 -551
-216 697
55 -565
-214 654
-600 -347
-608 -839
162 -846
160 -150
-628 471
-540 -431
444 982
-37 -156
-944 -267
352 157
-246 940
-580 -875
413 657
654 -447
-341 -813
533 -546
107 -583
-495 -370
363 -662
398 -719
794 -743
-164 -366
2 886
-561 -329
568 -746
202 231
373 942
-693 -7
-864 691
-939 513
-430 -767
144 -38
-8 254
-206 -301
758 -660
299 826
400 209
-591 729
-616 440
464 291
-472 -285
912 -547
-243 23
900 -19
552 807
583 36
69 -388
-155 -293
439 -790
-309 879
778 514
-849 -339
167 -489
-419 605
982 -350
663 334
470 -828
-646 550
300 -416
-495 518
-595 -492
-629 399
-645 -772
427 -40
210 118
-28 -421
-991 -157
738 243
375 595
791 70
803 621
-309 -285
75 -767
512 -390
-456 -273
-615 782
-954 -76
-7 -292
-146 -311
411 969
367 362
598 334
-976 -217
876 931
-856 908
967 -403
-615 929
931 -217
-210 290
-213 -686
26 957
-860 621
-404 -338
-871 499
371 -230
811 727
-953 -658
-361 -31
786 -347
-890 134
-335 524
-922 -55
-819 551
-966 404
440 287
-78 165
969 946
330 -70
551 -118
-124 827
-987 -119
-91 -566
690 10
-719 203
477 -57
551 -301
667 458
42 771
570 -907
-555 -654
385 -816
77 332
-482 998
243 813
174 -705
673 876
-38 364
16 264
-425 869
-645 -652
-726 307
966 -317
718 813
125 322
-618 -364
-195 -808
289 -739
-12 -194
-191 -111
504 47
570 631
-393 -273
699 -35
-828 -628
287 -791
-659 309
-31 339
-2 189
993 -753
470 670
-326 -644
-677 -802
655 46
111 -364
-406 491
927 -777
-317 168
417 -21
320 130
-551 -117
-751 333
832 118
-887 29
708 457
-563 -106
637 16
653 132
166 365
-172 154
710 533
-80 -852
-638 -930
-240 -260
948 -103
-319 405
-584 671
-41 -135
-934 861
-356 -229
193 -992
-934 -484
-469 -848
-247 -986
-698 668
-312 683
466 -966
-548 604
920 -869
-646 -807
697 336
-443 572
-632 816
-554 676
165 757
255 -109
-418 -662
271 583
-298 229
-908 217
659 292
-46 583
938 -966
-923 -765
-790 87
857 -72
41 745
-124 -256
-832 -859
-647 -504
360 147
29 350
-270 -851
-555 -112
120 759
246 -411
-266 -836
651 -712
566 -979
-859 120
-130 665
500 130
699 -837
-904 41
410 678
855 -469
-469 434
-196 580
-475 660
-412 -225
-440 79
-520 145
213 957
-357 -684
670 844
-95 741
734 -199
-716 765
-889 990
-713 -321
-818 668
503 -457
-794 -857
805 109
815 -12
772 604
-482 -348
210 375
586 782
-135 437
-549 -290
-140 976
737 -128
817 -878
-11 987
282 810
834 398
849 -158
-206 396
479 -63
-215 71
140 288
66 767
380 861
-164 -505
-210 -31
-13 -116
180 643
239 -235
-221 969
-467 -263
-168 754
-16 293
-945 757
-954 905
-269 -72
42 -251
-395 -479
157 839
317 -643
979 -303
-734 -447
544 -707
-805 -44
-832 113
-847 698
520 -511
-390 -769
510 -408
-649 -296
-871 -492
153 -118
761 373
-10 -217
-842 -124
574 -915
-8 660
140 77
425 -310
990 301
413 219
996 877
-163 10
744 -103
-442 672
-958 580
-138 -360
-743 303
-384 271
120 876
-684 479
-377 134
881 470
405 -18
886 -582
-424 228
892 -100
435 234
324 733
-646 808
-768 724
-265 367
-366 554
778 -209
7 748
-573 -921
225 607
160 -239
920 -414
821 490
63 -587
879 -542
791 715
439 -792
629 145
711 -812
-798 844
879 530
790 405
-91 881
132 -684
111 528
-107 -419
-432 -844
644 -723
-12 378
669 276
-181 -657
789 897
-488 -975
-648 -369
776 -572
101 641
-542 -843
-981 -834
226 815
-847 -771
515 607
438 -688
384 -88
317 257
809 -26
135 126
470 707
62 -43
-2 -4
438 398
-267 -446
-638 698
-168 -721
888 -593
-168 -304
-204 722
984 251
-834 305
-329 21
-996 -554
797 853
-299 -20
-874 471
586 -385
-688 448
-59 -986
-315 -940
144 576
-872 554
613 -176
448 795
983 1000
6 414
-813 -809
110 179
727 -957
999 913
255 -555
772 -975
-702 -200
-57 -505
-897 -592
961 308
871 42
315 349
522 -296
322 90
-798 249
-700 366
799 427
141 -54
312 -80
-463 65
-131 258
311 393
-67 183
683 -201
507 563
-191 -408
0 -159
-568 656
-641 927
-683 -813
-101 861
-501 -603
-822 596
588 354
310 -538
-863 541
-809 -790
-359 -231
-813 181
163 -726
-846 -872
-836 -390
945 -4
-407 -822
-787 -498
290 863
555 -261
467 -887
842 106
-734 531
537 -739
527 588
-250 -778
576 280
-212 -119
552 -314
-614 806
955 -240
-844 435
-252 -59
587 492
785 -169
-85 -773
979 -861
-503 726
-88 308
841 -117
581 8
257 -195
-380 686
496 -580
162 52
-803 197
-506 307
112 367
849 -248
96 626
-967 897
-782 182
-956 -116
189 -417
-283 -545
-434 -358
937 615
768 -169
734 -318
-200 837
536 -595
993 959
852 683
-979 440
762 -262
7 151
723 -122
200 899
814 74
-384 -834
-669 603
17 -942
-157 -685
987 765
566 366
-550 220
596 631
-240 105
-513 -208
355 -187
-651 276
-539 -252
-537 -546
629 187
-792 918
121 -214
-680 -913
-167 394
-915 722
731 198
-780 -999
464 330
795 -901
898 781
76 634
-150 -914
314 63
-285 -80
-915 705
770 293
219 712
161 -116
476 645
-386 -645
-947 77
-538 779
-513 -214
-415 438
200 -271
-547 722
758 913
-261 603
-29 273
442 227
108 647
-619 -23
-785 -696
302 -277
745 643
-776 923
907 -899
-474 51
-384 555
-875 -743
177 529
-181 257
-413 -35
285 454
166 707
657 -106
-259 232
-744 208
332 -978
-934 463
-171 -77
-209 293
-815 -936
914 615
-225 -926
-411 -758
399 451
34 -463
844 -170
712 -604
284 -355
-208 736
647 -724
450 930
777 -718
780 -447
-952 955
-292 95
-43 791
-270 734
356 -488
-952 594
377 -161
-212 -853
729 180
-188 -993
-148 -313
-609 -374
-589 -470
-20 -170
-401 284
188 105
-516 -620
-138 -527
-864 658
-274 960
438 437
533 488
697 -20
881 422
897 -145
105 -1
-65 -551
-585 331
841 684
892 36
918 244
-318 -947
903 6
-363 548
937 -479
767 -26
-979 -110
342 -459
-523 788
759 -102
461 -370
-160 -405
-867 331
-834 -788
433 825
-965 -811
-843 929
-234 -840
226 -727
-783 415
650 92
-868 -185
-669 5
802 112
213 -578
983 -368
-316 683
831 -469
190 821
830 -12
370 -328
-782 -864
581 893
-943 847
596 -906
-254 -390
-600 -901
445 -116
46 -377
-494 305
-62 -943
298 -192
592 588
624 -552
-919 -113
-226 203
293 419
744 702
221 238
122 -404
-618 -989
401 718
-146 518
-22 636
999 -16
-996 -799
-12 -41
-745 -495
359 859
-742 -967
695 49
-58 762
530 -880
485 -778
23 622
-663 247
336 -264
388 995
514 948
651 192
245 -504
-582 -681
307 -362
-410 -677
-383 -594
38 -586
687 915
927 697
96 -231
-494 704
-839 179
-506 231
202 383
-891 671
-275 -65
264 959
-702 503
-941 460
-858 -72
-849 295
-312 79
298 -71
-981 -196
-497 94
-536 -476
901 901
187 903
265 -124
411 -769
-469 -275
-633 -354
730 -526
820 -556
-193 327
-185 -557
203 -260
-654 356
-896 -809
257 662
-512 708
562 -54
568 76
-41 32
203 -201
316 -736
351 -126
-841 728
-392 -832
-765 -231
502 209
-53 48
-416 -126
56 886
-449 490
-727 375
649 576
470 531
594 -834
-365 359
275 -488
-508 330
295 281
-874 -617
570 993
-648 253
-447 993
-227 -536
-680 738
-495 -979
463 393
13 457
866 -131
27 408
-901 -382
216 -539
-744 -883
-563 -556
-947 -921
-100 129
472 -434
203 -857
791 -849
291 657
778 -268
-234 -255
696 141
259 -334
-333 880
-775 639
-533 625
-995 464
645 -688
637 328
647 -314
112 735
747 -674
-492 -911
384 -940
-122 -620
510 -385
-97 442
-398 717
-669 -452
-75 963
746 225
-885 -718
-853 -719
-257 -615
-36 332
527 -578
-693 522
-759 74
442 -863
228 375
445 937
-355 507
436 432
-202 -382
391 -35
-305 830
724 262
417 -498
858 608
271 287
-716 746
941 886
261 -872
-84 969
870 737
-53 -575
977 184
-275 817
-964 203
-69 -221
901 30
-392 87
288 86
-217 -900
658 -843
-402 -277
379 -280
-601 886
-107 -558
-853 996
112 807
733 585
-470 -7
408 152
-400 643
841 -119
934 -825
-517 -599
182 664
116 404
-630 -504
-797 596
490 879
-89 -25
-107 -96
-114 498
639 -868
-29 -632
0 788
-235 -359
711 576
936 43
-671 -384
-755 26
141 598
-880 -513
-805 672
214 -670
776 -520
-253 -624
-214 -262
-963 715
685 -567
612 101
586 -223
-788 -693
-357 -310
-880 -335
-465 -415
-297 114
590 -809
-76 -908
332 519
-897 -754
158 713
677 -406
175 -280
81 408
-369 -172
-664 -984
-207 -281
582 -234
-110 -88
26 -412
-696 402
546 409
-592 914
758 -756
359 -44
-473 -977
-828 -597
964 108
-38 -590
913 -464
320 838
-681 -374
-36 624
-951 227
868 -732
-916 -836
996 -133
-891 712
397 641
48 -594
-846 -850
-748 -834
113 -922
-327 606
-572 -80
309 812
278 455
-999 883
-715 -414
975 -742
682 -284
-544 415
202 868
840 -281
811 411
-983 -445
-331 591
160 -462
-337 898
362 985
85 378
389 611
490 767
-377 -518
-526 487
-705 17
892 -846
-435 -121
195 -459
835 -515
-638 -105
-919 338
394 782
546 -637
259 -809
-447 -347
820 696
-775 670
-605 566
-616 -137
-677 454
897 -973
514 -892
-900 -164
-522 -891
-162 -878
-548 238
761 452
-41 242
818 -310
264 221
-667 -7
362 337
697 -988
123 -188
-253 -93
-534 934
477 -603
484 -188
243 5
-67 -722
-830 639
-833 217
-769 495
228 -652
-968 -769
-812 652
-482 829
-562 -913
-130 -674
951 865
211 -763
-395 928
-853 -863
729 360
-788 -917
974 839
102 -133
52 -994
773 -882
-789 -275
-643 217
304 315
-812 -502
922 -24
687 -877
690 484
-3 -315
981 -547
436 -225
-439 -215
718 277
-143 -633
-751 -1
338 486
-910 871
-318 -221
-392 544
804 676
688 311
-780 822
-796 -725
-238 -633
-406 364
209 307
447 -730
-946 -945
-799 -997
912 -312
110 -414
-286 -599
-546 -414
-975 703
481 -67
-201 670
88 -980
-956 -241
-875 -753
816 609
-477 -942
-94 -389
932 -129
894 770
669 886
769 944
-174 -995
556 -801
865 -696
-302 9
320 -537
-606 96
262 658
948 941
267 -138
-508 473
31 -706
64 733
827 720
-702 698
-678 61
-868 -168
422 -473
-73 496
-412 -960
923 -775
813 806
-387 -540
577 -303
-678 838
92 537
-955 -71
-602 -424
978 593
877 -444
865 -689
161 105
779 -935
803 248
349 -460
-851 786
533 663
-703 -237
-65 128
129 816
95 403
-286 815
492 -729
-368 153
786 -801
240 704
-811 -823
-551 -895
324 905
752 89
259 -253
-426 279
967 -277
290 -810
993 942
815 743
266 444
-412 -703
-767 -964
-458 712
-379 271
-274 -913
-989 -896
-822 589
-544 401
-299 -367
-140 469
150 695
667 -483
122 70
-821 372
-511 -657
676 -982
-646 -522
427 -607
-338 -546
534 -615
254 982
-698 -4
604 598
630 -615
-806 521
966 226
-571 -279
-89 245
-464 -485
36 -709
-655 -705
5 -269
-772 -554
388 444
-206 786
-661 597
392 799
-284 693
247 612
-321 473
424 -248
-846 402
-772 -747
-413 891
924 -306
-667 -725
230 -816
932 976
611 346
-351 -842
233 92
157 282
820 770
-634 738
660 -610
739 -167
693 455
384 620
321 164
120 -778
23 134
-10 -468
328 873
-485 -71
246 985
-99 -25
-693 501
-748 370
-901 -282
516 541
-646 -404
250 -815
955 813
375 602
-946 -931
-994 -208
983 492
687 438
-449 898
880 85
525 764
-178 967
-159 581
119 804
-28 595
-811 -324
-128 -57
491 -503
577 -94
-768 770
266 792
813 -64
70 -985
487 305
-924 -924
-309 190
256 138
13 -626
-847 179
-369 -921
758 178
-206 425
-207 -186
47 825
735 -129
819 -50
-243 366
-52 77
-37 -224
679 -923
574 663
-779 -693
55 -308
529 -396
597 -185
-268 -523
428 138
-269 698
-350 -894
109 -760
-210 508
-617 132
-337 871
356 353
-82 974
-762 -598
980 -574
278 516
-278 137
115 1
20 -710
-867 292
-405 -796
-913 809
780 -78
-129 832
-252 -864
-603 -291
-455 -710
-179 -14
-856 169
365 792
497 -195
-490 448
706 10
971 -227
-234 -925
691 -323
988 231
-897 -996
248 110
-565 8
-805 -493
789 -990
530 351
-34 985
-577 746
644 -537
-646 -479
636 521
-202 438
-783 831
-557 154
-738 729
-248 668
11 -532
381 959
137 -809
-870 -339
-594 761
-526 -705
-47 143
189 -552
-349 30
-24 501
449 -299
-562 677
-804 -511
-76 -280
-923 -66
-394 -214
-501 -751
771 269
-77 -105
969 536
554 859
33 33
779 -966
-711 -852
417 -489
-412 -350
45 974
946 -192
-59 -774
111 709
673 725
-546 521
-362 867
-958 -418
-657 110
-64 -343
990 368
55 990
-249 787
-853 -227
359 -375
-555 79
-409 874
523 -962
404 -79
-130 -968
-646 -378
-920 866
-508 938
-221 349
949 149
440 378
-603 -480
188 -435
11 546
-629 148
-579 -277
-237 -588
-904 -510
15 168
-704 160
-904 809
-664 -535
-388 -596
815 -450
828 -705
-97 -891
536 179
-555 947
-423 -633
-992 -993
914 920
-70 327
22 714
872 927
152 -411
946 -611
182 -95
834 806
-637 384
45 423
-393 895
-797 100
87 -102
-809 -319
-603 515
-739 -814
374 -671
-329 355
502 -440
303 839
-227 -946
-94 994
318 -841
673 -715
-780 -427
-153 445
-277 290
618 -677
-321 202
450 -542
552 -199
-869 579
1 -488
-116 200
444 -265
-156 899
-634 -326
-281 -475
890 852
-20 94
-745 404
-731 440
48 -94
523 994
-760 -887
656 414
442 530
-718 -998
922 -572
-736 -417
-113 -770
-977 635
299 385
-454 703
80 -689
957 905
-348 132
-882 -368
254 839
367 577
808 15
-233 316
-732 -251
-550 590
-390 862
428 462
-937 550
-790 519
-411 -980
307 648
570 768
873 13
-525 -626
-645 876
974 -537
-98 -608
73 884
127 406
-276 -53
-326 -807
951 494
-552 -338
540 -826
539 -353
363 466
842 648
-928 736
-693 660
-99 -663
-605 -730
-361 -403
-48 7
-862 -943
306 -446
236 587
603 -718
-517 -406
-148 -57
614 -745
-245 827
629 972
678 -841
-744 167
441 709
56 -179
112 -764
-591 799
412 542
-549 -2
326 266
-741 414
421 -960
-916 -740
-913 1
541 992
-558 -509
811 -319
800 -195
-405 523
-4 503
110 -477
-168 -560
708 837
-981 668
108 690
131 516
513 -693
383 509
52 -516
826 -604
-86 25
951 782
-91 26
879 610
-942 -57
764 708
950 194
804 640
-776 -9
277 -693
317 -683
-877 682
214 -38
-878 -257
795 -687
-572 -376
52 203
243 934
107 334
44 -466
340 -160
144 770
-727 -285
-37 301
-859 -18
833 -302
-297 -416
156 2
-925 516
502 48
599 -77
-826 117
-765 653
-419 194
470 -474
-657 169
-295 609
-927 154
-275 -211
470 -176
676 274
104 632
0 858
-762 -43
-161 545
-238 -186
-830 -149
568 706
79 -56
303 -407
-595 345
816 811
-390 -689
791 -587
-468 -983
-595 703
540 538
577 151
-174 -436
139 124
513 -329
447 218
786 -544
802 857
929 -381
-417 485
-264 431
422 -613
77 292
-86 -423
-436 -946
839 -93
-827 -274
-186 613
-555 253
-991 -451
68 961
709 -780
-319 -773
523 737
-913 199
901 236
-833 -751
42 -237
92 104
-175 -1
-889 916
461 36
-185 695
749 -836
-1 70
-239 913
269 916
700 796
-106 -525
-468 -319
195 -53
43 999
283 854
-220 -567
670 274
517 -417
37 516
487 -374
203 -420
-449 498
745 -482
-78 -704
149 90
-821 -758
-582 -127
-611 659
84 -665
631 -753
-990 199
427 -169
-677 74
749 17
156 53
-483 381
567 -42
531 560
-644 925
-451 482
469 475
747 870
819 988
37 573
155 -652
-638 -70
-770 -709
232 323
-405 -551
-574 237
-906 624
374 -363
405 -84
2 -385
-385 -484
-918 -113
-748 -962
307 -456
-149 -324
413 728
-2 -359
3 -143
934 -501
899 -89
758 390
-548 267
-343 -852
-661 -566
476 -249
420 709
186 338
417 863
-214 955
300 680
-391 154
605 -403
774 -385
627 316
690 318
515 761
117 330
-893 915
-465 674
-157 676
36 -34
-224 443
613 -968
441 -839
-609 683
542 -290
837 302
461 354
-628 -51
378 451
-982 -932
929 210
703 -324
206 237
-241 73
312 970
374 345
367 -567
857 -635
427 -297
-421 -650
-847 -382
-73 -481
-556 -496
-57 460
-992 -114
-217 430
-859 -470
-420 -188
-362 -624
546 345
-144 -906
504 577
329 -921
220 930
-129 -192
967 -174
-212 -596
-153 101
778 -209
367 -221
-964 -203
-736 -324
-89 858
-924 -901
898 -506
-546 -917
739 -545
708 397
870 -899
-344 -554
-276 731
826 -502
-56 -381
286 -296
841 359
93 443
823 912
-147 972
846 -968
-753 -359
-516 -698
461 471
987 396
-703 214
-499 3
996 -775
91 898
-4 419
-275 -95
-29 -958
-537 -16
295 -501
568 -489
54 9
851 -707
950 -252
266 759
886 -716
-994 -569
-457 947
343 304
-280 -828
836 363
581 391
2 -388
350 488
701 -622
-889 971
8 -110
787 904
445 816
-768 -521
-44 915
-303 426
196 -298
-946 -275
284 -690
653 -449
206 -880
413 -274
-512 414
-553 708
530 -811
-220 -140
-513 360
-148 -397
373 411
-523 327
500 832
278 162
-121 -174
95 651
51 644
-199 -15
674 -905
589 175
735 -467
166 -738
-384 929
-266 141
885 -909
-838 -894
-397 821
29 -161
752 -104
590 579
829 -716
32 806
981 713
518 -78
168 -919
-533 -302
-938 210
596 300
845 46
901 -1
-79 -39
276 844
255 -810
-736 -76
-431 -31
-225 357
-258 722
427 -219
-823 -57
571 939
-697 574
673 -464
-66 6
-601 569
257 -77
777 129
620 -524
-366 -695
672 -938
518 848
-50 -764
323 305
-924 725
871 -160
585 -924
304 -797
616 702
-442 368
47 495
889 170
117 346
-181 668
846 -918
-676 802
-881 -548
696 -757
896 201
369 591
901 277
988 992
987 874
13 242
867 -702
-957 -149
-992 806
-206 -198
145 266
-254 -505
-466 853
779 78
-684 242
429 -213
15 616
-303 438
282 298
595 -244
936 111
-661 -591
736 -176
238 152
-805 -685
952 -482
749 -502
310 234
-843 -661
-923 -602
-794 -290
845 603
-782 -983
204 734
970 -660
-158 -675
-873 -580
801 -280
-106 -319
289 111
-715 254
548 736
256 868
991 -818
-437 181
484 -79
-114 -390
-128 785
259 260
-568 -576
-593 -877
-925 170
257 681
-666 942
398 -100
371 -151
-663 335
719 696
452 526
-698 683
-632 -501
303 -600
-92 -676
-833 -59
-809 -15
271 -957
-514 -697
-563 203
-370 -209
452 43
63 -549
-612 926
173 -642
944 765
-658 97
481 -249
259 -730
558 178
47 -131
112 -881
-855 616
-440 -976
-206 -64
568 313
-379 -268
851 -952
-909 -763
-492 645
458 -397
815 903
857 837
570 -83
-699 -820
617 -41
1000 501
429 -887
319 593
715 622
-399 -523
605 364
912 -495
-663 572
-97 -974
163 518
696 -27
-892 -337
379 -829
-664 146
325 -458
-807 576
-617 -195
29 -312
-14 -92
33 453
-364 -144
-286 -501
-748 894
368 591
382 -711
-718 570
-306 318
712 956
-787 689
-189 -80
-996 -852
-283 917
-428 603
88 822
-742 872
-240 -274
-685 328
-207 766
236 467
-257 -22
326 900
824 264
-203 341
-143 823
886 920
-477 927
-686 341
-571 -772
-906 584
583 234
14 -185
-814 241
277 388
769 958
-242 -889
446 357
-240 -103
-755 809
-508 -239
729 359
383 256
801 -170
-929 -981
753 -112
166 -628
448 -611
743 -921
-450 692
-685 398
-934 146
19 964
805 -681
-604 722
729 388
-731 -916
87 788
-928 561
163 269
-838 -907
-543 -906
-773 991
-579 423
-995 -670
-564 -398
677 652
372 307
-173 -751
796 -24
-903 981
-972 161
990 364
-893 -841
81 563
-301 -371
780 795
189 -824
-594 -599
197 750
-569 14
-924 -688
834 615
-360 -72
293 -331
44 -431
489 988
87 265
-713 443
-923 184
457 925
456 -499
189 372
782 286
-249 961
272 -4
958 -635
350 -935
-589 152
-452 -759
834 -214
-485 697
345 -851
648 -957
634 175
934 862
705 249
-949 454
724 -374
411 703
-466 433
870 761
-406 397
483 -78
-976 293
810 -849
706 871
595 -215
900 -655
721 -648
877 -495
493 -447
-752 -2
290 799
794 371
-868 531
714 -720
16 620
-814 -321
-886 309
209 -761
-599 610
236 51
-452 152
-160 -912
-727 255
329 -375
450 746
-32 339
-985 -943
-585 745
-119 3
-60 -171
-76 125
-881 563
763 10
-579 358
-207 472
-711 -297
748 175
310 -942
841 -975
213 48
-387 288
967 610
865 -509
834 -334
11 -58
-684 346
380 37
617 -815
62 -601
877 186
-277 876
-895 524
220 357
-163 -897
-313 213
522 764
-26 315
269 -990
904 573
212 -697
216 997
-367 -203
895 396
744 465
-708 215
-824 891
-579 163
459 -776
869 -206
478 -993
573 276
-144 390
102 -603
-180 -22
-700 -248
-523 913
-390 -521
372 -752
-986 -88
867 -357
-389 16
-857 -655
-383 -344
432 -700
478 175
673 -582
-479 -283
351 22
-253 -845
-678 -717
877 220
396 534
-584 -779
-763 -303
-761 -956
-109 439
-171 -742
-942 52
606 -352
712 -664
479 83
-146 456
589 -288
-786 307
-761 -193
95 934
-436 144
274 223
-262 486
-149 849
-356 -11
95 429
97 -547
353 220
876 645
58 -372
-816 -841
-164 -895
-439 -818
262 -553
857 464
-11 -199
-521 668
559 -412
328 594
527 41
492 -843
64 437
-249 -989
-549 -80
948 431
0 -440
250 -366
-572 -948
251 -442
846 -343
689 527
-766 693
776 376
-69 253
-181 -542
-967 239
383 -836
-82 839
703 161
-71 -70
-628 692
671 68
515 637
894 -381
205 177
-608 -527
776 -173
287 -414
103 366
-787 -302
954 -114
-640 652
109 -95
385 794
50 497
-877 657
894 -65
50 -664
165 -113
417 -707
997 422
162 678
-268 -283
-477 856
138 -525
-2 347
893 508
654 -184
494 716
-736 -984
231 -566
752 -788
593 -970
415 -132
-201 161
870 -735
-531 350
956 -622
591 -788
311 815
58 -15
-283 -752
140 -217
-488 507
859 -90
-108 231
869 -715
-7 341
-723 433
815 952
897 -103
-187 -407
957 -704
952 459
-736 385
-829 -593
-464 -81
412 -72
383 -172
-7 -867
-678 774
213 721
-602 953
246 722
714 504
-790 -876
-484 594
565 -501
523 -732
92 363
543 -565
-689 -256
275 -490
-648 237
-114 -179
839 502
965 341
474 -452
434 399
62 -100
-991 -652
-441 775
430 -126
63 912
800 787
-608 776
101 690
930 -358
939 734
724 -426
98 298
-981 590
899 618
-772 98
239 14
-246 -340
-776 813
-337 315
993 -815
235 161
149 -651
-754 -292
-280 -1
149 -219
-240 -691
710 -182
-958 -846
-115 76
-35 -946
867 233
-345 -289
-750 648
-311 954
-838 -602
-564 872
928 436
657 -111
44 717
-398 -359
-224 -456
699 -371
871 -525
694 -355
-220 506
-199 376
855 906
705 297
237 681
-5 803
-1 2
407 -898
215 -830
-788 623
787 612
-406 953
74 717
210 134
-929 -9
-394 84
-263 -641
-223 -16
-273 -147
-475 -60
-444 -489
-233 -863
-809 421
666 -133
88 659
-802 -792
-454 521
-648 -602
-4 715
783 -833
-59 671
747 446
244 -718
60 559
-909 826
363 633
-961 522
819 -293
58 201
622 824
-773 -865
-736 -957
698 356
484 -967
-819 -807
-599 -879
-973 372
427 -236
940 -675
242 221
93 -871
651 960
902 -198
-695 474
527 436
26 -83
71 -770
553 968
459 813
-521 505
-505 368
312 291
-898 -340
912 -803
458 -298
-981 64
483 850
-834 -833
352 303
-433 373
-705 239
581 -15
-91 744
704 -128
-652 -628
167 -946
-512 233
261 253
321 960
-495 498
118 566
511 -301
318 861
-437 -207
-714 449
751 85
-798 -190
-967 -308
-212 645
-609 547
959 -167
30 817
865 -662
22 792
-94 712
230 10
391 -298
-825 171
726 -878
-86 731
-481 -472
-271 497
319 -635
846 599
677 300
-450 -937
722 476
195 -246
-911 476
-667 667
618 140
455 -563
-490 828
426 -494
674 -695
867 7
-139 763
171 -991
-368 368
826 553
-232 -217
-157 167
837 -563
-97 -353
9 840
729 383
-944 788
-339 -156
91 833
176 -992
667 170
-210 237
-498 -684
710 -306
-646 139
663 298
173 797
200 -119
-351 -669
40 -821
-767 -748
10 -117
893 680
-257 119
509 237
369 -884
-952 -740
-908 -604
-606 442
779 -97
-920 478
924 -828
459 -555
-653 437
270 -136
-856 -381
752 -295
704 855
105 -304
709 44
758 -504
981 -914
3 905
363 516
-357 -364
-463 429
-528 -959
-175 -900
-885 -231
206 275
-348 -13
325 833
784 -337
-396 732
508 196
983 -770
-645 234
949 79
482 -552
77 294
-193 28
640 -193
-37 -36
462 -628
-379 975
496 348
-950 -261
649 -723
998 -82
765 -846
221 -372
333 -126
-25 475
472 -698
45 -448
-415 -287
134 -88
-688 -450
129 -297
43 635
608 673
434 -952
793 873
-244 -466
989 -498
275 -497
-27 -545
943 -462
208 947
550 -132
-674 -566
-881 190
-902 -783
970 -623
313 -39
961 -638
165 405
266 510
585 534
-300 12
-197 310
-818 606
-740 -841
-426 -858
-593 474
-89 168
27 559
-976 660
321 -656
-939 753
700 300
-586 152
604 -652
434 -154
-639 808
-582 480
-55 176
566 -204
-583 -694
937 965
-692 -648
-221 803
-612 -59
59 -276
419 555
-936 885
546 -474
324 198
-611 -618
-287 -855
667 872
727 834
607 99
771 -612
853 482
-144 343
638 -492
643 -652
491 917
-905 -963
-838 -181
-579 421
642 465
-349 -717
207 -748
607 238
652 687
-446 792
-332 710
638 -869
-184 53
499 -955
46 808
-979 -413
254 -697
654 383
540 -264
-628 986
-843 -205
-695 -680
202 -364
-652 -370
-993 995
243 668
465 115
-962 -709
857 -595
219 -410
868 746
-69 585
-98 772
136 -629
-766 842
651 -517
-205 677
-689 812
-328 -81
201 -128
954 -675
-749 902
254 512
-197 -124
833 -224
-290 -301
663 292
116 -690
-270 -526
-949 -728
611 73
-508 -511
563 -176
-194 -681
-865 349
-540 957
-906 757
-88 -243
-718 -425
-435 797
440 887
86 611
144 508
-880 8
-893 650
-671 879
265 -467
622 -445
-386 -502
109 834
568 342
-849 -916
-902 387
-20 394
-282 606
-548 14
677 10
570 463
-217 -836
984 -94
937 787
240 647
169 494
336 -487
-436 -484
-652 -364
-133 -751
561 197
-593 399
-218 -973
-350 79
-911 -304
-847 -30
34 -18
435 426
242 -335
268 -73
-526 89
62 628
-875 -132
709 942
-629 134
383 824
-526 753
301 -544
830 3
-611 400
131 -550
244 373
694 -744
-51 399
-72 463
147 429
-402 -388
830 -458
-494 868
-192 392
-933 -673
925 -14
939 -121
-564 544
-20 -512
704 842
730 165
-298 -388
-49 198
557 819
-127 -316
999 -99
-707 -551
354 -754
-735 -264
534 -430
42 344
220 54
802 448
467 -570
-728 546
51 149
766 168
46 863
548 -384
250 -642
-363 -313
-752 270
885 423
898 -317
680 -560
558 -108
-750 600
-778 -946
-895 -157
891 666
-677 -702
-962 697
-313 299
-363 -379
413 -628
941 88
45 576
-539 714
816 254
-283 -340
65 389
929 630
986 712
801 641
687 -647
-724 355
-836 -9
-968 798
-98 -697
-94 632
-718 -539
-770 -983
-817 664
-257 -504
709 951
756 691
-541 270
231 -464
-502 -722
-715 870
116 313
797 155
707 233
554 -372
-151 740
895 191
75 464
-827 -215
869 -762
-730 127
764 185
-121 222
167 -556
888 -551
-853 869
460 502
-7 -501
631 200
-24 689
-421 -165
-302 -391
-126 914
592 -441
745 736
-282 -669
289 -327
-403 -83
405 -202
755 14
859 -773
867 803
796 698
948 664
-670 -285
-589 919
308 -301
416 350
-973 -104
746 818
915 -154
74 182
121 -484
-63 538
647 -332
-175 596
713 -723
-916 832
-546 248
-961 -696
981 709
797 -927
-675 668
-69 684
-692 91
96 600
571 259
-455 776
390 289
158 -40
533 14
168 -289
90 22
493 997
281 -119
-575 -879
281 740
-900 -102
974 125
-260 538
739 929
-150 929
520 286
540 304
-673 944
-482 -240
983 -115
912 695
165 -560
510 233
-650 -971
-542 334
-538 -151
-134 -504
-482 -144
298 48
-816 164
560 118
563 -591
890 934
-67 -318
920 570
372 -199
-623 18
-45 -943
-105 -700
653 -780
522 -940
596 -68
-946 563
374 -725
-676 -137
-419 -902
427 142
419 -957
762 -653
584 -979
-156 -851
997 378
451 203
-452 418
-479 319
405 -546
-734 237
-710 901
737 -77
-514 504
572 71
400 284
65 34
498 699
519 430
-808 266
-277 -383
-159 -296
-17 -793
103 -612
-557 -462
-792 -405
832 705
529 -548
169 -543
-819 829
-478 -729
-511 595
-564 185
-570 130
854 -256
740 273
-669 -849
881 -501
-916 736
-147 309
-940 -508
187 979
-370 583
832 -935
-816 -827
12 -60
916 271
698 -315
611 -884
-232 721
-112 -336
-715 -86
-906 -178
477 651
898 -66
-666 150
190 -851
857 270
563 663
-976 4
-739 438
-317 -77
-468 88
17 -5
382 -830
751 254
-690 -761
722 -388
315 295
-787 752
297 -776
922 359
-775 -234
184 -860
567 -214
-695 -379
760 -20
425 35
640 249
207 749
581 51
-156 -782
535 492
-748 577
410 -943
-104 -511
953 -762
528 -832
-261 -42
129 125
307 -72
-125 980
457 -416
-680 -532
-758 491
-133 -509
-543 56
431 197
-989 -40
-621 800
-788 260
-281 -744
-501 817
209 -871
190 -762
268 928
477 -121
-923 233
473 -839
741 -185
-863 -475
671 245
-327 -391
119 16
-86 386
215 -943
663 345
-366 -388
-635 -223
484 810
-855 173
-64 423
271 -894
-744 -917
-194 -16
-853 602
622 -960
592 123
469 956
437 -871
452 -46
407 -789
357 -120
976 516
945 -324
-446 -901
820 -541
390 648
144 814
132 484
-126 684
-944 -546
-281 466
-551 -211
-499 -292
369 -375
-438 129
444 -392
-3 24
74 -902
198 -179
851 899
-457 849
-426 45
-952 421
960 -294
972 -283
-163 -997
-746 678
128 -382
73 -402
-413 -936
-254 582
-114 142
167 65
-56 -348
-723 953
-817 -868
-710 526
887 -244
-32 -145
69 39
-28 900
617 -24
546 -942
-178 -620
833 652
-782 637
934 -38
596 -969
635 347
753 875
-868 794
-339 573
-314 195
-46 -978
846 -749
395 321
466 641
446 -961
643 -34
795 -214
846 -674
311 706
621 -876
-489 -263
-255 880
-802 -600
-19 808
-298 -291
-303 -777
783 556
-36 953
-359 945
-145 243
-943 -745
-607 -797
382 -597
519 363
905 798
800 -563
639 -723
-510 -811
823 257
-233 202
562 118
-523 -733
-395 236
-975 -182
120 -448
722 66
-355 -840
373 -152
-240 49
676 -133
194 841
725 476
595 987
741 -764
-301 -353
466 -376
-200 158
-246 414
878 39
533 909
448 868
995 -169
856 617
-811 886
-359 -142
-211 839
-408 698
-618 25
765 220
786 37
-949 170
-218 235
-415 207
438 273
207 181
256 731
312 -362
-982 617
-741 196
-53 116
-656 -249
907 -666
-333 635
-214 381
370 -426
257 -801
-441 362
987 -134
85 191
786 115
659 -258
458 603
-294 622
479 97
878 -833
-754 -758
-274 -103
-508 -463
749 -686
217 815
-291 274
666 -6
591 -73
778 398
379 359
-297 -964
-480 506
668 -251
-5 436
251 -698
-808 900
950 481
-517 -450
658 -545
-452 105
683 -728
-620 -744
-58 -785
202 201
-582 382
780 -560
972 725
-1 -111
141 370
550 640
-220 -608
-398 -535
188 256
382 751
396 -775
536 774
-7 975
-640 544
892 -683
-559 -776
899 115
-256 -752
793 229
-9 475
-299 -54
-655 186
-300 -184
500 -664
118 736
497 -444
42 806
-197 722
-87 125
856 -591
900 -187
-261 -100
13 868
-273 -384
-826 725
850 784
364 628
-571 970
754 917
662 151
94 -936
-263 805
580 -946
-805 -714
245 361
-778 213
-698 -122
754 604
512 889
560 -840
844 -788
-618 967
-53 -920
922 743
-202 400
623 -49
-197 593
321 426
179 650
-287 -264
820 604
112 -669
-454 208
364 578
949 939
380 48
337 515
-917 -118
760 -593
-521 -725
105 -976
535 248
-875 418
-465 827
814 866
-652 977
-802 -323
718 -845
-807 396
833 996
67 913
-374 0
143 -111
-629 15
-387 992
133 -883
-175 446
-152 -118
-28 612
-260 736
-355 -436
13 -919
-564 452
842 396
-551 161
651 972
945 292
579 -16
557 111
-116 -976
113 660
683 372
456 913
856 -835
289 -546
-864 -335
-56 -493
-460 56
-380 -758
586 552
-828 280
528 480
858 459
591 55
-941 852
486 499
60 -558
771 -838
-91 498
-384 809
515 968
-542 678
-137 44
-15 310
-896 -666
-106 -867
561 889
-904 202
643 -689
550 -481
10 376
659 898
822 -350
-125 -75
-256 168
104 -74
49 -613
-949 854
434 817
859 651
967 -239
-520 -27
233 -518
909 -16
101 183
719 -769
-120 -460
873 915
-504 269
-221 351
866 715
983 332
-139 -546
-206 827
-126 666
-405 -178
321 -238
-570 -314
-318 917
741 540
-935 924
899 366
-441 -673
-176 575
-327 -438
573 -18
593 -476
-858 706
-585 122
-591 12
-562 -50
-920 969
774 321
904 905
-714 642
825 52
-138 -412
-806 582
510 546
-638 143
-255 -766
183 75
359 -662
620 -334
669 550
686 608
-898 -75
-340 -829
-33 632
-168 583
764 696
80 337
84 746
315 621
-619 596
789 -487
-936 -36
842 -258
-293 -970
451 995
-687 411
721 -864
-582 440
829 -861
498 860
748 918
-212 -753
579 379
587 868
-721 -755
932 -227
-670 982
-218 -591
157 -192
133 -705
-415 412
-630 816
-316 -635
-645 -834
611 -477
537 -313
-739 -801
-626 -480
922 330
723 -758
174 764
804 198
