3500
-401 -7
818 -771
54 -992
-256 -75
904 782
196 423
172 -268
883 321
260 979
960 383
-333 -638
-892 575
-550 603
-895 194
981 -695
-186 567
-759 -382
80 264
506 196
-923 -350
-546 818
128 118
548 428
76 -303
-382 -768
-990 268
530 -653
258 -541
539 -882
-79 278
-464 361
-602 -415
457 873
629 -644
83 -359
-183 323
-504 -934
-174 852
-593 -965
706 347
-365 535
376 957
-45 -351
-311 -969
653 849
-222 244
-903 -500
-272 -911
519 517
-614 177
665 438
483 -112
543 -435
-255 -471
-155 -552
733 199
637 943
857 -372
988 467
612 -989
279 -485
94 582
474 569
-166 863
812 975
262 -593
932 -572
204 305
-246 948
-969 -243
-82 235
-44 428
-166 176
943 -609
407 978
537 366
481 660
507 -286
506 393
748 -222
-401 -274
322 -946
61 890
411 -146
865 438
-183 -760
-285 -755
-288 532
-687 -989
-960 224
-981 101
817 -846
739 -811
-655 466
-239 307
-353 -44
-440 -390
-378 598
-278 80
841 831
-436 -612
626 -78
-181 997
713 -443
810 351
85 805
129 -267
-892 678
645 902
-374 60
839 319
475 -165
-513 828
138 -81
853 767
-162 -453
-348 -259
-264 -157
78 -244
438 569
173 925
-139 216
-929 441
137 561
672 -115
-180 425
-395 950
-984 -896
-484 -596
533 529
421 -610
50 172
272 -734
-188 515
-396 297
-560 646
131 356
-855 703
911 -390
-759 -787
938 357
624 -878
-350 927
126 -228
-264 257
-304 -588
355 438
428 120
-249 625
510 -919
5 69
879 725
-174 557
169 -317
-24 -241
-244 289
-787 -109
349 109
597 -509
500 -603
809 131
434 416
613 -930
997 57
-237 -459
-595 -913
-614 -201
-550 222
980 -897
-148 204
-142 688
-839 532
608 -111
-164 51
569 -214
834 -444
585 -869
245 -676
-811 191
389 37
-836 628
-470 780
649 887
459 106
-736 162
267 786
181 -58
937 -529
652 647
309 780
947 -998
738 609
255 -48
847 -910
570 912
771 294
616 326
605 807
428 14
-25 -337
-306 191
14 813
761 -264
708 -117
983 -484
751 224
380 541
586 468
-108 650
648 -168
204 -375
617 450
737 -332
-963 218
-150 -701
-87 662
-601 77
-691 -395
-249 31
97 398
123 744
-236 551
13 11
-941 -171
-786 642
-22 536
-893 627
-228 -926
-515 -187
-541 459
75 -161
791 -505
689 -235
-641 -350
-506 -702
-663 -639
239 868
-294 -439
-515 763
212 940
359 400
-613 424
23 -506
-377 -642
470 -718
-345 452
760 473
666 -502
454 -674
-707 -932
-866 -551
500 972
-853 856
857 222
468 357
871 -703
-730 827
116 817
961 8
-144 974
180 -350
-832 -21
-408 -214
-103 -138
-467 -111
462 683
311 -627
425 -553
-761 -38
186 -98
-102 866
465 252
-157 -885
-676 508
-40 164
0 -853
-19 -611
-73 -7
450 -967
686 -971
574 245
140 487
-839 -298
562 -981
92 341
885 -96
439 -967
-35 405
550 -951
-68 -81
-749 -769
654 -581
122 796
-684 150
320 -17
-161 526
-591 242
285 567
-147 43
660 -531
160 430
-702 -66
788 883
945 372
-953 844
476 643
-595 -845
259 -186
500 -474
942 202
-391 147
-604 -871
751 -143
-151 21
282 212
-454 904
13 -897
760 863
-632 647
-250 -912
-897 -531
483 672
715 392
791 214
-878 596
334 -627
294 477
-921 397
-577 890
169 807
376 -230
-118 -93
-134 -480
-240 730
171 766
868 -189
597 -445
939 702
438 837
530 -254
876 -387
476 -713
541 -330
-930 980
361 -732
-427 519
559 20
-131 918
47 -264
-990 744
613 -577
-446 275
-175 327
-23 293
167 -334
-101 -910
-166 -454
-960 -32
856 629
929 4
453 -489
309 987
-249 171
315 -375
533 863
-91 514
446 -221
137 -230
-37 -400
-40 477
453 -40
555 942
-891 -814
-847 -624
-66 771
58 919
-837 732
849 141
440 246
331 499
178 -322
546 814
-385 737
17 -98
763 550
-66 382
-888 846
298 -915
-701 222
-600 -897
503 -281
623 723
371 -598
816 611
-229 -291
566 334
-512 476
-767 -411
-370 -127
-799 -472
698 946
-364 607
-8 893
463 -215
814 -603
749 677
555 73
-600 -335
534 585
58 198
-9 -535
-956 -832
-922 754
-567 -816
-267 44
-302 593
-417 -85
-974 -614
-98 412
-541 392
477 -881
695 793
115 643
-529 313
827 242
-887 334
308 466
92 131
-788 759
836 645
891 -919
-340 287
578 410
-17 886
-784 -844
-2 276
-775 -683
-881 -683
-602 746
986 788
234 -147
-29 387
-806 -434
-425 829
266 403
-953 653
409 257
775 -645
27 -954
-156 906
-728 -612
-601 355
-360 -418
892 -256
-580 -88
-830 456
155 -671
-687 125
-382 904
-35 728
-967 -577
669 288
-987 -181
-966 93
-846 728
-135 -48
-563 348
-713 798
-812 -669
40 -495
-771 -124
318 238
870 -362
-262 484
-654 821
805 538
879 451
-548 566
233 -705
270 45
-705 -281
293 926
807 717
-410 -370
979 -661
809 -31
65 -345
-201 142
-460 -891
-392 -896
340 639
-56 -244
-874 406
-627 439
-372 -346
154 611
-565 -53
-239 -403
47 -777
75 -647
-529 975
136 137
736 936
53 -880
204 -571
896 -279
127 654
-466 -570
437 336
-440 -277
950 72
-873 903
669 861
661 742
11 497
815 792
-465 -266
-356 -593
-989 -848
-176 -484
550 -353
-659 775
731 137
334 -608
357 -582
132 937
751 -996
-995 -111
-259 805
536 -769
357 915
490 323
156 936
414 -116
225 -522
927 -615
378 -134
-171 -126
-96 -663
642 -206
844 651
-102 235
-385 810
372 -216
275 -519
-845 -895
468 -635
-220 802
-36 -738
214 840
-94 -702
-213 -895
368 -914
-527 257
-569 -524
-641 36
-332 -372
-415 472
319 -101
-813 -874
-456 -348
-562 -892
528 177
276 941
-759 751
-501 412
382 973
364 603
-383 -332
-695 -130
-409 -475
-304 302
84 68
-621 135
-794 -650
947 930
930 971
65 848
914 -580
803 -532
-390 -732
950 -562
477 -161
921 -178
-669 260
580 -945
-72 -111
-373 -136
388 283
918 882
-420 -477
-548 835
-533 920
-669 637
336 144
792 -874
343 -428
399 -841
280 -257
-901 -508
64 708
475 558
18 259
809 -758
828 -822
-702 303
-455 683
-123 963
-470 -893
61 419
-300 836
285 981
360 -520
670 751
-394 437
538 659
-913 847
390 289
397 224
-638 508
228 -983
769 -376
933 -90
167 984
-553 963
-538 842
709 33
-680 -656
694 -297
506 253
-162 -278
-979 389
-519 474
876 -671
-367 -574
781 517
-171 654
-199 -765
-391 187
-662 124
123 -720
967 186
-437 943
-687 382
23 -758
-660 -821
-213 -395
-899 528
740 912
710 695
-441 945
867 -321
517 -924
322 233
-69 -990
-219 853
108 979
-72 -101
958 -252
-783 -487
-859 -472
59 672
594 -466
-830 477
474 838
124 265
-730 836
-740 416
-242 -912
950 -654
-11 84
-111 -500
836 35
689 596
854 -854
-944 168
23 -951
-991 -956
-868 -530
691 -811
706 598
-730 -608
-410 131
-97 -526
199 860
-549 -297
-562 856
662 873
-614 -679
745 63
476 41
-538 98
454 886
-780 -994
770 349
665 -370
-428 56
523 292
607 375
-955 843
601 -80
122 -866
-337 983
940 101
486 764
281 -749
-457 -456
603 608
168 -522
-356 744
139 -686
236 -447
-680 738
643 -115
-790 -217
774 -396
602 -381
-358 336
-226 -136
-438 -906
672 -811
-759 -489
-193 512
-282 251
-521 -606
-541 -232
-865 -747
-221 262
614 -1
-312 723
477 -916
-983 854
260 205
149 -523
-315 -124
-488 549
-799 -757
-48 597
748 -456
-881 665
-887 -975
527 -936
918 -737
-184 613
-233 -987
560 62
-174 -787
471 -297
206 983
-768 -412
-965 834
80 -54
-97 167
199 -269
-890 680
192 -29
680 124
168 782
-855 951
401 246
898 620
-844 -746
96 -381
-792 -416
256 153
-826 -361
-968 602
-680 316
-972 95
-778 -998
438 473
159 145
-565 -966
-376 707
-34 598
662 49
846 716
828 -109
-305 421
836 -55
338 969
941 533
308 949
-567 709
-297 990
-284 -334
-301 -318
549 -357
-789 -541
357 -208
335 -237
800 -3
262 -673
847 428
760 251
34 -678
493 -414
-274 38
295 922
-613 -740
401 634
298 148
965 -724
425 9
-978 -768
520 923
931 -554
-681 852
-257 298
-826 -741
689 718
-677 -37
-825 -791
-127 -143
-310 -990
757 585
8 -293
272 -426
-268 -498
996 -733
766 472
-584 157
162 -840
-669 621
-766 839
-7 -825
916 -363
-474 740
-278 -56
717 400
-316 676
-112 387
-938 -518
702 401
-936 512
238 -703
-782 964
878 -818
773 -911
251 -833
-440 285
175 903
600 -663
540 237
-419 951
747 169
732 665
500 -380
-559 -946
267 861
-246 507
-801 -773
498 315
354 854
930 696
-200 836
424 -203
513 -427
165 -415
-667 -642
-152 -947
-557 374
557 -376
616 -446
-557 415
-128 978
-912 359
-2 969
-90 726
284 733
371 -347
-462 290
-54 -874
791 711
531 -106
-55 -674
500 594
-564 621
-164 713
-203 247
708 -618
644 552
-844 218
-636 754
871 524
-973 -757
559 609
-672 211
358 921
-824 -218
-581 -17
-513 615
-377 351
815 -776
-414 837
979 -231
826 -405
-367 710
-227 143
793 -400
907 -138
-832 743
222 419
875 829
5 117
-403 651
-493 -683
144 -752
491 -613
-108 589
-216 -892
633 -254
430 356
-196 -714
-748 235
388 -231
732 -981
-790 299
-648 451
187 697
878 83
-866 -116
277 -898
404 32
-281 -337
130 -171
901 844
-464 -648
105 28
-112 47
703 41
558 -153
401 99
-885 302
438 -486
343 848
-616 -294
322 -622
168 -11
-174 561
803 962
-782 -776
209 -888
-160 548
546 -904
227 -375
968 846
783 736
851 -665
-471 615
-2 928
265 632
-723 -462
-846 37
420 368
579 745
119 -803
300 222
-60 717
464 78
-671 643
-306 -645
-619 -620
846 -178
664 782
556 -960
-950 220
406 954
-811 -812
-458 -371
770 -393
367 513
-772 -665
904 -865
-105 678
937 -530
-322 -430
777 207
-688 -349
-860 807
74 625
-242 703
-431 -874
-935 734
-602 392
390 322
680 51
-803 578
-504 -760
-915 515
65 216
-445 -196
162 -321
-277 -917
-607 338
-407 180
655 -361
-923 -258
-132 663
-392 444
-166 -524
217 -244
-816 -981
454 -798
-523 137
-716 -222
-759 -931
-10 176
532 594
701 56
-18 633
740 -19
-367 -807
985 -845
-15 -250
476 572
-233 131
840 435
273 807
-478 -566
602 -463
164 740
713 -819
217 2
-117 -702
567 831
-527 -527
-882 266
-121 782
-892 -889
-310 -644
-820 694
887 634
-310 31
435 -544
-71 338
-352 617
-153 689
-967 238
517 -518
194 135
865 582
752 465
175 644
-854 958
524 947
-451 -880
770 865
993 -605
425 151
-273 -322
738 66
573 -392
-397 -224
479 -629
-991 64
622 -726
-638 -186
741 -270
-641 -495
-704 -830
234 -835
-140 -38
-332 231
302 -890
155 805
-837 232
550 786
683 407
928 91
901 217
-649 283
-328 -222
-254 39
551 363
-43 793
-157 -543
-539 -562
951 707
602 -817
-396 906
-88 -832
-975 -682
-660 682
-304 -803
7 889
337 627
-659 -539
-39 -232
-837 865
399 -332
-902 470
-54 -316
118 -162
876 227
-931 -800
109 199
186 -417
-376 113
621 258
678 -478
-752 -943
397 190
-757 164
-712 -509
211 604
-77 -538
981 47
-659 -158
805 373
-275 64
709 244
-560 -698
-313 -436
232 0
-255 33
-891 591
979 957
880 -60
-997 50
29 -213
179 -32
-435 233
-192 588
484 -716
346 -85
848 -955
-70 129
-203 -418
279 253
-311 -356
368 849
579 364
680 -957
387 189
563 789
-256 857
274 -699
260 -252
-543 -827
-360 417
716 -424
95 663
979 385
-972 -696
-716 -501
-204 -852
-783 793
-438 -769
-874 -756
-452 -80
939 839
873 -507
-70 -813
976 -17
-960 -799
-513 -686
116 564
-959 929
-54 394
-602 555
244 783
383 824
-371 272
944 -589
-59 -879
-811 -603
-243 206
433 -922
33 -462
873 -877
279 554
-413 334
-567 -442
831 824
452 790
513 784
-145 287
-220 265
-292 -752
-273 -291
511 -600
-299 -443
175 915
622 -108
623 -263
216 -137
-36 -266
-389 -499
245 -664
-433 -458
-36 523
863 -434
-961 -940
-422 503
629 159
-978 -937
-630 -22
436 -153
-806 79
-710 504
-34 -430
691 -429
-809 191
416 -104
350 145
-613 -749
248 562
-649 765
-598 854
633 -456
945 -697
358 233
47 -81
778 -540
885 56
92 -855
-221 -12
20 -336
898 -5
-568 726
-68 632
154 630
913 -573
-239 -858
9 -179
298 375
-24 -546
-627 570
453 -545
144 -509
-375 -9
173 -896
473 -426
722 230
-909 467
-259 -976
937 -153
-700 -969
638 -346
454 816
-157 -719
-812 489
113 -755
589 -910
261 450
140 -916
862 580
947 -972
-393 385
-491 -900
546 -288
837 -819
-773 772
449 -913
408 99
508 -268
-654 954
-818 56
357 -979
941 330
295 240
712 -408
652 839
-216 -307
-732 574
-106 -918
185 616
794 -282
122 24
25 869
-489 402
813 -39
-821 496
-110 -244
-756 980
-59 490
835 257
-5 -657
-950 264
-301 -300
-840 -237
651 -39
-306 -844
-365 -254
96 156
181 -574
611 219
-560 -600
-839 -805
-281 -756
382 571
-947 -408
848 -596
925 104
-511 -562
-484 240
-787 -791
-482 -736
-630 556
-39 -567
-621 118
-900 -915
371 758
573 -696
-670 -958
-426 384
-782 -438
-914 255
-473 219
935 923
-296 195
-757 -598
-423 105
-970 -40
-956 56
18 612
-644 -433
-538 -690
-400 778
508 -942
-353 -337
-683 -447
-495 969
958 -780
-16 -827
-49 289
-727 -546
536 -903
325 -727
987 -472
390 752
-296 938
98 -977
-21 -386
-127 289
-42 -899
296 617
-850 -201
834 128
7 -175
786 369
-833 -799
538 -618
396 -938
216 -526
917 888
149 220
-974 -572
670 942
-445 485
608 -78
-254 769
-620 -137
232 -552
334 -73
-320 -2
422 -151
-962 868
451 -299
238 696
699 -596
-387 241
140 355
-360 921
-712 948
199 -919
-477 484
-888 -777
-772 531
987 -497
-259 -267
-159 -206
372 51
516 -63
-195 -318
822 456
214 623
-870 459
-287 -929
82 386
392 -167
574 -923
946 177
-128 214
856 915
335 -991
327 -460
467 -443
499 121
-646 336
929 612
556 -611
-415 -605
787 157
829 599
-231 -618
341 21
448 654
-25 911
-974 391
431 -288
-3 920
-29 283
-356 64
-804 65
726 202
452 -668
264 207
627 -385
-829 -305
520 -814
995 -402
952 -128
-987 -866
312 -313
-314 -543
-886 -445
652 -532
90 -479
-122 -854
471 596
914 646
385 -533
-653 -857
-155 -115
-177 410
-647 634
938 -223
-504 450
-971 653
-34 -478
-155 476
753 -526
-989 -908
-60 64
-216 -4
-677 -709
-379 989
270 191
-844 860
-338 -332
624 -923
-727 -474
421 791
-833 146
984 786
16 982
374 -591
-116 -330
-948 -328
312 -498
-374 -835
-95 -804
119 -169
723 697
851 -457
-40 -101
879 985
224 -771
381 105
147 -406
631 -682
-617 -580
561 -264
498 -489
-753 -863
143 981
-220 -970
129 992
-592 442
-566 497
776 -961
841 380
227 397
757 -104
168 -690
236 -944
985 543
-709 204
270 136
508 -3
562 86
369 427
-961 94
-941 -241
-247 -928
-839 -881
-613 -211
-439 -386
500 -983
33 464
480 -177
532 -802
-442 968
35 -978
549 41
49 -400
-1 -368
-235 -679
-463 221
-322 -719
680 -751
969 875
788 56
-398 968
-902 -170
-788 -277
-341 -349
977 618
-106 -697
-551 -886
-209 548
-822 -344
-948 -442
948 -841
-172 -900
-501 -258
215 -828
529 397
-804 232
-870 -717
-387 -741
-707 642
-301 931
43 -146
498 -460
-494 200
803 112
175 205
483 -303
838 990
575 -990
881 957
-355 785
-181 -435
474 534
-231 264
438 -527
-114 -419
703 -842
588 304
-560 -425
953 -144
-727 246
-760 151
-452 552
659 -588
-677 -104
713 -552
-478 545
-883 579
-634 74
297 317
-772 79
900 612
424 884
-310 -695
-246 -646
-396 906
233 589
796 -131
-467 -861
242 -958
-738 757
267 134
895 811
-225 423
-504 -982
480 251
-633 734
-982 -337
724 790
-114 -639
503 258
-884 957
-869 -627
420 601
687 -85
-276 -720
466 418
-193 335
842 -776
218 96
-631 897
775 506
-961 997
-938 -90
-883 -317
863 144
15 649
-551 -61
-936 191
-88 -478
59 -153
-456 614
-115 598
748 74
-595 399
-522 920
-865 132
325 226
620 941
-607 545
-6 -572
-698 -274
-421 -138
-366 563
470 -5
-241 -257
-40 112
-785 11
-647 377
-501 241
-577 -839
123 998
-940 -563
963 491
822 845
675 616
-605 16
-197 115
817 978
544 -444
671 -440
674 -758
-338 861
857 -7
-418 660
-380 426
1000 77
-976 -783
287 -348
-23 -291
550 269
947 419
-528 32
-346 951
-453 -715
-645 -800
938 -210
-247 -535
5 -777
126 167
930 943
894 -146
-799 388
894 -285
376 -256
575 528
739 678
250 -967
-742 -581
-866 -190
-384 -187
-454 557
-416 -586
-149 -43
790 837
981 621
-129 -384
-206 454
-112 149
285 -750
1000 505
956 764
357 47
-769 -908
-569 -54
908 -564
-632 -964
-794 244
103 55
977 503
-152 -753
759 994
523 -638
-520 248
191 88
52 295
709 552
-759 -439
100 -671
380 10
-447 -956
631 973
-53 706
-41 894
-359 393
595 981
-494 814
332 -752
-112 522
-200 269
-571 -858
589 411
937 933
238 -162
697 451
-281 757
63 433
-120 732
-542 14
36 225
685 -763
-376 -24
-641 -966
875 589
613 -733
825 877
26 294
429 -828
763 -554
-558 613
-166 318
344 315
282 -806
919 195
-732 -872
438 -330
139 -13
441 472
260 682
173 546
-77 -414
-684 -96
-170 -335
111 939
611 -907
-658 -700
1 809
425 -10
408 -698
236 9
8 729
773 -715
-517 634
-194 -611
794 -490
-454 -568
992 -95
-816 814
-511 -578
9 392
857 394
810 -443
181 12
736 332
291 -978
-994 -11
-888 169
-279 838
917 -702
-993 511
-886 -521
153 -427
-890 -600
102 -993
148 -827
-892 691
454 764
-291 366
-610 -704
822 214
657 -951
326 816
-564 -690
265 -47
-318 -76
-285 -138
-437 292
995 850
908 909
894 -485
982 -961
-841 -380
0 212
-176 185
-395 -68
834 -708
-420 -400
-484 -589
170 -237
-770 734
-263 583
595 794
-715 629
-928 695
202 -133
-160 74
895 -188
-709 675
-255 105
395 -900
-400 473
461 774
-917 -982
584 324
-532 -195
975 373
849 -828
694 131
-80 611
296 -675
920 -937
675 52
-713 -437
-136 -328
-720 -365
581 -96
-119 -322
-769 349
999 543
-543 -260
-487 230
-298 -690
741 -286
822 -904
-396 -362
578 -262
-897 348
-176 -15
-873 -964
918 -790
-619 -645
-697 254
983 -716
511 327
-890 -296
-177 548
217 -426
680 304
938 -711
-295 83
-262 -683
439 -282
-27 -769
-370 -888
805 -976
492 211
-599 712
-135 -260
-62 2
-793 -500
546 924
220 802
292 -956
-976 133
921 -590
-9 -117
984 696
702 603
-668 -486
199 771
-181 990
-301 842
643 211
-974 -109
-493 289
-707 982
82 452
478 191
178 -104
-620 -108
747 -892
-678 455
-728 -664
-736 -256
163 661
-751 -232
320 -626
-509 54
986 947
-996 -901
784 40
-647 -868
-162 -105
814 339
348 -709
237 692
-345 312
488 -303
-975 540
325 45
794 -41
260 -687
796 361
-109 -111
-40 912
-532 -772
291 431
-492 630
-882 990
899 38
1000 900
387 431
-539 774
-263 367
-836 -947
-539 730
-798 520
-134 244
-537 -121
-4 865
-28 -845
13 -994
115 543
950 476
-661 -240
-905 -289
-400 908
461 -213
-67 -860
311 -534
-593 -638
-985 270
-527 353
921 874
-966 -705
438 592
-153 -380
-315 -136
-696 271
-57 -619
795 -106
752 488
875 634
-604 529
-584 -884
-168 91
436 931
404 691
-351 -711
970 -388
-980 489
-776 -540
983 -694
989 868
-294 648
-642 683
-568 -329
-394 -872
-414 215
-32 906
668 534
-620 504
-270 -567
-348 799
809 521
-524 -432
-875 14
-101 342
-34 109
-883 249
-335 -15
68 660
537 427
-382 -905
219 458
489 -516
-205 -183
-971 -790
-271 283
318 188
-783 600
128 -209
-611 469
311 734
-509 982
-820 942
-746 -429
-447 986
583 -837
-564 -516
-240 683
-122 -384
84 -19
-767 -727
905 642
267 768
17 671
70 193
-724 -105
916 -620
366 -228
51 749
576 901
-100 -957
152 -66
-68 -207
760 -349
-640 670
-600 171
673 -771
-238 -122
-493 469
-766 469
365 -610
586 539
-295 -959
-185 151
218 -596
-233 -785
-802 536
-826 157
-871 220
-805 634
-770 -130
-443 -645
-516 -450
533 -435
-723 -767
538 -142
767 -370
80 394
-721 795
-57 384
-840 -187
-845 -38
911 -46
-473 -625
508 599
609 -890
857 -616
180 -141
-276 804
713 -975
963 861
179 -705
482 329
-219 -805
541 506
965 -369
-186 -722
-596 334
-729 -665
437 189
541 -536
274 770
-87 4
846 -626
-330 263
294 554
714 865
356 -941
942 -393
-255 886
-68 824
-24 107
268 -959
139 961
-115 736
7 862
-684 216
263 579
-90 -998
-294 945
-475 -865
68 191
525 -155
614 -441
-500 -784
-244 -844
36 -52
490 156
-399 -28
247 526
-102 997
-778 -822
-552 192
-393 179
663 -30
-672 678
175 259
-213 184
-542 -815
-625 562
-572 -693
862 364
669 94
131 -53
46 880
-120 -390
-475 46
-520 122
-831 -106
602 -278
597 52
-839 341
269 877
468 990
-350 285
-519 -339
222 -30
-624 919
-210 -202
-599 543
827 -259
-314 -689
823 -941
-473 -571
-295 995
344 -433
903 871
763 757
-697 932
-75 345
308 97
-118 575
-399 459
-359 -564
896 843
454 65
-448 931
345 -299
-616 -772
522 500
-266 335
121 -950
615 -91
112 110
-700 767
936 -113
946 -875
-356 848
-330 432
961 -796
-677 103
785 760
-412 762
266 -173
176 -400
969 -674
-911 386
790 484
-629 -108
527 713
669 360
308 -693
913 657
247 921
757 711
672 -442
-826 -304
-926 -531
-544 410
-113 177
166 473
-212 492
593 324
934 692
811 -130
-256 701
810 -843
-654 -270
636 -3
-719 -478
-587 58
-626 42
698 -704
-655 391
-869 -709
914 -712
-301 926
780 -827
992 957
-367 -829
721 137
-389 -429
-190 239
616 -738
-695 0
-12 -958
575 95
164 873
911 125
38 318
46 917
10 367
654 -410
-145 674
-285 -972
-465 -72
883 -689
-375 642
-322 319
-48 983
-975 -156
486 929
171 -849
-599 -917
-564 -576
-294 171
321 -496
640 -401
-479 -117
-193 890
-347 -317
-56 -820
457 790
-608 -333
-122 347
-319 948
-100 -817
-991 -9
816 -45
708 -394
666 -14
-989 -843
-468 899
298 -321
-446 4
611 -459
380 -767
37 886
909 -473
938 -851
562 -628
163 -275
-127 -469
204 -66
584 -831
208 661
369 153
-197 149
-826 -344
-94 -488
-615 472
52 -756
-303 -843
412 -18
-763 954
398 488
873 -854
718 555
-39 878
64 -485
-72 -910
-718 365
-152 286
-727 -158
200 -43
719 209
416 -176
-136 -794
556 873
-297 845
-182 -873
20 -19
340 -947
698 -811
252 769
-237 88
-165 -50
-189 -343
-520 297
262 -939
-982 -76
-279 626
-579 -155
-871 -308
132 -109
-195 -870
-205 582
469 -557
714 -819
256 -412
-863 -163
-177 -867
-329 381
-292 142
249 -350
488 -315
723 -693
392 -636
-55 941
-195 -139
-942 -35
-122 -66
-311 -593
-713 -413
436 482
-265 223
-382 424
-357 -512
-971 183
612 406
-861 289
553 490
-132 564
-988 463
-629 1
270 234
-882 477
-421 864
-444 -758
132 484
-598 -620
279 239
228 731
271 -180
957 324
195 777
45 782
-64 -691
925 549
54 474
924 -535
243 386
319 -787
-174 -567
-244 511
-925 799
196 -69
760 -709
-654 206
403 151
422 939
-607 -675
-672 -591
-235 -363
-179 -249
-444 157
132 -675
325 789
127 -109
37 -32
-744 -346
764 251
857 -178
82 -757
882 -151
80 -135
-919 566
102 29
-972 306
-720 -741
710 -638
56 480
59 821
-934 508
-77 632
-341 238
561 199
-201 -239
-654 983
414 472
125 212
-244 474
-419 -324
-213 -322
416 856
601 854
893 -257
-950 925
-88 -951
60 430
550 -508
636 -550
-449 153
-643 232
-153 -564
-349 -439
-870 -137
1 -989
956 -860
871 507
-627 -771
-967 927
-99 116
368 -55
-332 -415
82 -428
302 159
641 -676
-663 614
-203 536
-305 -89
952 -233
-205 922
-970 940
-4 -536
578 185
850 -89
-313 -659
-820 -54
-733 670
-394 -443
-444 773
-604 257
144 93
-824 692
55 298
-13 766
280 -71
-146 293
-829 -452
-123 -610
-140 -334
873 -592
-373 -679
403 793
-660 -957
151 413
250 538
271 578
-653 -108
628 285
251 805
971 -933
-216 -744
-653 431
-831 715
769 -240
933 110
-232 -994
493 682
-71 -616
370 145
-273 -384
813 -342
57 314
-751 -630
324 839
-919 -62
350 -492
417 -229
619 -190
-122 914
758 116
510 -348
-297 315
-427 600
808 689
-291 336
598 -584
-925 286
-201 -943
578 150
-335 -644
-39 632
517 722
-372 -598
-146 -779
-964 280
620 -365
101 636
-848 957
-660 -388
6 235
901 950
867 -389
-554 701
772 -898
-210 -399
963 82
-652 256
552 974
896 126
308 703
-742 -298
-643 -571
180 -81
-343 -659
73 -691
251 -210
-173 -466
943 19
749 -225
934 -853
910 530
-239 -414
881 465
-242 -770
661 -177
308 618
808 -733
655 -222
-750 564
603 -572
468 180
656 753
-211 605
306 -458
689 973
934 -481
921 257
980 -780
-920 -493
-640 91
163 884
-281 108
62 -648
123 595
-920 -156
909 -808
101 72
557 -306
429 429
-493 798
-152 -882
876 -751
838 -457
612 -112
-655 63
806 93
370 -555
-987 -130
581 460
-408 -738
-836 310
-664 466
964 -878
-22 347
810 246
-597 257
156 -373
783 -229
944 891
185 -258
420 -436
696 172
283 -149
-266 -151
963 -313
816 28
-968 418
484 26
857 665
398 -382
-900 735
690 -824
-509 43
440 -317
12 -682
298 22
-998 -125
-147 432
-603 653
961 307
530 722
-232 308
-525 -95
489 -264
301 21
-14 41
-340 -912
-96 59
-921 967
479 -14
-685 -257
160 -784
362 683
558 145
-296 147
-850 293
713 148
-885 -544
-987 -517
-674 -220
-377 479
830 -375
-656 242
348 -270
-977 -106
59 849
158 367
-718 132
188 733
242 982
-4 374
759 407
289 70
-561 -9
966 71
-724 821
335 847
778 11
578 -964
-65 -202
-924 -624
261 -394
340 -403
713 -406
-952 432
99 -679
-743 350
850 -735
448 -209
-451 -703
-386 797
-774 613
-707 60
-707 469
-487 -873
880 653
-900 398
85 -470
157 -414
877 746
854 780
-297 401
808 -238
328 267
-736 136
941 229
38 -698
66 -613
-230 414
-401 -256
29 842
-760 -529
-623 -73
755 -475
-831 693
966 -789
703 602
854 629
-608 -422
400 -99
-313 -408
-202 45
277 201
-406 -770
-852 797
74 212
806 -515
607 -250
-470 900
182 -337
-264 254
779 -761
-199 850
42 -113
89 975
-188 -865
319 935
993 -369
707 -449
842 -520
461 -541
-684 -583
-211 105
-51 233
831 -228
967 -48
-357 582
-811 789
238 299
441 149
171 872
-86 489
-896 -162
-378 581
-872 -81
988 255
-380 469
-154 839
-887 726
233 -16
968 -104
-67 800
-992 500
-164 908
981 -147
219 97
478 398
-870 -430
-368 -667
700 885
140 849
-794 765
649 797
-824 822
-750 346
-196 83
206 447
289 -985
-319 737
503 -107
-121 241
-70 809
42 -344
957 -300
-87 -493
700 169
-392 94
816 696
-779 466
433 414
400 944
542 -839
-9 730
-229 -659
5 836
-257 -871
426 -914
-420 -234
232 -274
-341 53
65 -656
782 295
354 381
-860 58
654 397
-726 -170
491 702
934 636
349 -128
-269 922
-411 246
-52 -754
-232 -164
170 -847
-161 201
412 -177
-446 -347
329 -776
-460 951
872 -359
-386 566
506 920
-981 -452
237 -526
-745 -871
512 837
71 158
-186 429
-376 -236
-917 16
-9 576
855 216
-205 601
-890 84
517 948
244 -210
-52 -157
-373 235
-327 386
-917 661
494 -418
-85 -200
53 276
644 414
898 -962
696 108
8 396
309 -6
781 -284
653 -525
670 330
98 97
848 927
355 -42
940 -135
-361 731
-200 438
124 -311
-298 -255
510 954
606 417
73 349
11 644
-674 235
918 -881
-362 93
-123 963
-728 -758
386 -897
-902 -557
-196 -695
-854 -227
255 730
-918 -142
-622 684
862 -649
644 485
-571 523
614 49
-934 36
728 290
968 570
52 -777
-481 -79
-949 557
186 -792
-719 73
-84 -108
585 385
654 217
-991 -274
-86 462
-675 723
-26 -882
931 -454
-240 -258
378 532
-532 -526
-399 461
-178 846
-559 -239
-599 479
-653 209
-668 742
864 388
-608 456
252 174
491 -74
-465 434
370 -210
105 -184
-56 319
916 45
-583 -227
-570 -995
-689 585
-962 850
-481 -194
11 -502
619 764
-885 -918
-697 -411
-743 613
-279 633
580 -485
-335 -174
-992 -254
764 448
270 854
-679 835
-293 -608
-120 186
201 -216
934 -18
544 699
-695 -818
-61 939
-148 -663
978 298
-197 558
-588 -779
668 -12
544 -32
130 665
481 -426
834 731
630 -99
-735 -519
938 348
-204 -569
250 317
454 -460
350 256
-345 -180
558 534
-758 -307
-907 936
571 363
882 -677
-205 -782
-461 949
-932 -369
-639 -979
-957 -611
138 -11
178 513
-143 295
-727 -138
-522 688
320 -906
-523 -704
-83 -419
800 -899
326 46
-851 395
118 -557
478 -452
592 -58
-142 519
-442 80
-433 444
71 453
-803 -911
-261 28
-670 -748
-626 -384
-592 304
-290 552
894 -948
804 -537
809 -490
-539 996
-487 835
662 167
579 -700
-702 41
-893 -888
-772 -823
-937 132
899 397
-438 -445
-198 -528
821 -513
-893 -283
-922 -53
30 -724
750 -329
326 476
508 561
-10 284
476 -917
750 -993
-947 913
-215 549
741 -472
-357 419
-522 -202
43 990
-82 516
436 -261
-64 309
-212 247
660 387
-15 -123
-96 142
-792 -101
-237 -971
243 -196
581 -32
102 -701
-447 -572
-839 -443
959 308
458 -172
930 40
27 67
-764 -753
-219 606
260 916
-449 -330
91 51
-61 -211
-847 -264
-519 502
212 -83
-774 90
850 -576
485 58
-165 6
863 -887
585 450
350 -602
555 4
402 218
228 -814
440 -122
807 119
191 -101
927 -913
-601 726
880 527
894 754
-592 85
184 956
516 -365
-238 373
875 -422
181 -950
651 -359
731 116
-722 -828
-92 543
-101 -925
966 -661
788 -64
311 -348
-829 -306
-935 291
-892 -278
-566 -398
-175 835
-118 303
289 -231
-934 56
398 -184
72 498
-615 754
-950 -441
399 -66
-50 390
-760 579
830 -759
-988 -861
853 -668
21 855
-285 -637
-533 303
-128 -767
577 39
691 -232
-917 -919
-352 -35
253 -907
-268 -232
683 -159
-480 196
-717 289
-585 235
-21 -827
-872 -17
-982 981
-421 392
-744 398
-932 194
757 -549
281 323
570 -958
140 -947
-381 -444
-345 -600
776 67
-29 909
718 385
56 -605
-704 236
-390 442
-67 -660
-119 394
-574 -999
-971 617
-892 -259
595 175
-92 206
915 -534
-751 488
366 -368
348 940
592 9
767 555
586 569
300 -639
-683 -385
166 -621
85 -145
-449 423
-764 -896
871 -842
538 261
-513 131
-434 540
-895 440
479 -504
-351 149
591 -320
-240 -696
-860 -379
-26 940
-353 340
75 -942
425 816
393 497
625 653
-380 157
-218 605
885 505
837 315
-54 477
147 41
878 277
632 506
-552 576
-769 -801
-587 420
-543 322
54 -990
-725 565
519 254
819 201
-107 171
-929 -754
-515 376
-304 462
564 -130
-639 -903
-420 965
-702 -994
-848 -710
-397 -33
-637 -319
-942 434
221 378
244 246
450 -522
899 316
-48 -393
-244 -990
623 -151
-970 -177
712 99
-814 -719
-287 444
166 102
-850 -658
-88 444
216 124
219 -982
266 -717
315 715
816 -382
633 271
399 -151
-810 -960
980 692
720 405
-596 -75
-242 -471
-953 611
-804 -119
-708 -395
-955 864
474 812
-140 515
-700 820
-455 684
363 714
-755 968
26 26
-363 496
882 496
-202 151
-310 779
285 -743
836 -351
-661 62
848 -538
35 546
755 -134
660 837
772 -474
294 881
250 628
-122 480
423 -526
-640 553
307 -91
-17 639
-119 606
278 504
610 -130
236 -161
196 201
-550 361
858 -467
917 -8
-144 -784
-6 -718
981 123
669 815
143 -728
-768 -523
-194 780
756 -621
-751 789
-142 -976
-615 947
215 -734
-865 -841
161 895
695 -578
684 -540
-542 -86
380 -281
244 -988
137 381
-693 -60
-339 -454
-117 -292
-787 285
-134 -775
-856 888
751 376
291 337
266 -888
417 122
-478 196
708 353
-719 621
565 39
304 -759
-205 -15
994 -721
894 -174
386 958
-559 435
-931 785
402 -280
414 -220
937 210
-549 -189
466 963
547 183
883 487
293 -224
-339 -660
607 114
-925 373
316 528
-980 931
44 -615
-551 78
-848 -219
-570 -841
28 -625
-687 446
-948 752
-69 963
-445 0
98 541
-346 -132
-613 -196
-821 758
-367 -544
882 -865
-337 726
-1 -330
237 631
-787 -962
-900 -369
291 738
802 541
-844 -360
-27 -624
744 -74
-839 -99
861 56
-232 401
-5 -339
-956 778
-438 -171
286 -301
-27 -148
-812 -860
843 356
-642 646
-614 500
-59 392
-581 -78
-408 547
-340 -702
335 -418
368 477
204 881
840 672
-427 586
-274 -454
658 -717
-363 867
679 894
898 974
-782 197
-694 493
722 293
457 23
860 -396
-202 811
573 535
-103 -222
-674 246
216 998
-292 -6
773 661
387 764
-761 708
-994 -259
-37 -588
768 -171
-311 534
-639 477
919 -194
152 -309
463 522
283 -654
-801 815
-857 -650
-331 440
-144 -416
599 830
153 679
-556 -41
-79 537
-580 862
-830 172
-175 871
-775 -424
-53 416
-315 -496
-627 -154
560 837
522 -579
-33 -934
693 621
650 -426
-404 -850
939 -116
-974 -670
-137 234
-849 -202
-114 -429
-887 -425
675 158
-49 -796
-790 59
-102 791
-811 394
611 -365
-51 -486
130 62
642 -654
188 -308
34 19
411 896
729 488
763 129
221 226
-631 78
-10 422
-166 962
-912 852
-483 -42
-590 407
704 778
778 -98
467 -126
-929 685
528 -959
101 -29
902 -682
334 -646
664 745
550 -414
-247 405
139 506
-236 -237
751 -301
590 539
-850 -635
843 73
750 -545
-159 993
-598 -688
31 -780
573 486
-85 -914
-512 826
223 278
-446 649
-159 -61
-454 945
-58 -882
399 736
-875 -612
562 460
795 793
-303 -285
498 -284
-981 113
913 -3
722 787
50 -416
149 -241
374 -433
985 -800
-678 656
91 210
294 -948
375 -189
10 884
182 52
360 113
58 706
800 -765
-471 -391
-418 117
892 -814
484 -749
-267 -288
247 732
-333 -658
763 -106
805 -825
14 -972
-976 627
246 296
306 597
298 26
-958 310
290 -972
462 -976
-754 532
498 -758
40 -577
-886 647
-695 -970
263 429
380 -422
481 -121
-443 -513
66 -326
480 -510
381 327
-598 -341
464 886
-144 -526
31 -18
378 705
29 69
-43 -739
-150 458
436 -236
974 596
-731 998
-937 -7
-125 -620
756 686
-992 458
80 34
-737 652
-18 650
802 770
-553 -261
-823 -460
277 -439
822 -716
957 675
-672 -322
-625 -165
-594 801
-818 -570
-815 -133
191 -279
-994 247
994 -18
432 -842
-750 762
-991 -754
300 255
-126 -314
-895 704
864 605
-627 760
-298 30
276 -919
880 -540
463 663
-267 317
-229 -383
226 -735
940 835
727 768
68 -227
307 -946
-825 -111
432 -466
218 192
-804 463
256 578
236 -487
-605 -104
962 342
-318 -62
729 610
-33 -1
-859 817
-346 -807
-772 -717
-226 -51
-894 -295
576 171
840 148
392 -190
-189 -77
687 -70
-356 569
452 -914
-500 -128
303 832
180 64
-140 44
798 -738
-440 -248
-491 -218
6 640
229 839
-770 -204
-877 641
-62 127
348 640
-31 246
-867 613
545 -523
