3412
893 -427
-832 -422
-996 -492
244 986
746 788
-615 348
171 -904
260 -489
221 -359
766 -310
-332 -454
-106 -361
-875 878
-804 -908
322 794
-550 -511
-472 -422
-143 -999
-549 758
-569 -742
-115 209
514 628
688 -778
867 850
418 273
260 -439
34 175
160 419
276 -667
309 -149
713 -494
603 583
588 -924
242 -873
-499 -388
877 0
334 913
-159 168
-304 -795
844 624
-789 11
822 611
15 499
-614 625
-66 236
-895 -758
311 519
-302 -548
-943 299
-724 443
108 861
-753 564
7 -724
-881 -176
129 -113
407 -471
-751 -818
509 -753
37 -16
378 872
364 -326
518 -806
-94 499
710 440
783 440
-346 974
-530 483
-971 61
-785 635
3 294
636 59
827 -745
348 146
-415 -889
842 -723
74 -767
-540 -697
-769 -61
307 -707
512 -956
317 -510
744 -184
573 -506
-698 756
-563 661
965 -352
953 321
273 -592
-972 991
360 753
424 -861
-766 932
751 971
433 316
-590 93
-969 216
-923 -368
732 -864
719 396
42 369
-213 449
382 -809
368 -775
-497 -483
-95 -931
285 262
-139 -792
-23 -583
-763 95
-473 702
-873 -261
324 -868
-51 156
167 -289
461 271
282 75
-385 665
-858 -862
650 -101
336 101
299 997
-379 29
250 774
-217 359
-450 -951
582 545
618 -816
574 119
687 -994
-349 -915
-560 309
-355 -261
371 -299
339 938
-580 -112
-983 -399
-534 -114
-229 -481
704 -764
-43 -185
258 -989
-744 -867
-333 -206
253 962
-255 -772
-9 642
-226 888
187 681
669 -21
-417 183
785 -385
853 -87
294 -352
180 804
653 -822
-533 832
792 884
-427 -711
-230 -181
730 -331
444 -704
-260 -395
-560 496
717 -628
598 -347
-78 -767
-64 -384
969 853
71 -845
-262 -509
314 224
-433 379
826 836
-397 446
-489 850
733 -600
345 -752
889 735
894 499
-293 45
343 -326
147 287
81 843
159 460
789 543
-923 261
687 719
875 880
-641 300
-371 339
722 896
813 306
334 86
-825 631
-320 -854
-548 84
22 -814
-741 -614
444 -408
-497 -537
71 -787
-197 -366
-444 349
903 215
-369 -798
136 -990
-446 75
114 -308
772 377
77 -266
-178 334
-392 328
460 901
769 106
-664 -656
512 -722
711 595
-265 434
257 452
-550 183
513 272
-641 -895
945 -307
676 317
419 882
-716 -748
-800 -698
-40 -925
-655 -741
861 -138
-913 153
218 776
203 -149
431 556
142 -293
-19 41
-721 -339
503 -424
614 860
-403 -66
435 -841
-541 -231
941 -758
-653 538
-467 733
-232 375
40 493
-218 -482
141 -596
-341 969
-350 -22
247 501
-865 625
-246 913
-168 -126
866 -89
684 -734
242 636
-273 -846
-30 392
-184 -479
-375 -27
-374 -285
491 -248
355 943
-301 -287
935 -758
432 962
-310 -156
-496 978
-880 -89
-467 -624
-874 -246
-982 582
-979 455
924 531
-614 -143
617 519
526 51
-542 -51
7 650
272 -101
4 353
241 281
489 335
656 403
87 -511
-459 -624
-39 -25
-622 -898
302 976
-406 4
-629 468
831 950
205 -154
-78 -266
495 743
842 944
-352 -951
273 466
-526 537
322 -802
-877 313
-109 -352
-516 -527
-877 -466
908 356
-974 83
530 579
-364 42
-19 627
180 -277
-380 -835
-152 871
-859 -55
-279 -715
222 -774
-177 137
-131 -568
-289 -617
-535 -639
100 -180
-114 189
559 -41
-439 -556
-161 106
119 497
655 915
46 -108
706 -758
377 -695
368 889
-219 138
990 605
286 309
719 -769
535 477
-706 -95
-629 179
423 -183
-441 -415
-472 63
739 -22
-101 840
-859 -604
-191 -81
966 273
894 423
831 -959
-136 289
-116 984
766 -242
797 159
-264 -892
284 -628
-558 225
-445 481
696 -863
-22 470
-479 639
209 -587
-244 911
834 874
268 950
-780 -569
-540 -818
-576 217
-479 988
453 542
-102 286
794 770
-199 742
215 412
614 856
-478 251
-743 -781
-582 -592
-340 -543
230 -758
-414 -241
-36 837
-998 -116
754 -191
-750 403
405 722
-3 903
923 -821
-493 849
137 154
-469 -645
-924 -285
201 -134
872 412
840 174
650 699
-697 522
-753 -718
995 531
202 279
345 -599
727 596
-312 -42
-56 -639
-72 250
322 -252
366 -925
-105 436
507 -371
611 417
-407 750
-857 372
-765 671
885 -410
-153 -902
720 -45
557 374
-111 -214
-92 -476
-855 -580
562 -968
475 496
88 759
789 -200
-777 -60
-461 679
422 408
771 -658
-977 -443
166 9
781 634
-565 -419
694 868
-468 -818
-968 -487
-330 338
-506 -188
394 -568
-896 224
-651 -858
756 454
-736 486
343 214
-313 799
-334 -779
474 -108
157 490
-363 -451
-307 -887
464 935
-819 909
-857 -484
638 358
-648 851
799 -874
415 -89
-197 284
561 87
-651 301
59 49
293 -842
-568 -755
-384 -140
789 -405
617 334
661 -307
682 231
-492 931
-735 357
-979 -151
-468 -575
683 897
723 -771
608 -704
871 -888
71 43
-913 322
-6 -818
-995 238
-253 640
-413 -326
-269 904
376 -160
725 -258
776 491
-527 482
-593 -312
-672 846
468 -221
211 891
86 -307
226 613
-872 815
118 -226
-83 -576
-922 179
82 198
-14 209
-226 703
306 -11
-838 -643
-52 839
737 484
-152 -923
-185 -892
-348 447
-87 629
-186 -761
553 501
-906 -411
151 595
-328 892
478 730
138 46
-332 -211
-685 -176
-992 -986
854 -497
809 -243
-711 -674
-333 -151
841 501
-519 808
138 -487
394 862
-320 -773
483 463
-33 803
208 -290
67 121
291 -558
831 -488
-511 972
999 322
-112 -246
717 673
753 89
860 -381
893 -739
53 -92
-495 672
269 553
-566 -724
-348 -416
-704 569
-715 -135
386 310
256 500
-90 -872
663 408
749 -972
-22 -617
696 605
-45 -365
-2 253
737 -690
873 788
-810 -842
499 -574
-496 -212
661 196
776 -25
138 576
236 -885
-603 674
-547 601
-391 -493
-295 -938
-591 93
775 -356
851 -576
613 -47
535 -639
401 665
615 72
-455 381
-953 630
388 -55
706 569
973 -505
441 -351
-317 -690
-341 350
-382 -264
467 -528
672 470
-748 -515
-344 -284
-571 -304
-665 -803
-2 -554
120 141
559 -327
-96 697
531 -151
985 -736
424 622
368 -867
-933 -369
686 4
-730 -881
-906 201
442 -83
627 128
315 -983
288 135
-466 -378
-411 -205
-108 739
278 254
-44 887
810 -916
250 -223
619 704
514 -581
659 418
579 -670
-271 -275
172 -424
-161 827
80 -461
724 128
161 -258
-136 184
-898 236
860 64
605 -611
998 341
488 -943
254 686
119 397
74 875
977 -911
-871 891
-61 -379
386 335
-564 632
-725 -447
-49 487
-359 258
-394 798
172 -89
311 -800
422 -543
-471 -441
-513 -529
-253 -453
-677 917
-823 -397
-986 -422
-858 285
917 -413
456 -578
509 353
-977 -88
-832 -613
644 671
668 -997
-886 939
738 810
-874 603
-296 716
701 -306
-258 -566
482 1
-192 -606
-3 -664
560 95
-660 653
162 -104
937 -389
-59 -950
815 -136
-331 885
332 -172
386 888
390 196
223 -660
334 -803
522 497
325 -366
31 747
-143 -83
-933 -677
574 830
66 -114
-234 -523
-688 375
-385 -464
-32 60
-40 628
-641 -943
257 -197
461 -474
-99 -974
873 290
-807 -224
-325 541
890 -58
-561 544
-919 -391
292 987
-979 -751
-119 -166
61 608
-13 295
963 -62
-337 334
-208 -728
842 -44
-61 451
786 -123
-298 385
-869 -591
-65 696
689 980
66 870
-686 -872
-809 501
264 -917
368 -384
551 -607
-409 199
-374 312
-582 -254
-114 -195
423 -952
-195 -797
-171 413
425 782
808 238
156 -799
867 412
467 -964
-725 346
164 -877
-495 855
-812 111
764 619
58 -698
616 -14
-719 282
-927 235
-511 627
-626 -803
-181 -948
-930 -770
-41 -578
180 260
-674 -369
-286 504
-697 -631
103 -993
-174 778
681 -986
390 192
529 208
-581 -143
586 -734
488 317
264 -935
139 -589
-744 -127
-230 -29
524 -410
-436 633
691 694
-585 -651
-613 509
25 683
-554 -961
-234 750
590 -380
-908 -36
633 165
-72 -839
-981 265
447 315
111 975
509 825
547 -663
-442 -974
135 317
94 703
-828 956
817 -87
444 351
418 -71
-874 581
724 -398
-905 -434
-741 623
752 -731
977 412
890 879
183 -394
-510 822
82 755
645 469
642 -977
634 -606
-670 748
34 750
593 487
290 140
675 731
-869 403
-521 -953
-834 -300
55 -545
289 -230
50 -716
-816 -411
-919 -670
869 -75
684 -290
-458 328
163 -196
17 -429
93 370
361 337
-759 111
-963 -548
837 730
-371 -594
-518 -149
749 904
-316 10
-410 637
-332 -7
128 -538
165 579
-977 182
-450 658
-528 455
-500 401
211 -869
-419 -537
695 563
669 -993
-970 925
226 344
454 608
679 512
-277 120
121 -289
717 -304
-957 -442
30 -397
890 916
920 -350
184 -483
537 403
329 -694
-882 350
792 -834
-79 247
887 -594
258 747
945 -66
263 -821
-415 -211
213 -917
527 527
-822 -72
286 -852
-144 -293
-473 300
-302 256
-252 -112
604 806
876 -929
-91 53
465 774
300 -207
876 -931
179 -351
212 953
863 -386
913 -362
604 413
-828 -511
752 251
-462 984
-425 252
501 -511
-344 994
-158 538
730 -290
200 678
153 521
718 -717
-665 -720
-518 733
-573 -110
49 531
875 537
-14 -197
593 442
402 375
479 -131
-811 -347
-245 747
-606 -40
713 -724
660 616
675 316
736 666
-582 513
-421 -80
106 46
263 655
-385 -763
33 -781
-965 -417
925 -765
-989 -724
813 116
-644 -727
-444 -624
-455 -204
-115 579
-606 562
442 345
244 -452
-913 -198
844 -709
-261 641
-959 601
-214 127
-987 979
-836 -333
-102 864
-925 -281
-108 -684
368 -294
-493 -63
-453 -641
813 -750
-28 633
222 968
525 931
-672 -559
-859 465
-503 940
115 649
135 542
727 -576
-4 482
544 -507
538 -541
653 286
238 -343
-746 -524
717 982
406 720
-417 814
815 -413
222 -152
-548 -249
685 23
597 -296
-711 -744
6 -400
450 362
-276 -266
678 591
-443 -972
738 997
245 -821
-440 355
680 680
-544 -651
44 851
-369 -297
-790 -996
-632 770
-792 -828
805 -360
177 -755
835 495
-480 770
673 -560
-529 261
-936 61
466 283
313 -188
514 -536
24 -777
-69 298
170 967
198 -858
431 -139
-444 502
-16 823
-496 -18
-520 26
-462 -575
627 -963
338 -41
936 -200
259 796
-619 -833
108 136
-865 -390
902 -768
-105 512
519 -337
-340 -409
-47 868
644 -532
-806 -917
680 323
-517 -980
851 719
-808 212
-872 159
-398 -938
-313 237
286 944
158 70
547 -243
911 -791
-937 478
359 785
343 408
808 849
-919 -532
716 -558
-701 -326
633 -802
775 -781
547 538
-59 385
356 -554
-416 712
125 389
92 -295
458 -229
-500 -853
727 650
-626 361
-59 540
-988 938
-933 -642
-207 -302
238 721
921 365
-82 -512
-411 565
262 -479
393 -551
658 -499
695 941
-945 -18
288 -193
-444 619
-674 -609
-445 -811
850 635
-498 -960
943 207
441 -927
-524 -392
868 -214
-437 667
-283 263
-413 -263
-24 870
685 -177
198 697
201 544
-233 44
879 962
-936 -251
-755 889
684 607
660 -426
690 -586
609 862
74 -336
-259 554
312 -688
-876 114
116 -422
22 441
-408 -923
-736 24
-665 -731
184 -198
-834 244
700 -629
333 -363
-744 672
946 -793
969 -922
346 -726
-524 -950
311 -157
214 923
16 -305
603 450
684 890
-947 -674
-867 -211
259 -400
-3 -694
-570 938
298 -72
978 102
145 221
-174 -72
316 991
984 -989
491 -359
383 -307
-796 446
258 467
-101 672
697 410
-912 557
55 -389
204 335
-28 252
-214 432
172 31
198 64
165 428
-490 343
-815 -210
603 26
-56 830
-201 46
452 -862
-900 334
106 -652
25 -19
155 51
-124 106
415 699
-170 -905
188 -413
457 -121
58 474
515 -916
631 769
608 925
-774 856
-719 -599
-183 -391
-568 -676
-23 -139
-177 388
617 -832
844 163
-371 701
357 -989
-292 -70
787 956
825 -389
809 420
-190 -474
-559 -965
107 -830
187 564
920 287
-522 164
-210 -685
27 -133
359 474
-548 -108
-265 636
-416 732
418 717
795 -187
106 -506
928 248
-390 740
-217 428
788 -412
253 -646
-805 76
798 -324
576 -808
467 -646
-530 -22
-819 515
-59 -241
-610 -964
567 866
-470 346
-907 -574
-464 -384
855 515
-711 -56
-51 38
-803 -799
313 -88
233 829
153 -149
-894 312
742 183
-906 793
239 -97
711 617
-124 -973
-985 756
-543 362
-109 99
0 524
-945 566
-642 561
710 834
42 459
526 -945
-880 -699
30 590
-168 -375
-608 93
637 850
612 860
-1 183
-982 315
728 595
-626 890
671 629
226 -257
-433 379
461 -171
853 414
934 697
861 -340
-385 -204
-134 -664
-446 552
695 962
748 604
-543 -26
-948 599
-319 70
-805 941
-37 -200
617 602
376 -706
-676 753
-380 968
-312 100
-921 698
-98 690
-699 844
-732 450
757 -218
-632 146
706 -855
69 -209
-125 380
385 819
-469 -340
253 272
-95 -479
-5 -369
-387 576
-771 -248
728 -171
-14 -49
-399 -290
-33 -701
-513 -570
847 -298
-630 -138
-4 380
-40 764
409 389
809 -599
-795 -279
594 156
-543 407
810 193
508 140
-154 -185
-141 788
-906 -12
523 -478
29 -790
154 480
-527 -137
-727 390
-170 270
250 363
555 711
-550 989
594 -824
-106 -752
49 800
685 -407
187 600
570 24
508 232
318 776
614 539
80 71
207 -157
549 452
167 666
557 -20
234 -225
243 419
-85 -565
-221 -525
876 -890
-103 -185
125 702
63 -523
-726 -975
947 861
-508 -289
314 292
699 834
-553 -961
-31 -935
-967 865
-289 807
281 964
-652 671
-289 632
465 -900
-280 -259
518 -942
-664 112
458 -552
-257 -888
-307 -96
-401 -818
479 524
-201 623
253 690
743 866
784 -247
770 -120
164 267
883 -282
697 777
-224 916
-692 717
-480 660
-173 -157
253 -62
-661 -59
807 -65
706 170
-818 -949
820 -52
878 518
-346 588
-407 -42
-507 951
310 886
316 645
-868 260
920 -90
-900 -537
13 284
994 51
260 759
939 429
11 290
916 -755
-980 -175
-778 -186
921 -984
676 -633
477 -597
673 48
-462 -296
-943 -844
866 -555
391 -606
351 873
232 770
-622 -292
514 304
660 -866
528 -342
-242 489
-616 666
353 -458
619 -957
-955 880
-293 -500
-557 -549
-662 -867
674 -222
-170 941
-189 -252
439 -280
-837 718
-747 -414
-685 981
522 589
722 -550
-900 -22
422 396
999 -703
-858 -484
508 529
-953 181
-36 791
-576 -986
451 -881
-705 5
-170 829
-664 -333
-837 -247
578 -160
379 172
80 -130
696 269
-304 -924
671 442
566 633
-467 808
534 -83
-863 266
980 136
-122 -207
108 -462
829 -136
-831 -219
845 509
983 -251
-214 -688
-608 555
-137 -644
983 341
-837 934
830 -642
-939 536
488 -51
337 765
-778 -529
-906 123
259 -795
373 -334
254 395
562 712
-837 14
480 288
-70 427
-354 670
-813 -553
-252 -771
534 -460
-963 299
661 61
946 -663
350 -698
443 885
-150 -572
-699 611
664 30
-366 208
-777 433
564 918
517 517
151 -131
-85 -317
-558 -74
-938 833
924 135
740 835
-833 101
116 -286
862 -154
-310 -407
-730 451
325 548
742 -2
433 -696
-274 856
299 -190
-854 63
-823 -705
700 394
-186 79
-149 308
-721 -183
333 -517
751 748
-890 694
523 347
607 -295
-355 231
-843 73
930 187
791 -706
-333 -136
686 284
148 -667
-278 -160
-258 692
769 235
301 -187
-937 -255
345 -211
-388 -657
-43 371
616 -498
122 -66
280 -422
322 -560
631 801
100 -111
491 -210
-829 108
453 -223
118 810
-10 324
-539 -335
946 687
-536 -900
-153 855
304 71
346 -727
499 465
566 -887
313 849
-444 713
328 -796
106 987
992 -340
-188 -443
693 -391
-813 -633
-415 708
-216 719
-234 -639
655 519
-492 657
-179 756
-928 -24
136 734
847 532
857 206
-139 313
898 43
289 -707
-608 836
-459 -553
-144 684
663 -457
353 -217
921 -172
237 -922
-551 -472
40 -939
457 -500
165 -48
732 -429
795 295
533 296
-868 -488
-625 344
-400 341
285 798
-381 -790
-912 496
404 -801
-613 173
-615 -34
-57 420
979 -700
517 483
-810 -568
712 -155
149 -466
958 650
895 936
35 -893
-20 641
564 -684
-73 873
-811 697
201 289
-830 485
-518 -235
902 -739
823 -805
-562 183
-894 -403
-70 -573
364 312
538 -251
-364 -989
-621 -552
125 -624
-428 467
-879 -477
-308 -231
-551 -253
-937 -574
808 -413
-291 780
-501 768
-118 -657
-831 -743
-68 723
-598 864
687 851
930 659
760 -578
299 953
-717 130
603 -770
-738 -936
59 -962
643 846
700 -606
150 -569
-89 -581
-93 516
-308 674
-267 -897
-569 -580
-858 91
641 -514
-838 -579
-724 -75
459 -166
-99 -13
-573 -34
-8 -999
268 400
-915 -329
408 -296
708 -986
-257 -100
650 -896
444 -802
-870 -875
423 485
-470 557
737 -738
-421 844
-590 -783
-866 -759
-813 -876
343 781
619 465
-444 829
-630 582
-790 -905
-985 577
-924 957
651 136
619 -878
-934 698
-284 855
805 -904
-371 405
-767 801
-218 -871
-826 448
-976 290
392 -9
-8 427
21 313
784 -26
292 41
129 95
-200 -155
995 396
695 736
-856 -410
-914 -734
-100 537
577 -479
-82 11
-812 -420
-148 352
-933 -420
-831 552
818 -358
-530 -499
-4 -866
-438 -930
-724 -19
-903 539
646 -207
-115 -113
-764 918
304 80
568 -343
206 631
197 -577
-77 -978
908 -521
-312 908
615 -193
-947 -334
-664 343
-282 -108
-368 697
742 -89
879 -828
-164 333
543 923
496 -126
959 -863
-564 -508
-432 913
-996 501
498 48
740 -575
669 -382
292 -2
768 -963
301 -745
586 176
-47 711
-166 289
252 198
998 954
340 -634
-18 -462
995 -981
-625 -517
143 -244
439 527
414 -979
-595 74
-308 328
-932 230
376 -688
259 -902
-734 212
270 976
518 -253
227 -359
-555 309
189 -222
856 -444
-215 291
597 829
114 572
621 -535
-819 207
-804 330
-204 284
830 902
707 -593
-110 -475
965 410
-927 860
-211 -350
395 -474
148 -805
357 438
-27 67
-171 366
458 416
-902 -180
758 313
28 745
64 -26
-552 322
850 311
-919 532
246 950
-747 408
875 -324
-20 -318
-21 4
658 922
-323 498
-184 -681
-807 242
-756 767
528 -47
-683 624
231 956
-931 -212
-152 747
-3 -281
-8 300
219 720
151 607
-493 -255
585 533
582 952
871 -696
-795 945
-410 -422
-484 746
355 -354
239 853
-253 -234
-570 972
189 450
-919 -586
101 -188
-278 812
-857 899
949 987
424 -473
-759 695
-835 -66
-76 341
936 64
961 581
967 247
641 625
75 -179
-678 -999
-631 116
978 715
-749 -282
411 851
548 737
-436 519
-33 -928
644 -528
101 -134
878 904
72 -244
291 855
563 807
883 204
-538 -585
-334 460
212 -759
-222 -676
443 -870
-779 -2
999 -432
816 -706
5 -326
-146 827
856 614
-358 -123
623 359
-261 -231
673 403
-466 461
942 -274
-27 -916
246 -183
385 18
-538 -727
-480 101
-474 871
376 -968
580 -52
-400 -241
-225 -119
-927 34
-237 152
-32 50
-168 -620
905 269
634 345
-117 -397
934 332
838 -892
-662 554
197 -304
-438 -912
-340 828
818 926
897 -43
672 939
-533 759
-547 599
-837 -420
-97 579
-483 -124
369 673
93 663
606 539
-310 747
-576 725
-196 774
11 -541
-171 -685
329 -552
890 261
692 788
398 -258
-331 508
-829 157
992 103
865 -935
-932 828
-574 -400
292 -547
-765 927
-608 -814
-52 -752
-895 -282
-518 -571
575 -925
850 -729
-317 925
116 -259
707 -129
433 109
834 -680
189 229
-796 -492
67 -24
-574 586
-20 -57
626 217
365 -747
-684 99
964 -519
-499 -59
-895 738
197 412
613 589
879 24
-788 614
796 -674
-294 64
495 -177
791 -731
-162 714
-597 397
-866 211
152 -386
-20 -672
-406 -680
139 600
112 639
882 507
856 421
817 -816
-100 606
-281 785
-161 801
214 231
967 -817
-702 646
-808 726
636 -25
228 -925
369 935
-331 -134
770 -285
-314 869
321 497
-443 -17
401 446
714 941
-692 554
-11 50
-815 -397
-678 -192
-28 148
315 445
708 429
106 604
923 944
-772 343
-776 831
700 -451
-196 934
-363 -447
-169 90
766 701
-31 -480
-701 952
-984 924
-824 -242
-803 -978
-818 -632
174 141
961 -144
-751 337
519 582
886 -862
-311 -817
714 867
223 483
91 204
222 -652
-257 603
-110 -274
867 -408
-22 34
245 331
406 -80
641 -209
257 -56
589 435
-769 -48
692 -522
-522 -429
-93 -626
-276 734
180 829
613 107
606 -317
857 426
-854 -879
999 -141
-748 -365
-883 525
807 -292
355 -100
118 751
-133 428
58 -735
554 -640
-130 497
-781 266
188 579
360 121
934 208
-495 -587
581 366
-360 378
-174 527
650 982
-153 -902
-97 979
947 828
836 755
-513 -899
-771 191
261 -925
301 -817
682 -744
177 -777
-961 586
113 -649
-548 135
356 959
439 -443
854 932
488 819
-20 -410
-946 -526
289 -947
-963 -302
-360 -840
670 -788
-463 356
549 -765
904 701
-367 -742
-527 -489
-713 580
-732 426
-501 847
-519 15
548 -930
722 -99
-883 -7
-645 210
-757 -586
819 514
-910 -27
936 -734
231 76
-492 -237
-940 391
586 -530
701 -498
783 -14
-650 -524
-439 478
-911 468
-374 463
217 954
905 -279
-271 723
-380 262
-86 -780
-983 929
182 -548
13 -624
-864 185
659 -125
792 43
206 608
-800 -212
-128 -822
-808 -261
779 53
-629 956
787 155
902 511
-506 28
700 -685
-724 968
-357 -855
-660 -643
-691 872
645 912
510 533
-568 411
961 927
-138 203
258 -739
-371 135
457 790
-478 384
-44 244
-450 -804
945 -119
650 545
175 125
-535 818
-574 877
471 907
-711 -589
949 -260
-288 230
-510 552
5 -943
985 -372
60 819
446 -417
97 -663
423 301
545 270
122 657
-648 -65
-742 -746
809 958
274 -580
-353 -2
606 -373
167 600
-308 -774
634 495
-521 909
-836 664
798 769
86 -217
-362 872
-204 634
-187 611
-465 535
649 850
104 -699
-531 925
-646 -740
-390 -208
205 668
-387 601
-103 591
-594 738
-79 142
330 798
-996 -780
85 -412
930 853
658 781
-596 -467
-770 782
969 425
-624 -876
496 -489
226 642
409 -436
-627 589
634 9
582 403
419 638
-997 61
-55 -294
476 -646
-653 840
729 920
887 -118
112 145
386 578
596 -134
-822 245
381 810
228 -784
834 -595
165 294
-280 343
-390 31
520 791
22 -128
881 226
847 -534
915 -757
-536 -588
72 724
45 969
-64 -234
-944 -464
-940 80
-953 -258
-393 642
-638 333
123 919
-850 -71
793 292
667 -466
-33 20
-370 -61
776 -353
935 -91
-291 -241
336 -860
-819 49
570 -593
-626 -4
184 -400
-31 659
-583 197
-776 250
-905 740
-521 -596
-671 620
-709 -297
-168 891
79 -740
348 196
-249 -823
980 365
322 243
945 459
-973 -283
-176 205
-518 -342
770 73
278 842
668 600
-790 342
542 -61
-528 932
757 -709
640 586
-930 281
751 363
-62 -357
632 -589
-277 938
-916 163
-376 -531
-854 -324
180 -978
-867 -579
263 -322
825 859
554 -823
483 -414
108 -471
948 432
487 -947
620 -611
32 774
54 763
928 742
432 -592
102 104
-296 292
425 -243
998 171
-97 -900
908 -990
-529 904
-338 235
759 335
-766 -89
-466 -953
631 -986
23 -713
-955 -495
442 646
856 -254
483 550
876 -312
-632 335
-792 -34
-917 332
252 228
-588 103
-295 133
-20 164
-62 743
-838 -626
-121 -544
607 740
-500 221
-608 770
427 930
855 -720
591 817
-184 -773
924 -404
933 261
160 713
-719 -898
363 -776
-251 -800
13 -585
-587 -900
356 384
576 -809
-173 264
-310 418
-350 -905
778 -276
-712 -761
-29 -215
666 77
979 -656
609 -263
-2 -122
-180 -322
-328 -341
-149 -208
805 -136
-889 -607
962 -809
643 362
-432 -225
-684 139
675 884
848 -415
511 -991
776 -885
-82 -237
-378 -53
-430 -715
-219 813
526 558
355 -726
-284 -277
88 -471
428 -676
307 11
-727 -401
346 -124
444 -513
-338 -440
-331 -756
32 332
383 -264
-873 -8
791 -939
-387 942
-512 336
-899 332
232 -389
286 -703
40 670
-612 -686
607 604
251 810
76 758
-437 -364
462 480
-38 -888
172 -794
333 -104
931 589
-259 296
436 -231
-286 -721
298 -654
833 -111
29 37
-571 680
152 77
-97 -330
267 -817
126 -803
-544 359
989 -775
718 -619
655 450
-880 133
-52 -204
883 -175
489 -37
-894 855
986 416
-670 570
-281 -411
510 491
767 336
880 52
671 -374
4 632
-335 -107
-611 -499
950 -945
500 -699
915 586
277 272
235 840
168 482
288 -249
-255 68
-247 -176
599 428
-334 912
-587 844
727 -620
242 700
367 -203
721 534
890 951
233 -346
841 961
-302 142
-801 669
245 683
411 382
-992 -565
771 -222
892 586
785 957
64 -161
30 -478
-910 841
63 -928
882 249
513 -623
-203 558
-874 -557
162 196
142 515
415 795
-76 -212
-743 535
-546 -621
-890 -693
131 -816
-565 -187
826 -579
-980 984
-921 -224
744 605
677 951
-543 -665
691 774
-147 457
-737 49
542 569
915 906
-670 960
530 -837
523 585
-159 -703
524 806
-426 749
56 -366
-894 186
811 -870
910 -642
261 -120
583 -686
-645 981
42 480
-724 332
-97 592
-299 -129
-139 -335
724 523
642 920
-500 587
-297 -982
238 -754
-811 505
291 -920
-749 -175
41 506
-21 -48
-812 784
-136 856
816 830
464 -379
472 923
-638 334
-215 874
-146 -868
468 491
-377 811
-378 852
-566 387
-745 975
-52 -586
-587 -365
-890 728
-497 450
160 529
146 -777
767 -702
756 732
-850 617
866 -500
926 933
-838 46
-514 -983
-648 -563
-391 177
481 600
-542 262
-687 877
-895 370
-842 292
-965 -78
266 -755
-125 -225
-543 714
-445 571
-89 -85
-871 317
487 -420
-349 -405
-645 -209
537 -325
-856 -999
749 808
-75 878
147 -171
-129 349
-128 68
-273 282
-91 964
23 317
649 -212
880 -722
328 -806
51 685
-546 347
809 -876
402 136
-413 188
995 102
985 -992
-684 -22
836 229
-40 -1
-597 -635
-884 -536
-306 414
711 468
52 93
50 -603
-906 -86
-24 -625
-24 291
-483 -31
-212 -264
-881 725
-683 -21
-483 -87
-661 500
-598 890
-588 -362
337 -204
718 979
-235 -886
957 -720
-656 981
-744 -150
504 -145
-398 -508
17 -658
-807 -282
-522 336
689 149
-986 649
910 -238
-562 686
-572 661
-229 -65
-561 182
-420 -697
210 640
921 -540
113 -123
-697 37
285 111
-601 38
115 -836
-286 429
-508 -776
662 659
-829 -888
-643 -61
673 106
978 82
-327 -546
595 914
906 83
550 -969
408 -429
380 471
643 877
982 370
-429 -556
-629 805
136 90
677 -897
-781 909
-113 -32
388 -242
575 821
868 -972
531 -331
-1 -829
-338 -951
55 -692
720 -915
538 -604
519 -966
-561 -651
40 -432
275 981
-597 596
-985 776
-502 238
134 583
73 496
871 862
-685 358
920 343
-791 624
-171 -807
746 -959
923 -306
513 950
-928 7
-479 197
655 544
-526 -324
453 836
105 213
717 -641
-423 602
236 -586
-916 845
188 152
-960 21
745 128
162 409
-466 -862
364 957
-546 738
-945 941
34 -460
-817 -132
598 470
897 -36
-734 -419
550 92
-855 403
485 532
-428 332
-870 -272
685 -21
-655 -738
123 -488
369 888
-31 -338
-375 -880
725 -393
-116 -145
450 -441
509 636
-307 -678
-487 -626
952 -419
-394 193
393 733
512 152
695 641
718 279
-6 713
343 -274
705 -604
-504 -571
-175 35
-175 539
-895 16
-686 -323
694 -468
649 -457
943 -804
-952 605
289 -223
-423 -842
993 -726
-158 445
-765 -485
999 680
614 -181
67 -202
-788 223
308 745
-869 -520
666 -393
517 349
-34 -848
808 -8
851 -545
-619 610
78 -702
-271 -465
-908 584
-514 -888
408 110
120 539
19 -936
319 -13
-464 753
264 -377
-643 17
-574 -284
65 673
633 -22
-434 896
-355 183
-874 -653
-543 342
749 -176
-829 39
467 -632
511 -36
-225 70
594 487
763 -934
-897 613
225 340
-763 297
137 33
443 424
-815 760
-463 -599
-343 3
359 -887
-396 -404
-502 480
-801 493
-222 230
-801 -970
269 532
-627 573
-278 650
17 312
550 -204
271 -614
-570 332
212 -657
-167 510
-496 -121
92 -705
-574 -59
-309 267
453 -554
779 738
364 161
-568 576
-658 -847
-944 127
-14 -28
748 637
378 33
-349 270
-639 -148
93 -128
322 -646
-824 64
-274 435
829 577
204 -357
-160 151
-611 -178
-117 -811
775 -624
744 539
367 -31
305 -947
963 -495
-600 -236
317 -504
661 -970
-408 -814
67 629
688 -739
-294 -999
-980 723
923 396
-933 -857
974 586
-400 496
60 806
-867 -282
-597 459
-111 -752
-930 -393
-254 858
201 872
-311 -872
-843 692
-991 -628
-568 11
-706 -521
386 -100
-835 -142
-855 -137
336 -775
210 -120
934 13
-684 383
381 -297
525 -144
55 -709
-143 -66
-418 851
-298 -777
-872 -136
209 191
313 927
-705 -420
-804 7
-685 229
-369 197
804 -487
466 -52
-670 1
254 925
-276 -170
-139 -477
-908 865
830 717
-338 -315
-306 -936
-821 541
-810 770
344 -843
415 -65
-506 -694
-506 266
-616 -350
-440 155
-945 -167
684 268
869 -655
756 -950
-308 -505
354 -693
-603 806
-438 -555
112 -595
-836 -599
-602 -688
750 -174
937 832
220 976
-873 -199
-368 -124
113 -416
208 698
-209 -519
74 -25
-81 -998
-335 360
-334 578
-667 -985
-746 776
-700 -100
258 756
-590 168
-781 -578
-694 561
-87 440
-765 -579
913 301
417 639
-46 583
-638 707
-873 673
867 -630
-65 258
582 85
-826 -939
-747 -430
-878 697
-957 824
-66 -660
999 -61
486 70
200 -129
-584 -552
-200 -492
757 -511
-863 -42
682 981
961 -550
-701 829
629 344
-8 12
-425 -364
591 375
-424 123
224 -270
-20 255
295 460
568 -783
364 601
-564 -127
306 -463
-335 -953
738 -260
-766 240
-747 -694
235 248
-924 261
643 -454
-799 -474
73 841
18 -151
-784 -196
-46 336
-646 684
-714 -552
-234 526
-433 -370
-582 -401
997 -816
639 995
-1 -28
671 93
-654 88
656 -100
-880 -385
-817 -550
29 -633
571 -124
944 -468
-218 104
-738 93
-947 -590
-554 96
611 310
-52 887
-817 732
135 -400
650 -754
42 -578
-521 -479
-12 905
-79 -667
-713 70
502 -324
-552 -233
357 381
156 -479
-311 694
477 832
-332 -588
-369 843
235 -381
662 -537
-605 -620
-348 -466
31 690
309 156
887 -590
73 -147
56 -897
-412 -135
255 -510
616 -405
659 770
669 -540
758 512
-666 -77
58 -721
517 866
-893 774
984 112
593 -394
522 624
-182 -325
219 -203
874 275
-421 378
-837 480
73 291
-461 -818
895 870
256 -13
202 344
436 -439
266 840
657 -755
862 956
-428 -73
701 829
-270 -810
-123 -908
723 465
-123 -414
209 702
281 1
-736 161
-39 -19
-949 -412
-911 736
-414 233
414 -783
-266 -319
430 -486
432 -773
389 556
-922 556
-321 276
-36 705
-199 570
-966 582
-529 -770
130 931
-156 -559
702 604
-525 -619
11 -249
633 -443
-839 42
79 -653
766 842
-775 84
-402 516
-655 -933
-452 -358
-927 137
253 -386
-270 -640
-975 -130
920 -838
49 627
-214 -98
-888 -742
-237 -84
-958 895
523 -803
758 494
-909 957
-301 584
611 67
-981 -315
-349 359
691 -98
396 -575
199 -424
733 -447
-627 -143
-931 339
880 891
276 383
-310 809
489 -382
719 125
-39 -17
300 110
-467 -780
818 394
825 -660
-621 320
355 568
-279 570
-5 -179
698 797
852 844
-868 -63
-652 -924
-72 496
-976 -887
785 367
517 466
530 -18
646 884
441 320
-647 912
-603 810
513 349
561 364
586 902
-978 -976
-249 450
579 -859
555 -459
-747 -565
425 763
453 542
-931 974
-276 -303
-424 -467
-489 -832
397 172
962 692
-372 905
742 853
786 228
-444 418
861 603
990 703
-895 425
-328 -285
77 62
-190 656
634 -660
-734 -945
729 -715
-524 98
747 246
-431 56
-594 -910
-815 158
810 -737
18 -534
-864 -671
260 -489
-322 569
-598 192
610 -612
304 -290
629 -109
-323 -304
531 -90
681 957
-100 -8
459 60
-595 802
-134 -914
508 -801
800 -575
6 603
413 -860
-183 -389
402 330
209 -4
744 -913
100 219
756 -437
956 519
525 586
-248 761
776 472
-30 -880
-345 -561
431 797
-890 927
-7 978
994 623
-996 153
840 -568
610 -746
-702 -836
800 412
-720 905
-466 -127
-232 209
599 -526
478 598
693 772
483 631
762 240
525 -629
863 652
746 -320
-115 362
629 338
-434 -286
421 -995
881 591
232 578
575 378
67 42
209 -759
-569 812
254 -938
-61 -930
855 48
669 -466
-63 -525
-66 -514
278 598
-112 962
-853 504
-231 825
-337 138
-427 974
408 556
-634 -548
910 -24
779 563
-651 -289
-863 622
-772 -299
-627 960
856 173
-283 -862
-371 789
-750 286
674 -831
519 602
866 631
-226 -444
914 -658
504 800
806 85
337 -94
-542 853
-379 -931
339 711
213 -968
-262 820
-152 724
92 592
18 -97
-214 131
-26 694
146 749
-20 -836
291 248
145 -403
-671 474
-799 -333
-387 434
-778 883
274 -449
206 975
560 207
-562 715
-551 157
777 -595
909 -72
-433 453
790 -172
614 -128
452 -30
-918 349
-617 -689
-92 508
862 349
-100 -470
-942 -972
111 -451
-222 -601
191 -656
-579 -330
318 -241
-750 -488
-215 -80
-440 308
772 -106
701 -683
698 -58
735 794
-495 933
-659 -162
-256 856
-885 910
-335 122
168 178
-364 -5
896 -190
874 238
-431 -823
12 -945
543 822
831 215
54 -25
201 256
627 85
945 983
-335 -210
-871 934
37 -539
347 829
-710 -326
964 740
394 -711
-44 -815
-127 -364
689 -726
66 33
607 426
-921 -718
-304 628
-838 -858
763 538
772 -797
864 59
585 977
-155 -49
-512 -106
-344 642
-860 -220
516 -750
-740 -286
-80 -552
859 -131
426 -807
664 -547
-889 778
379 423
632 -218
-851 -505
-724 -320
685 -981
824 -233
657 494
87 -82
-12 -247
787 -313
-391 650
-673 -94
512 -14
523 -54
-288 816
-267 954
720 112
735 274
531 193
357 701
665 -359
924 399
-521 778
-774 239
-270 -590
136 520
47 260
-567 128
859 840
-57 261
-855 -652
-558 -980
-673 -41
-999 807
-256 -295
-844 714
23 -603
-472 573
649 627
632 -498
792 982
748 -849
23 -456
-349 585
-942 616
-824 -285
970 -97
-521 -169
-559 677
28 -451
858 88
-383 302
-578 102
228 553
-50 -129
458 -13
-931 -803
-522 514
538 -385
152 902
-722 -472
150 -740
-22 219
-789 931
543 243
467 507
-502 -492
739 -798
694 -396
-407 908
-352 -312
215 -266
553 47
926 617
606 463
301 463
-216 754
840 152
-557 447
295 554
207 664
-364 -309
-392 551
418 -163
71 -520
-834 814
326 -635
311 702
707 -747
-563 -226
28 962
988 268
6 -963
-874 -818
491 -685
-718 -382
-518 -324
599 -750
-387 376
375 857
-280 -663
235 983
887 -625
675 772
