174
69 56
17 109
169 38
33 12
130 89
142 125
125 119
137 25
19 26
107 77
56 71
78 40
159 125
100 99
3 4
102 11
133 168
36 119
47 60
147 107
90 46
19 39
35 81
29 5
48 131
50 33
61 46
8 53
20 21
129 54
11 3
3 1
40 9
4 17
13 82
138 136
60 110
115 54
18 34
17 118
12 37
117 90
60 151
80 47
105 165
55 1
74 99
127 17
134 32
95 33
45 161
48 93
8 101
35 48
84 122
84 92
120 86
157 79
11 47
136 154
79 11
32 76
6 22
93 124
149 132
73 58
160 86
33 162
25 153
56 24
3 12
65 128
135 105
15 5
8 170
75 68
62 24
105 22
68 38
45 59
67 29
20 143
141 166
2 5
107 172
145 134
3 20
43 44
13 1
42 133
39 156
37 43
136 85
138 152
30 15
62 108
91 2
85 29
52 112
140 33
16 87
86 81
91 103
148 127
72 50
123 17
38 121
28 155
5 6
10 23
59 163
23 24
64 1
34 84
70 63
47 126
36 49
66 39
19 98
1 14
16 2
28 54
42 10
47 141
37 77
32 94
164 141
16 57
6 7
97 58
41 36
158 64
2 27
16 45
119 146
71 96
139 5
48 167
116 18
171 150
35 15
74 33
3 36
83 144
14 46
89 150
62 132
16 88
58 41
34 38
52 32
20 28
18 8
1 9
9 89
7 8
31 3
60 113
114 66
31 173
174 50
32 2
25 14
7 65
24 51
19 1
42 83
5 10
65 104
94 106
1 2
62 63
76 111
