124
77 87
6 92
79 115
108 85
87 91
9 11
16 49
80 53
17 21
6 5
10 13
98 90
55 123
35 53
72 68
114 11
58 69
23 26
104 73
60 74
3 17
110 99
9 4
56 112
16 101
66 85
25 7
121 52
49 109
14 2
84 96
3 10
20 8
17 29
7 6
116 40
32 25
28 56
119 86
34 6
16 23
62 88
61 1
31 20
81 28
1 2
99 70
2 38
33 18
12 2
17 73
58 95
15 97
105 77
75 64
9 16
41 37
35 50
88 113
41 77
11 18
19 6
25 76
45 66
7 8
13 94
82 73
43 120
83 76
57 26
28 106
118 24
122 44
34 59
26 100
55 89
4 2
15 2
3 111
8 44
39 65
117 88
47 9
37 46
14 48
63 57
5 2
10 30
68 57
59 62
43 20
28 35
35 60
39 14
54 4
70 28
35 40
5 58
103 92
8 86
27 26
3 1
14 64
24 20
16 84
45 1
34 36
71 68
11 124
92 93
42 15
37 5
107 31
22 19
102 72
63 78
28 5
51 48
79 70
82 90
67 56
3 55
46 52
