188
165 84
186 148
2 23
20 27
136 53
42 40
28 62
182 103
30 29
8 5
31 53
36 87
5 1
10 12
23 106
80 2
130 66
69 145
167 75
91 80
101 187
32 24
26 2
128 107
17 147
174 159
40 57
155 23
16 9
6 9
2 103
101 121
51 65
188 106
34 37
86 20
92 14
156 17
75 5
23 43
89 77
118 9
149 80
117 14
126 11
137 53
17 3
6 14
175 149
65 69
77 5
5 41
44 90
36 181
7 2
68 168
107 40
23 179
63 171
66 15
85 98
178 126
3 15
18 1
2 1
185 144
94 43
86 158
161 31
10 24
133 78
25 38
184 118
78 71
73 143
160 118
11 6
70 3
29 13
114 60
51 39
33 8
112 75
138 3
5 162
2 141
12 34
61 28
26 64
44 34
54 40
45 48
21 52
105 140
115 27
17 173
31 17
127 139
71 8
35 58
102 8
93 183
105 127
135 27
35 85
41 146
63 53
148 116
101 7
7 28
56 116
85 180
14 60
166 89
111 39
67 4
124 70
99 19
115 177
119 85
172 167
37 45
65 120
84 23
21 132
134 117
170 75
109 98
100 60
153 34
159 5
48 104
81 50
40 49
30 88
22 18
96 70
59 17
67 125
30 154
113 71
111 131
77 152
95 41
47 29
59 79
6 4
110 107
3 76
74 97
151 10
108 71
10 3
25 39
15 19
59 157
11 20
4 1
176 116
147 150
18 46
6 40
14 36
35 2
28 55
116 163
79 83
23 68
64 74
4 56
63 169
1 3
2 25
13 11
105 71
99 144
73 6
123 71
97 129
30 82
164 117
21 12
54 93
75 142
24 72
50 13
80 122
