93
36 67
21 5
14 84
83 17
42 72
51 11
66 9
15 14
68 61
40 24
38 92
11 14
39 6
75 64
88 64
61 18
85 49
45 57
45 31
9 3
47 36
65 91
10 7
9 54
52 12
25 19
36 42
76 51
2 12
22 13
14 27
24 37
89 68
38 53
5 1
2 48
33 20
20 35
24 70
32 90
17 50
38 49
13 7
1 2
8 6
80 30
13 62
44 38
93 74
34 32
69 26
3 2
25 29
28 31
20 4
87 69
22 77
58 28
63 58
81 34
23 3
7 19
28 18
7 1
38 2
4 1
34 41
16 64
60 3
17 55
74 49
6 17
30 12
36 16
32 6
78 43
43 34
86 54
3 56
13 18
73 23
54 82
65 16
4 6
16 8
79 6
7 11
5 26
21 46
71 7
43 59
24 13
