127
19 10
104 65
100 30
19 119
98 49
19 51
28 9
43 61
3 14
107 56
113 30
120 37
24 86
9 15
34 62
18 33
79 41
3 4
56 2
37 95
38 116
26 2
49 59
52 51
48 10
81 46
34 43
90 52
80 30
9 10
108 34
121 64
22 46
34 109
13 8
123 105
48 58
96 95
14 101
126 60
67 38
32 110
6 42
73 1
38 32
27 12
111 95
6 118
124 48
53 52
12 88
90 102
5 6
78 76
14 70
76 49
89 106
44 14
53 99
11 45
32 54
3 32
17 3
2 72
37 8
74 35
34 33
4 60
45 115
6 21
18 7
23 39
65 33
1 12
31 55
30 27
40 21
24 84
83 8
54 93
50 19
1 3
97 79
6 75
1 36
57 14
11 89
56 122
67 77
127 52
1 8
112 117
20 7
7 6
20 71
103 37
12 16
2 1
68 14
41 33
23 31
64 7
112 62
25 4
9 24
94 47
92 59
83 105
30 125
9 11
63 18
1 5
43 85
35 16
66 40
91 11
5 23
37 82
69 32
114 21
9 4
11 49
47 45
87 60
29 9
1 22
