171
3 71
144 96
145 77
4 2
15 135
3 37
166 59
1 2
7 123
50 147
18 49
28 60
10 62
151 120
132 17
56 138
114 6
35 111
169 41
86 2
62 93
36 7
20 3
156 23
13 63
10 9
49 125
3 9
44 128
2 21
15 141
15 4
84 77
83 38
35 27
72 143
103 167
2 14
42 70
121 1
58 14
69 45
139 149
85 100
17 67
157 120
87 60
113 80
44 30
57 16
105 86
25 6
24 17
57 66
70 94
141 142
146 130
15 133
51 17
55 101
45 139
22 13
37 117
168 107
64 118
150 112
120 98
5 4
31 38
76 36
33 122
86 108
50 43
41 92
19 56
16 28
97 7
76 161
24 129
102 127
7 3
102 84
25 31
18 3
154 66
51 96
159 41
20 26
59 29
81 14
152 16
95 32
69 131
3 88
68 38
47 15
107 81
16 72
39 43
47 48
30 77
122 158
29 163
32 17
74 14
21 45
40 53
61 20
4 11
1 8
23 1
13 16
6 4
109 61
75 39
134 46
30 55
103 148
84 99
34 17
41 162
82 49
110 91
97 140
60 155
2 3
69 164
64 29
153 165
20 79
54 36
39 37
20 104
40 14
41 33
17 2
25 27
33 7
89 36
136 122
39 85
116 97
126 18
64 112
137 109
6 19
90 23
78 40
2 29
153 41
42 11
36 46
111 160
98 5
42 52
35 115
5 73
26 170
110 130
119 18
4 30
106 31
12 5
10 65
91 49
59 103
112 124
80 18
145 171
13 5
